0 0.401584 0.4819 0.0837104 0.0588235
0 0.432127 0.531674 0.0950226 0.0633484
0 0.484163 0.149321 0.0723982 0.0497738
0 0.395928 0.461538 0.0859729 0.0542986
0 0.447964 0.550905 0.0950226 0.0701357
0 0.423077 0.295249 0.0769231 0.061086
0 0.415158 0.504525 0.0972851 0.0678733
0 0.38914 0.420814 0.0904977 0.0588235
0 0.450226 0.263575 0.081448 0.0565611
0 0.390271 0.373303 0.0837104 0.0542986
0 0.476244 0.593891 0.0927602 0.0701357
0 0.402715 0.332579 0.0859729 0.0588235
0 0.464932 0.223982 0.0791855 0.0588235
0 0.522624 0.737557 0.0950226 0.0633484
0 0.477376 0.186652 0.081448 0.0520362
0 0.513575 0.861991 0.122172 0.0633484
0 0.519231 0.80543 0.106335 0.0723982
0 0.497738 0.635747 0.0995475 0.0633484
0 0.513575 0.680995 0.0950226 0.0633484
