0 0.5124309392265194 0.291015625 0.11464088397790055 0.02880859375
0 0.5124309392265194 0.318359375 0.10773480662983426 0.025390625
0 0.5096685082872928 0.34326171875 0.10773480662983426 0.02880859375
0 0.4972375690607735 0.36962890625 0.11049723756906077 0.025390625
0 0.47513812154696133 0.39306640625 0.11740331491712708 0.03369140625
0 0.457182320441989 0.41796875 0.11740331491712708 0.0341796875
0 0.4516574585635359 0.44921875 0.12430939226519337 0.03515625
0 0.44613259668508287 0.4794921875 0.13535911602209943 0.03125
0 0.44613259668508287 0.51025390625 0.14502762430939226 0.03173828125
0 0.4516574585635359 0.54736328125 0.1464088397790055 0.03369140625
0 0.4558011049723757 0.58203125 0.16022099447513813 0.03369140625
0 0.47651933701657456 0.6201171875 0.1643646408839779 0.0380859375
0 0.48756906077348067 0.6591796875 0.1712707182320442 0.037109375
0 0.49171270718232046 0.69873046875 0.1671270718232044 0.037109375
0 0.48480662983425415 0.73486328125 0.18646408839779005 0.03173828125
0 0.47790055248618785 0.7666015625 0.19060773480662985 0.02587890625
0 0.5069060773480663 0.26708984375 0.10911602209944751 0.0234375