0 0.46987951807228917 0.28271484375 0.1342512908777969 0.0283203125
0 0.46815834767641995 0.31103515625 0.12908777969018934 0.02490234375
0 0.46471600688468157 0.33642578125 0.1342512908777969 0.0234375
0 0.4578313253012048 0.35888671875 0.14285714285714285 0.029296875
0 0.459552495697074 0.38720703125 0.15834767641996558 0.02685546875
0 0.4664371772805508 0.4150390625 0.1549053356282272 0.02783203125
0 0.46987951807228917 0.443359375 0.16179001721170397 0.0283203125
0 0.47160068846815834 0.47412109375 0.16006884681583478 0.0283203125
0 0.459552495697074 0.5048828125 0.1703958691910499 0.03173828125
0 0.44922547332185886 0.5419921875 0.18588640275387264 0.03515625
0 0.43373493975903615 0.580078125 0.20481927710843373 0.03857421875
0 0.42512908777969016 0.62109375 0.20309810671256454 0.0400390625
0 0.4354561101549053 0.666015625 0.22030981067125646 0.0439453125
0 0.44922547332185886 0.7080078125 0.23924268502581755 0.03955078125
0 0.4509466437177281 0.75 0.2547332185886403 0.04052734375
0 0.4819277108433735 0.25537109375 0.16179001721170397 0.02490234375
0 0.4802065404475043 0.23095703125 0.14802065404475043 0.0244140625