0 0.5776223776223777 0.2545188080117245 0.14825174825174825 0.02979970688812897
0 0.5748251748251748 0.2804103566194431 0.14545454545454545 0.03126526624328285
0 0.5678321678321678 0.30434782608695654 0.13286713286713286 0.030776746458231558
0 0.551048951048951 0.3326819736199316 0.13146853146853146 0.032730825598436736
0 0.5118881118881119 0.35613092330239376 0.1062937062937063 0.030776746458231558
0 0.48671328671328673 0.3805569125549585 0.1006993006993007 0.030776746458231558
0 0.4783216783216783 0.40986809965803617 0.0965034965034965 0.025891548607718612
0 0.48391608391608393 0.4406448461162677 0.11048951048951049 0.02344894968246214
0 0.4951048951048951 0.4684904738641915 0.12727272727272726 0.02784562774792379
0 0.5272727272727272 0.5012212994626283 0.13706293706293707 0.030288226673180263
0 0.5608391608391609 0.5363947239863215 0.14125874125874127 0.03517342452369321
0 0.5706293706293706 0.5749877870053737 0.14405594405594405 0.03175378602833415
0 0.5594405594405595 0.6150464093795799 0.14825174825174825 0.03517342452369321
0 0.5356643356643357 0.6595017098192477 0.16223776223776223 0.04152418172936004
0 0.4979020979020979 0.6956521739130435 0.17902097902097902 0.040058622374206154
0 0.4797202797202797 0.7352222765021983 0.18321678321678322 0.04298974108451392
0 0.4881118881118881 0.7733268197361993 0.1986013986013986 0.04054714215925745