0 0.571830985915493 0.29457743038593065 0.14366197183098592 0.027357107962872496
0 0.5774647887323944 0.32095749877870056 0.14084507042253522 0.027357107962872496
0 0.5140845070422535 0.7542745481191988 0.2112676056338028 0.03712750366389839
0 0.543661971830986 0.721543722520762 0.20422535211267606 0.04787493893502687
0 0.5802816901408451 0.6751343429408891 0.17887323943661973 0.04689789936492428
0 0.5873239436619718 0.6297020029311187 0.18028169014084508 0.04201270151441133
0 0.5704225352112676 0.5911089399120665 0.18450704225352113 0.043478260869565216
0 0.528169014084507 0.5593551538837322 0.17464788732394365 0.04689789936492428
0 0.4676056338028169 0.5300439667806546 0.18028169014084508 0.040058622374206154
0 0.4169014084507042 0.5075720566682951 0.19154929577464788 0.03712750366389839
0 0.4253521126760563 0.4777723497801661 0.1619718309859155 0.02247191011235955
0 0.45774647887323944 0.45236932095749877 0.18169014084507043 0.02784562774792379
0 0.5070422535211268 0.43038593063019054 0.17746478873239438 0.028334147532975085
0 0.5774647887323944 0.3453834880312653 0.15211267605633802 0.027357107962872496
0 0.5591549295774648 0.37567171470444555 0.12816901408450704 0.024914509037616023
0 0.5492957746478874 0.3991206643869077 0.14366197183098592 0.027357107962872496
0 0.504225352112676 0.7850512945774304 0.20422535211267606 0.03224230581338544