0 0.4647137150466045 0.23193359375 0.1278295605858855 0.0244140625
0 0.47536617842876167 0.25341796875 0.14380825565912117 0.02587890625
0 0.4780292942743009 0.27783203125 0.13581890812250333 0.02783203125
0 0.4766977363515313 0.30078125 0.14247669773635152 0.0283203125
0 0.4793608521970706 0.3271484375 0.1478029294274301 0.03369140625
0 0.5019973368841545 0.3544921875 0.14647137150466044 0.03515625
0 0.5166444740346205 0.384765625 0.14913448735019974 0.03173828125
0 0.5246338215712384 0.41259765625 0.1384820239680426 0.03369140625
0 0.5565912117177098 0.4384765625 0.1611185086551265 0.03564453125
0 0.5912117177097204 0.46533203125 0.17709720372836218 0.03466796875
0 0.6018641810918774 0.4892578125 0.18641810918774968 0.03369140625
0 0.5805592543275633 0.51171875 0.1584553928095872 0.0341796875
0 0.5392809587217043 0.53662109375 0.14913448735019974 0.033203125
0 0.5126498002663116 0.56591796875 0.15978695073235685 0.0361328125
0 0.48601864181091875 0.595703125 0.16910785619174434 0.04296875
0 0.4780292942743009 0.6376953125 0.1810918774966711 0.0380859375
0 0.4780292942743009 0.6796875 0.20239680426098536 0.0341796875