0 0.5076335877862596 0.34375 0.16221374045801526 0.0234375
0 0.49809160305343514 0.369140625 0.15648854961832062 0.0263671875
0 0.49236641221374045 0.3935546875 0.14885496183206107 0.02294921875
0 0.48854961832061067 0.41796875 0.15458015267175573 0.0244140625
0 0.49236641221374045 0.443359375 0.19083969465648856 0.0234375
0 0.5076335877862596 0.47216796875 0.1851145038167939 0.02880859375
0 0.5190839694656488 0.5009765625 0.17938931297709923 0.029296875
0 0.5324427480916031 0.53125 0.2099236641221374 0.029296875
0 0.5477099236641222 0.56689453125 0.22900763358778625 0.03662109375
0 0.5648854961832062 0.6064453125 0.21183206106870228 0.03515625
0 0.5515267175572519 0.64306640625 0.21564885496183206 0.03369140625
0 0.5324427480916031 0.681640625 0.22709923664122136 0.037109375
0 0.5076335877862596 0.7236328125 0.25763358778625955 0.04150390625
0 0.5095419847328244 0.75732421875 0.26145038167938933 0.0322265625
0 0.5133587786259542 0.32080078125 0.15458015267175573 0.0302734375
0 0.5305343511450382 0.2958984375 0.13931297709923665 0.02734375
0 0.5381679389312977 0.27197265625 0.1736641221374046 0.025390625