0 0.40024783147459725 0.21250610649731314 0.11648079306071871 0.040058622374206154
0 0.35192069392812886 0.22862725940400586 0.11895910780669144 0.03761602344894968
0 0.3184634448574969 0.24425989252564728 0.10037174721189591 0.03321934538348803
0 0.29244114002478316 0.26477772349780165 0.12639405204460966 0.03712750366389839
0 0.27757125154894674 0.29018075232046897 0.13011152416356878 0.032730825598436736
0 0.2664188351920694 0.3160723009281876 0.13506815365551425 0.03321934538348803
0 0.2701363073110285 0.3463605276013679 0.161090458488228 0.03517342452369321
0 0.275092936802974 0.38446507083536885 0.15117719950433706 0.04152418172936004
0 0.30111524163568776 0.41914997557401074 0.15613382899628253 0.04738641914997557
0 0.3469640644361834 0.45578895945285786 0.14869888475836432 0.04787493893502687
0 0.40396530359355637 0.49047386419149974 0.15489467162329615 0.05276013678553981
0 0.45353159851301117 0.5271128480703469 0.1734820322180917 0.05862237420615535
0 0.4969021065675341 0.5686370297997069 0.1982651796778191 0.04934049829018075
0 0.516728624535316 0.6140693698094772 0.18835192069392812 0.051783097215437224
0 0.5328376703841388 0.6609672691744015 0.1821561338289963 0.04298974108451392
0 0.5365551425030979 0.6868588177821202 0.1895910780669145 0.03517342452369321
0 0.550185873605948 0.7210552027357108 0.19454770755885997 0.038104543234000976