0 0.40747044917257685 0.21029850746268655 0.14338061465721036 0.03636815920398011
0 0.41054373522458626 0.23816915422885573 0.14633569739952712 0.03405970149253733
0 0.4134751773049645 0.2619502487562189 0.14553191489361703 0.036308457711442796
0 0.4139952718676123 0.29227860696517416 0.15193853427895976 0.0404179104477612
0 0.3973049645390071 0.32338308457711445 0.15486997635933805 0.038955223880596995
0 0.3816075650118203 0.3569452736318408 0.1515602836879433 0.04086567164179109
0 0.3621749408983451 0.3851940298507463 0.1348699763593381 0.040925373134328355
0 0.3618912529550828 0.4212935323383084 0.17330969267139482 0.04418905472636813
0 0.36349881796690303 0.45766169154228853 0.1647990543735224 0.03867661691542289
0 0.3739952718676123 0.48954228855721393 0.1793617021276596 0.043731343283582136
0 0.3969739952718676 0.530139303482587 0.19163120567375888 0.046756218905472643
0 0.4141371158392435 0.5693830845771144 0.18671394799054378 0.04081592039800993
0 0.42683215130023644 0.6132935323383085 0.18886524822695033 0.041830845771144244
0 0.4436643026004728 0.6618706467661691 0.20007092198581558 0.041830845771144244
0 0.45486997635933807 0.7121293532338309 0.19366430260047285 0.05330348258706461
0 0.445177304964539 0.7616616915422886 0.1920567375886525 0.043850746268656655
0 0.44787234042553187 0.8039004975124378 0.203404255319149 0.046368159203980006