0 0.4566353187042842 0.69482421875 0.18286311389759666 0.03173828125
0 0.44932079414838033 0.6533203125 0.17345872518286312 0.0380859375
0 0.46499477533960293 0.609375 0.15778474399164055 0.04052734375
0 0.48171368861024033 0.57177734375 0.14211076280041798 0.0439453125
0 0.5120167189132706 0.54345703125 0.13793103448275862 0.04736328125
0 0.5694879832810867 0.51904296875 0.11598746081504702 0.04638671875
0 0.5914315569487983 0.47509765625 0.12852664576802508 0.033203125
0 0.5788923719958202 0.44677734375 0.10658307210031348 0.02734375
0 0.5778474399164054 0.4140625 0.10867293625914315 0.03369140625
0 0.5851619644723093 0.3857421875 0.109717868338558 0.0283203125
0 0.593521421107628 0.3544921875 0.10658307210031348 0.02978515625
0 0.6018808777429467 0.32373046875 0.1044932079414838 0.03125
0 0.6698014629049112 0.228515625 0.09195402298850575 0.0322265625
0 0.6468129571577848 0.2568359375 0.08568443051201671 0.0302734375
0 0.6217345872518286 0.28125 0.09822361546499478 0.02685546875
0 0.6071055381400209 0.302734375 0.10344827586206896 0.0283203125
0 0.4535005224660397 0.72314453125 0.17136886102403343 0.0283203125