0 0.3698224852071006 0.2353515625 0.21153846153846154 0.029296875
0 0.3772189349112426 0.26416015625 0.1849112426035503 0.02490234375
0 0.3831360946745562 0.28759765625 0.1819526627218935 0.0234375
0 0.38461538461538464 0.31298828125 0.20710059171597633 0.025390625
0 0.38461538461538464 0.33984375 0.22189349112426035 0.0244140625
0 0.386094674556213 0.36962890625 0.20562130177514792 0.0234375
0 0.39201183431952663 0.3994140625 0.19230769230769232 0.02783203125
0 0.39349112426035504 0.4287109375 0.15976331360946747 0.02880859375
0 0.4068047337278107 0.4609375 0.19822485207100593 0.02880859375
0 0.40236686390532544 0.49267578125 0.20562130177514792 0.029296875
0 0.3727810650887574 0.52587890625 0.21449704142011836 0.03173828125
0 0.3210059171597633 0.56298828125 0.21597633136094674 0.03759765625
0 0.28106508875739644 0.59814453125 0.24260355029585798 0.03759765625
0 0.2692307692307692 0.6416015625 0.27071005917159763 0.04296875
0 0.27514792899408286 0.6904296875 0.3076923076923077 0.03857421875
0 0.3136094674556213 0.740234375 0.3254437869822485 0.03955078125
0 0.3757396449704142 0.767578125 0.28846153846153844 0.04345703125