0 0.5455864811133201 0.16882751937984494 0.0776938369781313 0.02608527131782947
0 0.546441351888668 0.19407945736434107 0.08163021868787265 0.03134689922480623
0 0.5435188866799204 0.2251453488372093 0.07578528827037774 0.03761627906976744
0 0.5435188866799204 0.2579263565891473 0.08045725646123265 0.03249031007751935
0 0.5394234592445327 0.2858527131782946 0.07461232604373752 0.03476744186046511
0 0.49031809145129224 0.29839147286821704 0.00019880715705769927 0.0017054263565891385
0 0.5347514910536779 0.31806201550387597 0.08864811133200802 0.03761627906976749
0 0.5271570576540756 0.3531104651162791 0.08280318091451287 0.038187984496124
0 0.510934393638171 0.38589147286821707 0.09453280318091442 0.035339147286821734
0 0.5015904572564612 0.4220833333333333 0.10658051689860838 0.038187984496124
0 0.4859244532803181 0.4594186046511628 0.11990059642147118 0.03419573643410849
0 0.4665606361829026 0.5001744186046511 0.12775347912524848 0.045029069767441886
0 0.43610337972167 0.545203488372093 0.14059642147117302 0.04388565891472865
0 0.3999005964214712 0.5879457364341085 0.14779324055666 0.04844961240310078
0 0.3762226640159046 0.6372577519379845 0.16258449304174946 0.04902131782945728
0 0.37552683896620276 0.6862790697674419 0.1689662027833002 0.0456007751937984
0 0.3727833001988071 0.7370058139534884 0.19272365805168987 0.04787790697674427