0 0.46612107623318383 0.7827105517909002 0.1391928251121076 0.038789932236205166
0 0.46778026905829595 0.7449370764762826 0.14423766816143493 0.03366892545982572
0 0.4756726457399103 0.7042110358180058 0.12600896860986543 0.03575992255566317
0 0.46582959641255606 0.6650145208131656 0.13807174887892373 0.037415295256534455
0 0.45161434977578474 0.6267182962245885 0.13242152466367713 0.03591481122942876
0 0.4367488789237668 0.5921006776379477 0.13715246636771303 0.04042594385285575
0 0.41085201793721976 0.5585285575992256 0.12809417040358742 0.04026137463697959
0 0.39322869955156947 0.5291190706679575 0.11372197309417047 0.038528557599225514
0 0.3668161434977578 0.5004937076476282 0.10531390134529141 0.030367860600193506
0 0.35641255605381167 0.47446272991287514 0.09715246636771296 0.0271442400774443
0 0.3569506726457399 0.4478025169409487 0.1108071748878924 0.02498547918683441
0 0.36356502242152466 0.4234462729912875 0.1080941704035874 0.02640851887705709
0 0.37621076233183853 0.3989835430784124 0.09578475336322863 0.026844143272023252
0 0.3941928251121076 0.376892545982575 0.0945964125560538 0.03153920619554699
0 0.41818385650224216 0.3558180058083253 0.09573991031390132 0.03132623426911908
0 0.4424663677130045 0.33295256534365925 0.08988789237668156 0.02857696030977733
0 0.4630269058295964 0.31268151016456924 0.09091928251121079 0.026456921587608945