0 0.5386702849389416 0.25 0.12754409769335143 0.02978515625
0 0.5386702849389416 0.27880859375 0.13161465400271372 0.0263671875
0 0.5413839891451832 0.30517578125 0.12890094979647218 0.02880859375
0 0.5427408412483039 0.328125 0.13025780189959293 0.02880859375
0 0.5318860244233379 0.357421875 0.14246947082767977 0.03076171875
0 0.5278154681139756 0.38818359375 0.13297150610583447 0.03271484375
0 0.5237449118046132 0.4150390625 0.13161465400271372 0.02880859375
0 0.5264586160108549 0.4443359375 0.13432835820895522 0.03271484375
0 0.5332428765264586 0.47705078125 0.12618724559023067 0.02734375
0 0.5413839891451832 0.5107421875 0.1451831750339213 0.03076171875
0 0.5495251017639078 0.54638671875 0.14111261872455902 0.0322265625
0 0.5549525101763908 0.587890625 0.14789687924016282 0.03515625
0 0.55359565807327 0.63037109375 0.13975576662143827 0.0361328125
0 0.5454545454545454 0.677734375 0.16824966078697423 0.04296875
0 0.5291723202170964 0.72119140625 0.16824966078697423 0.04052734375
0 0.5115332428765265 0.75439453125 0.18317503392130258 0.0419921875
0 0.4830393487109905 0.79541015625 0.20081411126187246 0.04345703125