0 0.4320703933747412 0.1931003039513678 0.09600414078674949 0.02861195542046607
0 0.43819875776397516 0.2213373860182371 0.09886128364389234 0.026494427558257323
0 0.4405797101449276 0.25037487335359676 0.11002070393374738 0.03234042553191485
0 0.43819875776397516 0.28446808510638294 0.11002070393374738 0.0381864235055725
0 0.4234575569358178 0.3195339412360689 0.10283643892339547 0.036626139817629154
0 0.4131055900621118 0.35422492401215805 0.10443064182194617 0.0381864235055725
0 0.3987784679089027 0.38792299898682875 0.10283643892339547 0.036241134751773034
0 0.38445134575569356 0.4241641337386018 0.10124223602484467 0.0393617021276596
0 0.37888198757763975 0.46099290780141844 0.11716356107660462 0.03740628166160077
0 0.3848447204968944 0.5007396149949341 0.13548654244306418 0.04130699088145895
0 0.39399585921325053 0.544579533941236 0.12832298136645967 0.04559270516717325
0 0.4174741200828157 0.5930901722391084 0.14 0.05065856129685917
0 0.4349896480331263 0.6433637284701115 0.14637681159420288 0.04831813576494433
0 0.43300207039337474 0.6942147922998987 0.14399585921325053 0.04793313069908809
0 0.4138509316770186 0.7483485309017224 0.16163561076604555 0.05798378926038503
0 0.42942028985507247 0.16639311043566363 0.10337474120082817 0.02727456940222899
0 0.3897308488612837 0.795886524822695 0.1757971014492753 0.04954407294832836