0 0.5742753623188406 0.734375 0.2807971014492754 0.04150390625
0 0.6141304347826086 0.70068359375 0.24818840579710144 0.03759765625
0 0.6358695652173914 0.66845703125 0.21557971014492755 0.041015625
0 0.5344202898550725 0.23681640625 0.14673913043478262 0.02685546875
0 0.5778985507246377 0.62744140625 0.22644927536231885 0.03857421875
0 0.519927536231884 0.58984375 0.20833333333333334 0.04736328125
0 0.48188405797101447 0.5546875 0.21014492753623187 0.03515625
0 0.47101449275362317 0.51806640625 0.19746376811594202 0.03515625
0 0.47282608695652173 0.48486328125 0.2028985507246377 0.03076171875
0 0.48007246376811596 0.45166015625 0.19202898550724637 0.0302734375
0 0.4855072463768116 0.423828125 0.17753623188405798 0.029296875
0 0.4927536231884058 0.39208984375 0.17753623188405798 0.02685546875
0 0.5054347826086957 0.36572265625 0.16304347826086957 0.0263671875
0 0.5108695652173914 0.3369140625 0.1539855072463768 0.02685546875
0 0.5307971014492754 0.310546875 0.1503623188405797 0.02880859375
0 0.5398550724637681 0.2861328125 0.14673913043478262 0.02734375
0 0.5416666666666666 0.259765625 0.14855072463768115 0.02392578125