0 0.3572488038277512 0.23619554695062925 0.12284688995215316 0.03413359148112293
0 0.3530382775119617 0.2669215876089061 0.11777511961722492 0.02594385285575988
0 0.3471291866028708 0.2966118102613746 0.11272727272727273 0.026621490803484995
0 0.34882775119617226 0.3232333010648596 0.11610047846889945 0.025256534365924524
0 0.3336363636363637 0.35156824782187807 0.11947368421052632 0.030038722168441407
0 0.32688995215311 0.38433688286544043 0.11272727272727273 0.028673765730880933
0 0.3252153110047847 0.41675701839303 0.12284688995215316 0.026621490803484995
0 0.3361722488038278 0.4505517909002904 0.1211722488038277 0.03140367860600188
0 0.34124401913875596 0.4870764762826718 0.1279186602870814 0.027986447241045577
0 0.3530382775119617 0.5246176185866408 0.13464114832535878 0.030716360116166522
0 0.3733492822966507 0.5659438528557599 0.15172248803827754 0.04526621490803484
0 0.40624401913875596 0.6055179090029041 0.15330143540669852 0.046631171345595426
0 0.422200956937799 0.6468151016456921 0.1447607655502392 0.030716360116166522
0 0.4501196172248804 0.6959438528557599 0.15662679425837314 0.048644724104549855
0 0.4559090909090909 0.7409874152952566 0.14801435406698565 0.03758954501452074
0 0.4610287081339713 0.7843756050338819 0.16504784688995217 0.03822846079380446
0 0.3601674641148326 0.20778315585672796 0.11763157894736846 0.026969990319457904