0 0.5046854082998661 0.2265625 0.12182061579651941 0.025390625
0 0.5073627844712182 0.25146484375 0.12717536813922356 0.02783203125
0 0.5127175368139224 0.2783203125 0.12583668005354753 0.02685546875
0 0.5100401606425703 0.3037109375 0.11378848728246319 0.02685546875
0 0.5060240963855421 0.330078125 0.1285140562248996 0.02685546875
0 0.5087014725568942 0.357421875 0.10843373493975904 0.0234375
0 0.5113788487282463 0.3837890625 0.10575635876840696 0.0234375
0 0.5167336010709505 0.41162109375 0.11780455153949129 0.02392578125
0 0.5207496653279786 0.439453125 0.12717536813922356 0.02685546875
0 0.5194109772423026 0.46923828125 0.12717536813922356 0.0283203125
0 0.5153949129852744 0.5009765625 0.13654618473895583 0.03076171875
0 0.5100401606425703 0.53857421875 0.13520749665327977 0.03857421875
0 0.4939759036144578 0.576171875 0.14725568942436412 0.03759765625
0 0.47925033467202144 0.615234375 0.14859437751004015 0.03955078125
0 0.47925033467202144 0.658203125 0.1539491298527443 0.03759765625
0 0.47657295850066933 0.6943359375 0.17804551539491298 0.04052734375
0 0.4886211512717537 0.7333984375 0.19678714859437751 0.04052734375