0 0.5342657342657343 0.23106985832926233 0.14545454545454545 0.030776746458231558
0 0.5314685314685315 0.25598436736687835 0.13006993006993006 0.026380068392769906
0 0.5132867132867133 0.2804103566194431 0.14545454545454545 0.028334147532975085
0 0.5104895104895105 0.306790425012213 0.14405594405594405 0.028334147532975085
0 0.4881118881118881 0.3331704934049829 0.14965034965034965 0.03321934538348803
0 0.47692307692307695 0.3605276013678554 0.16083916083916083 0.0361504640937958
0 0.46153846153846156 0.39228138739618956 0.16083916083916083 0.03517342452369321
0 0.45734265734265733 0.42159257449926724 0.12867132867132866 0.02979970688812897
0 0.45734265734265733 0.4528578407425501 0.12447552447552447 0.025891548607718612
0 0.46013986013986014 0.4846116267708842 0.13146853146853146 0.02979970688812897
0 0.46293706293706294 0.5188080117244749 0.14545454545454545 0.03126526624328285
0 0.47132867132867134 0.5530043966780654 0.15664335664335666 0.03321934538348803
0 0.4853146853146853 0.5915974596971177 0.17342657342657342 0.034684904738641914
0 0.4951048951048951 0.6306790425012213 0.1916083916083916 0.03321934538348803
0 0.4965034965034965 0.67171470444553 0.17902097902097902 0.03419638495359062
0 0.4937062937062937 0.7205666829506595 0.17342657342657342 0.03761602344894968
0 0.4937062937062937 0.7591597459697118 0.23216783216783216 0.045432340009770394