0 0.565284178187404 0.24365234375 0.13517665130568357 0.02490234375
0 0.5683563748079877 0.26611328125 0.12749615975422426 0.02294921875
0 0.5637480798771122 0.29296875 0.12442396313364056 0.03076171875
0 0.5268817204301075 0.3212890625 0.130568356374808 0.03369140625
0 0.47465437788018433 0.34375 0.13671274961597543 0.0390625
0 0.40860215053763443 0.36572265625 0.12749615975422426 0.03857421875
0 0.37480798771121354 0.39111328125 0.14746543778801843 0.0322265625
0 0.37019969278033793 0.421875 0.1597542242703533 0.0302734375
0 0.4009216589861751 0.4501953125 0.15207373271889402 0.0419921875
0 0.4700460829493088 0.4765625 0.16436251920122888 0.044921875
0 0.5514592933947773 0.5009765625 0.1781874039938556 0.04541015625
0 0.6021505376344086 0.53515625 0.18433179723502305 0.044921875
0 0.6052227342549923 0.58056640625 0.18433179723502305 0.0478515625
0 0.565284178187404 0.623046875 0.19201228878648233 0.05078125
0 0.48540706605222733 0.6640625 0.2119815668202765 0.0595703125
0 0.42242703533026116 0.6953125 0.2196620583717358 0.04541015625
0 0.42089093701996927 0.7275390625 0.2304147465437788 0.0419921875