0 0.5311004784688995 0.736328125 0.17105263157894737 0.02783203125
0 0.4557416267942584 0.2998046875 0.11363636363636363 0.033203125
0 0.4354066985645933 0.32568359375 0.1255980861244019 0.03125
0 0.4138755980861244 0.35009765625 0.12320574162679426 0.03369140625
0 0.4007177033492823 0.3798828125 0.11961722488038277 0.03759765625
0 0.38995215311004783 0.41064453125 0.13157894736842105 0.03515625
0 0.39952153110047844 0.44384765625 0.1519138755980861 0.0361328125
0 0.4150717703349282 0.47900390625 0.14952153110047847 0.03662109375
0 0.44019138755980863 0.51708984375 0.15669856459330145 0.04296875
0 0.47129186602870815 0.55224609375 0.1507177033492823 0.05029296875
0 0.5059808612440191 0.5947265625 0.15550239234449761 0.04833984375
0 0.5287081339712919 0.640625 0.15789473684210525 0.04296875
0 0.5370813397129187 0.68017578125 0.15669856459330145 0.03955078125
0 0.534688995215311 0.7080078125 0.16626794258373206 0.03369140625
0 0.47368421052631576 0.27490234375 0.10885167464114832 0.0263671875
0 0.4784688995215311 0.2451171875 0.1076555023923445 0.03076171875
0 0.4784688995215311 0.22119140625 0.11244019138755981 0.02099609375