0 0.547112462006079 0.2236328125 0.13677811550151975 0.02734375
0 0.5440729483282675 0.251953125 0.13221884498480244 0.0244140625
0 0.5486322188449848 0.27978515625 0.1337386018237082 0.02392578125
0 0.5501519756838906 0.3076171875 0.12917933130699089 0.0244140625
0 0.5501519756838906 0.3359375 0.1337386018237082 0.02783203125
0 0.5486322188449848 0.36572265625 0.1337386018237082 0.02587890625
0 0.547112462006079 0.39599609375 0.12917933130699089 0.0263671875
0 0.5334346504559271 0.4267578125 0.13829787234042554 0.02783203125
0 0.5121580547112462 0.458984375 0.1519756838905775 0.02783203125
0 0.4969604863221885 0.4951171875 0.1580547112462006 0.033203125
0 0.48328267477203646 0.529296875 0.1717325227963526 0.0302734375
0 0.4726443768996961 0.568359375 0.18085106382978725 0.0322265625
0 0.4635258358662614 0.60791015625 0.1884498480243161 0.03125
0 0.4574468085106383 0.650390625 0.20212765957446807 0.03369140625
0 0.44680851063829785 0.69775390625 0.21124620060790272 0.0361328125
0 0.4513677811550152 0.73974609375 0.24164133738601823 0.03515625
0 0.4574468085106383 0.77099609375 0.2507598784194529 0.0390625