0 0.5253521126760563 0.23583984375 0.12535211267605634 0.0263671875
0 0.5253521126760563 0.2587890625 0.11267605633802817 0.025390625
0 0.5366197183098591 0.283203125 0.11126760563380282 0.0244140625
0 0.5394366197183098 0.306640625 0.10704225352112676 0.0234375
0 0.5422535211267606 0.33154296875 0.11267605633802817 0.02099609375
0 0.5450704225352113 0.3564453125 0.11971830985915492 0.021484375
0 0.5549295774647888 0.3828125 0.15352112676056337 0.029296875
0 0.5535211267605634 0.41064453125 0.15211267605633802 0.0322265625
0 0.5563380281690141 0.44091796875 0.17746478873239438 0.0302734375
0 0.5549295774647888 0.47265625 0.1647887323943662 0.03125
0 0.5633802816901409 0.505859375 0.14788732394366197 0.03271484375
0 0.5774647887323944 0.54052734375 0.1647887323943662 0.0390625
0 0.5943661971830986 0.57861328125 0.16338028169014085 0.03515625
0 0.5901408450704225 0.62255859375 0.19154929577464788 0.0478515625
0 0.5647887323943662 0.66796875 0.19859154929577466 0.0556640625
0 0.5084507042253521 0.7099609375 0.223943661971831 0.05029296875
0 0.46901408450704224 0.74755859375 0.21830985915492956 0.0478515625