0 0.5163636363636364 0.23876953125 0.23636363636363636 0.02099609375
0 0.5327272727272727 0.263671875 0.19636363636363635 0.02294921875
0 0.5472727272727272 0.28857421875 0.1690909090909091 0.0205078125
0 0.5363636363636364 0.3095703125 0.18181818181818182 0.0244140625
0 0.5236363636363637 0.3359375 0.16545454545454547 0.0224609375
0 0.5109090909090909 0.36181640625 0.18727272727272729 0.0234375
0 0.49272727272727274 0.38818359375 0.20727272727272728 0.0234375
0 0.4818181818181818 0.4140625 0.20727272727272728 0.02685546875
0 0.5036363636363637 0.44189453125 0.23636363636363636 0.02490234375
0 0.5181818181818182 0.47021484375 0.22545454545454546 0.0283203125
0 0.5363636363636364 0.50048828125 0.22 0.0302734375
0 0.5436363636363636 0.5322265625 0.24 0.0302734375
0 0.5490909090909091 0.568359375 0.24181818181818182 0.037109375
0 0.5563636363636364 0.60888671875 0.2581818181818182 0.037109375
0 0.5436363636363636 0.64892578125 0.26545454545454544 0.0361328125
0 0.5018181818181818 0.6845703125 0.2309090909090909 0.0302734375
0 0.4781818181818182 0.71826171875 0.21636363636363637 0.02978515625