0 0.5157232704402516 0.2197265625 0.14779874213836477 0.02490234375
0 0.5157232704402516 0.2470703125 0.12264150943396226 0.02099609375
0 0.5078616352201258 0.27197265625 0.13050314465408805 0.02490234375
0 0.49842767295597484 0.29833984375 0.11949685534591195 0.0234375
0 0.47641509433962265 0.32373046875 0.12421383647798742 0.02490234375
0 0.45754716981132076 0.3525390625 0.1430817610062893 0.02685546875
0 0.44654088050314467 0.3818359375 0.13679245283018868 0.02685546875
0 0.4449685534591195 0.412109375 0.13679245283018868 0.02978515625
0 0.449685534591195 0.443359375 0.13836477987421383 0.02880859375
0 0.46226415094339623 0.4755859375 0.14465408805031446 0.0283203125
0 0.4811320754716981 0.5107421875 0.16037735849056603 0.0322265625
0 0.4937106918238994 0.55029296875 0.15723270440251572 0.03076171875
0 0.5078616352201258 0.591796875 0.16823899371069181 0.03759765625
0 0.5125786163522013 0.63818359375 0.18081761006289307 0.03857421875
0 0.5078616352201258 0.6845703125 0.1871069182389937 0.0419921875
0 0.4968553459119497 0.72412109375 0.17452830188679244 0.033203125
0 0.4921383647798742 0.76806640625 0.19339622641509435 0.0390625