0 0.5507246376811594 0.21240234375 0.13043478260869565 0.02734375
0 0.5555555555555556 0.23779296875 0.13687600644122383 0.02490234375
0 0.5636070853462157 0.26123046875 0.13526570048309178 0.02490234375
0 0.5636070853462157 0.28564453125 0.13365539452495975 0.02587890625
0 0.5636070853462157 0.3134765625 0.13687600644122383 0.0302734375
0 0.5603864734299517 0.34033203125 0.1320450885668277 0.02880859375
0 0.5652173913043478 0.3681640625 0.14653784219001612 0.02880859375
0 0.5700483091787439 0.3955078125 0.143317230273752 0.0283203125
0 0.5668276972624798 0.42626953125 0.1497584541062802 0.02880859375
0 0.5652173913043478 0.4560546875 0.1642512077294686 0.0341796875
0 0.5539452495974235 0.490234375 0.18035426731078905 0.0341796875
0 0.5394524959742351 0.52392578125 0.19484702093397746 0.03662109375
0 0.5297906602254429 0.5654296875 0.20611916264090177 0.04052734375
0 0.5265700483091788 0.6064453125 0.20611916264090177 0.04052734375
0 0.5217391304347826 0.65185546875 0.2222222222222222 0.04052734375
0 0.5152979066022544 0.69873046875 0.22705314009661837 0.044921875
0 0.5104669887278583 0.7392578125 0.2528180354267311 0.03955078125