0 0.5338078291814946 0.2568359375 0.15480427046263345 0.029296875
0 0.5338078291814946 0.28564453125 0.13345195729537365 0.025390625
0 0.5266903914590747 0.31103515625 0.11921708185053381 0.0244140625
0 0.5088967971530249 0.3349609375 0.1298932384341637 0.02099609375
0 0.48576512455516013 0.35791015625 0.1298932384341637 0.02392578125
0 0.46619217081850534 0.38427734375 0.14768683274021352 0.02490234375
0 0.45195729537366547 0.412109375 0.14412811387900357 0.02490234375
0 0.45373665480427045 0.43994140625 0.1423487544483986 0.02587890625
0 0.4679715302491103 0.47119140625 0.15480427046263345 0.02587890625
0 0.48398576512455516 0.5029296875 0.1708185053380783 0.02587890625
0 0.498220640569395 0.53564453125 0.17793594306049823 0.02685546875
0 0.5088967971530249 0.5703125 0.18683274021352314 0.03271484375
0 0.5160142348754448 0.60888671875 0.19217081850533807 0.033203125
0 0.5142348754448398 0.650390625 0.2099644128113879 0.0400390625
0 0.498220640569395 0.69775390625 0.22419928825622776 0.04248046875
0 0.4875444839857651 0.744140625 0.23843416370106763 0.037109375
0 0.4893238434163701 0.78466796875 0.28825622775800713 0.0439453125