0 0.38071274298056157 0.24974670719351572 0.07738660907127426 0.03546099290780142
0 0.37144708423326134 0.2793414387031408 0.0846004319654428 0.03618034447821686
0 0.36552915766738664 0.31155015197568386 0.0821166306695464 0.0367274569402229
0 0.359438444924406 0.3466970618034448 0.08617710583153343 0.03483282674772036
0 0.3567386609071274 0.38247213779128675 0.10237580993520513 0.0367274569402229
0 0.35133909287257015 0.41635258358662613 0.1131749460043196 0.03609929078014184
0 0.3567386609071274 0.4552988855116515 0.12667386609071268 0.037993920972644375
0 0.36483801295896323 0.4955015197568389 0.1428509719222462 0.04242147922998987
0 0.3736069114470842 0.5316008105369808 0.1442116630669546 0.04368794326241124
0 0.4147732181425486 0.5737082066869301 0.15365010799136067 0.040526849037487336
0 0.4174730021598272 0.6196149949341438 0.14825053995680343 0.04876393110435675
0 0.38440604751619867 0.660466058763931 0.15231101511879044 0.04939209726443769
0 0.3479697624190065 0.6968693009118541 0.16041036717062632 0.05508611955420455
0 0.31112311015118793 0.7365957446808511 0.17308855291576672 0.048419452887537955
0 0.3877969762419007 0.22131712259371833 0.07807775377969757 0.03483282674772036
0 0.39090712742980566 0.19328267477203648 0.086133909287257 0.026494427558257323
0 0.3078401727861771 0.7774164133738601 0.15593952483801293 0.03662613981762927