0 0.5062586926286509 0.2916463116756229 0.1070931849791377 0.023937469467513434
0 0.48956884561891517 0.3136297020029311 0.11126564673157163 0.025403028822667317
0 0.46453407510431155 0.3336590131900342 0.11265646731571627 0.02979970688812897
0 0.44367176634214184 0.35710796287249635 0.12517385257301808 0.032730825598436736
0 0.4019471488178025 0.3771372740595994 0.13212795549374132 0.032730825598436736
0 0.3796940194714882 0.4000977039570103 0.12100139082058414 0.02979970688812897
0 0.36995827538247567 0.4255007327796776 0.13073713490959665 0.03321934538348803
0 0.36022253129346316 0.4513922813873962 0.14325452016689846 0.027357107962872496
0 0.3657858136300417 0.47923790913532 0.1376912378303199 0.02784562774792379
0 0.3908205841446453 0.509037616023449 0.14186369958275383 0.03957010258915486
0 0.41863699582753827 0.5412799218368344 0.15438108484005564 0.04250122129946263
0 0.44089012517385257 0.5759648265754763 0.14603616133518776 0.043478260869565216
0 0.4728789986091794 0.6106497313141183 0.1599443671766342 0.04201270151441133
0 0.4951321279554937 0.6472887151929653 0.15577190542420027 0.03419638495359062
0 0.502086230876217 0.6795310210063508 0.16689847009735745 0.028334147532975085
0 0.5006954102920723 0.7112848070346849 0.16828929068150209 0.0356619443087445
0 0.5132127955493742 0.26722032242305815 0.11961057023643949 0.021983390327308255