0 0.4096153846153846 0.70751953125 0.4596153846153846 0.04345703125
0 0.5019230769230769 0.7568359375 0.37884615384615383 0.03955078125
0 0.36923076923076925 0.66015625 0.45576923076923076 0.0419921875
0 0.35 0.615234375 0.3942307692307692 0.04150390625
0 0.38846153846153847 0.57470703125 0.37884615384615383 0.04052734375
0 0.4096153846153846 0.53369140625 0.325 0.03515625
0 0.45576923076923076 0.50439453125 0.29423076923076924 0.0380859375
0 0.4634615384615385 0.466796875 0.2980769230769231 0.029296875
0 0.46153846153846156 0.435546875 0.2826923076923077 0.0283203125
0 0.4442307692307692 0.40478515625 0.2519230769230769 0.0263671875
0 0.43846153846153846 0.37353515625 0.24807692307692308 0.029296875
0 0.4346153846153846 0.3525390625 0.22115384615384615 0.02783203125
0 0.4442307692307692 0.32421875 0.23846153846153847 0.02685546875
0 0.4423076923076923 0.2998046875 0.26153846153846155 0.02490234375
0 0.4423076923076923 0.267578125 0.23846153846153847 0.0283203125
0 0.4326923076923077 0.23828125 0.25 0.025390625
0 0.425 0.21240234375 0.21923076923076923 0.0263671875