0 0.4802158273381295 0.740234375 0.27697841726618705 0.03271484375
0 0.45143884892086333 0.6611328125 0.2931654676258993 0.0322265625
0 0.4712230215827338 0.70068359375 0.32014388489208634 0.0322265625
0 0.49640287769784175 0.24755859375 0.23381294964028776 0.02294921875
0 0.45863309352517984 0.6201171875 0.30035971223021585 0.03369140625
0 0.4658273381294964 0.578125 0.29676258992805754 0.03173828125
0 0.4802158273381295 0.54248046875 0.28776978417266186 0.0322265625
0 0.5053956834532374 0.50537109375 0.2841726618705036 0.02880859375
0 0.5215827338129496 0.4736328125 0.24100719424460432 0.02734375
0 0.5107913669064749 0.44091796875 0.23201438848920863 0.0283203125
0 0.5053956834532374 0.41064453125 0.24100719424460432 0.0283203125
0 0.5071942446043165 0.38232421875 0.24280575539568344 0.0283203125
0 0.512589928057554 0.3515625 0.20863309352517986 0.029296875
0 0.5143884892086331 0.32177734375 0.19964028776978418 0.02587890625
0 0.5233812949640287 0.29736328125 0.2068345323741007 0.02197265625
0 0.5107913669064749 0.2734375 0.2014388489208633 0.0205078125
0 0.4892086330935252 0.7783203125 0.22302158273381295 0.03466796875