0 0.4348738170347003 0.19328474246841593 0.11812302839116717 0.03127308066083577
0 0.4484542586750789 0.2265014577259475 0.114589905362776 0.025500485908649183
0 0.4442586750788644 0.25905733722060253 0.11736593059936903 0.021827016520894107
0 0.44134069400630915 0.2926044703595724 0.12006309148264985 0.02766763848396504
0 0.43854889589905366 0.32977648202137994 0.11432176656151423 0.032604470359572355
0 0.43686119873817036 0.36604470359572405 0.09870662460567829 0.027891156462585078
0 0.43974763406940065 0.4015937803692906 0.0915930599369086 0.02667638483965019
0 0.44848580441640373 0.4341496598639456 0.10906940063091479 0.0247230320699709
0 0.4738958990536277 0.4685519922254616 0.11246056782334378 0.028211856171039818
0 0.49323343848580437 0.5135471331389699 0.12321766561514197 0.035685131195335305
0 0.5236119873817036 0.5608843537414966 0.1309779179810725 0.03579203109815347
0 0.5287066246056782 0.598600583090379 0.11045741324921131 0.025257531584062205
0 0.528186119873817 0.6324489795918367 0.13175078864353307 0.0345092322643343
0 0.5345583596214512 0.6709232264334305 0.13053627760252365 0.034091350826044635
0 0.48738170347003157 0.7086297376093293 0.16310725552050467 0.047434402332361465
0 0.4579179810725552 0.7513022351797862 0.14190851735015778 0.038386783284742466
0 0.454384858044164 0.7944023323615161 0.1614195583596215 0.04575315840621956