0 0.4669312169312169 0.2861328125 0.10449735449735449 0.029296875
0 0.4642857142857143 0.31298828125 0.10582010582010581 0.02685546875
0 0.4669312169312169 0.3388671875 0.10978835978835978 0.03125
0 0.4669312169312169 0.36767578125 0.11507936507936507 0.029296875
0 0.4748677248677249 0.3974609375 0.1111111111111111 0.02392578125
0 0.4656084656084656 0.42626953125 0.12169312169312169 0.02978515625
0 0.4669312169312169 0.45703125 0.1111111111111111 0.0302734375
0 0.46296296296296297 0.48828125 0.11243386243386243 0.03173828125
0 0.458994708994709 0.51904296875 0.12566137566137567 0.03173828125
0 0.455026455026455 0.55322265625 0.1283068783068783 0.03759765625
0 0.455026455026455 0.59228515625 0.14417989417989419 0.041015625
0 0.4523809523809524 0.63427734375 0.14682539682539683 0.0439453125
0 0.45634920634920634 0.6796875 0.16005291005291006 0.0419921875
0 0.46164021164021163 0.72802734375 0.1693121693121693 0.04541015625
0 0.4656084656084656 0.77392578125 0.17063492063492064 0.0439453125
0 0.4708994708994709 0.82080078125 0.17724867724867724 0.041015625
0 0.4656084656084656 0.8623046875 0.17063492063492064 0.03466796875