0 0.424390243902439 0.16259765625 0.17235772357723578 0.0322265625
0 0.43577235772357725 0.1884765625 0.17886178861788618 0.03076171875
0 0.43902439024390244 0.2158203125 0.16260162601626016 0.0341796875
0 0.43414634146341463 0.244140625 0.1772357723577236 0.037109375
0 0.416260162601626 0.27197265625 0.17073170731707318 0.037109375
0 0.39186991869918697 0.29931640625 0.16910569105691056 0.03857421875
0 0.35772357723577236 0.3310546875 0.18048780487804877 0.03955078125
0 0.33658536585365856 0.35986328125 0.1772357723577236 0.04052734375
0 0.3284552845528455 0.390625 0.183739837398374 0.03369140625
0 0.3333333333333333 0.421875 0.1951219512195122 0.03466796875
0 0.35609756097560974 0.45849609375 0.22601626016260162 0.0390625
0 0.3886178861788618 0.49462890625 0.22764227642276422 0.0439453125
0 0.44390243902439025 0.5322265625 0.22764227642276422 0.04736328125
0 0.5056910569105691 0.572265625 0.23739837398373984 0.0498046875
0 0.5560975609756098 0.61279296875 0.26504065040650404 0.0419921875
0 0.5804878048780487 0.65380859375 0.26666666666666666 0.03955078125
0 0.5788617886178862 0.6943359375 0.2634146341463415 0.04150390625