0 0.4584221748400853 0.71240234375 0.19402985074626866 0.03564453125
0 0.4669509594882729 0.6689453125 0.17057569296375266 0.0361328125
0 0.47547974413646055 0.62744140625 0.18336886993603413 0.03369140625
0 0.48187633262260127 0.58984375 0.16631130063965885 0.03564453125
0 0.488272921108742 0.55517578125 0.1439232409381663 0.029296875
0 0.5010660980810234 0.5224609375 0.1460554371002132 0.02685546875
0 0.5042643923240938 0.48779296875 0.1396588486140725 0.02880859375
0 0.5074626865671642 0.4580078125 0.12153518123667377 0.0263671875
0 0.5085287846481876 0.427734375 0.11194029850746269 0.02587890625
0 0.5074626865671642 0.4013671875 0.12366737739872068 0.02392578125
0 0.502132196162047 0.37158203125 0.12260127931769722 0.02392578125
0 0.4989339019189765 0.345703125 0.10341151385927505 0.02490234375
0 0.5 0.3203125 0.11087420042643924 0.02197265625
0 0.5 0.29541015625 0.11940298507462686 0.02392578125
0 0.4978678038379531 0.2685546875 0.1279317697228145 0.02099609375
0 0.488272921108742 0.24169921875 0.13646055437100213 0.02294921875
0 0.453091684434968 0.74755859375 0.18017057569296374 0.0390625