0 0.6091205211726385 0.2216796875 0.16123778501628663 0.02490234375
0 0.6026058631921825 0.24609375 0.14169381107491857 0.03173828125
0 0.5960912052117264 0.27001953125 0.13843648208469056 0.025390625
0 0.5879478827361564 0.29443359375 0.14006514657980457 0.02880859375
0 0.5830618892508144 0.32080078125 0.14169381107491857 0.03125
0 0.5667752442996743 0.34716796875 0.13843648208469056 0.03173828125
0 0.5472312703583062 0.37548828125 0.14006514657980457 0.033203125
0 0.5276872964169381 0.40478515625 0.1498371335504886 0.03662109375
0 0.509771986970684 0.43505859375 0.1270358306188925 0.02734375
0 0.511400651465798 0.466796875 0.1449511400651466 0.02880859375
0 0.5228013029315961 0.50146484375 0.16449511400651465 0.03076171875
0 0.5374592833876222 0.5390625 0.17263843648208468 0.0341796875
0 0.5521172638436482 0.5791015625 0.16775244299674266 0.03515625
0 0.5407166123778502 0.62109375 0.17263843648208468 0.03759765625
0 0.504885993485342 0.6650390625 0.21661237785016288 0.04736328125
0 0.47068403908794787 0.7119140625 0.2182410423452769 0.0498046875
0 0.42996742671009774 0.7490234375 0.23452768729641693 0.0478515625