0 0.5447154471544715 0.29150390625 0.14471544715447154 0.029296875
0 0.5463414634146342 0.26611328125 0.14308943089430895 0.02880859375
0 0.5382113821138211 0.3173828125 0.13333333333333333 0.029296875
0 0.5121951219512195 0.341796875 0.13658536585365855 0.03466796875
0 0.4894308943089431 0.36767578125 0.15609756097560976 0.03515625
0 0.4504065040650406 0.39306640625 0.14471544715447154 0.03564453125
0 0.4292682926829268 0.41845703125 0.14471544715447154 0.03564453125
0 0.40487804878048783 0.447265625 0.15772357723577235 0.0263671875
0 0.3934959349593496 0.47705078125 0.16910569105691056 0.0380859375
0 0.4016260162601626 0.51318359375 0.183739837398374 0.03662109375
0 0.416260162601626 0.54833984375 0.1951219512195122 0.04052734375
0 0.43089430894308944 0.58740234375 0.2032520325203252 0.048828125
0 0.45691056910569106 0.6298828125 0.22439024390243903 0.0458984375
0 0.47804878048780486 0.67626953125 0.22926829268292684 0.04638671875
0 0.4959349593495935 0.71875 0.23902439024390243 0.04833984375
0 0.5024390243902439 0.748046875 0.25365853658536586 0.0439453125
0 0.5414634146341464 0.240234375 0.14796747967479676 0.0244140625