0 0.4847605224963715 0.27197265625 0.1204644412191582 0.029296875
0 0.4760522496371553 0.3017578125 0.11030478955007257 0.02685546875
0 0.4818577648766328 0.33056640625 0.12191582002902758 0.02880859375
0 0.4833091436865022 0.35400390625 0.1204644412191582 0.02880859375
0 0.49056603773584906 0.380859375 0.1378809869375907 0.03125
0 0.5079825834542816 0.40966796875 0.14078374455732948 0.02685546875
0 0.5239477503628447 0.439453125 0.14368650217706821 0.02685546875
0 0.5297532656023222 0.47119140625 0.14513788098693758 0.03271484375
0 0.5152394775036284 0.501953125 0.15239477503628446 0.03955078125
0 0.5094339622641509 0.53857421875 0.15820029027576196 0.04248046875
0 0.49927431059506533 0.578125 0.18287373004354138 0.0419921875
0 0.49056603773584906 0.62353515625 0.18722786647314948 0.044921875
0 0.49056603773584906 0.66845703125 0.193033381712627 0.0439453125
0 0.4833091436865022 0.71142578125 0.20609579100145137 0.044921875
0 0.4818577648766328 0.751953125 0.19738751814223512 0.03369140625
0 0.4949201741654572 0.2490234375 0.11320754716981132 0.02685546875
0 0.49201741654571846 0.2265625 0.11465892597968069 0.0244140625