0 0.5061946902654867 0.62353515625 0.26371681415929205 0.041015625
0 0.504424778761062 0.66845703125 0.25309734513274335 0.037109375
0 0.48849557522123893 0.71533203125 0.25486725663716814 0.04150390625
0 0.4831858407079646 0.7607421875 0.2938053097345133 0.037109375
0 0.504424778761062 0.58251953125 0.24424778761061947 0.0361328125
0 0.49380530973451325 0.5439453125 0.26371681415929205 0.03515625
0 0.479646017699115 0.50732421875 0.2247787610619469 0.029296875
0 0.4654867256637168 0.47412109375 0.2247787610619469 0.0263671875
0 0.44778761061946903 0.44384765625 0.21238938053097345 0.02880859375
0 0.4300884955752212 0.41357421875 0.184070796460177 0.02294921875
0 0.4283185840707965 0.3857421875 0.18761061946902655 0.0234375
0 0.44601769911504424 0.3603515625 0.17345132743362832 0.0244140625
0 0.4725663716814159 0.3359375 0.15221238938053097 0.0244140625
0 0.48849557522123893 0.31103515625 0.15575221238938053 0.025390625
0 0.49380530973451325 0.28759765625 0.18230088495575222 0.02490234375
0 0.511504424778761 0.2646484375 0.16106194690265488 0.0234375
0 0.4831858407079646 0.7919921875 0.27079646017699116 0.0361328125