0 0.5186480186480187 0.2041015625 0.10372960372960373 0.0224609375
0 0.5233100233100233 0.22607421875 0.10722610722610723 0.02294921875
0 0.5268065268065268 0.25146484375 0.10023310023310024 0.02734375
0 0.5209790209790209 0.27978515625 0.10023310023310024 0.0283203125
0 0.5151515151515151 0.30810546875 0.0979020979020979 0.03173828125
0 0.506993006993007 0.3369140625 0.09207459207459208 0.03271484375
0 0.4988344988344988 0.3662109375 0.09906759906759907 0.03271484375
0 0.48951048951048953 0.3974609375 0.10023310023310024 0.0322265625
0 0.493006993006993 0.42724609375 0.10955710955710955 0.03466796875
0 0.4988344988344988 0.458984375 0.11771561771561771 0.033203125
0 0.5058275058275058 0.4931640625 0.1247086247086247 0.04052734375
0 0.5198135198135199 0.53076171875 0.1351981351981352 0.04443359375
0 0.5268065268065268 0.5673828125 0.13752913752913754 0.04052734375
0 0.5221445221445221 0.611328125 0.15384615384615385 0.046875
0 0.4976689976689977 0.6572265625 0.16783216783216784 0.05126953125
0 0.4627039627039627 0.7001953125 0.17482517482517482 0.0546875
0 0.4405594405594406 0.740234375 0.16317016317016317 0.0439453125