0 0.6183628318584071 0.21875 0.0918141592920354 0.033203125
0 0.581858407079646 0.24560546875 0.10508849557522124 0.041015625
0 0.5387168141592921 0.267578125 0.10398230088495575 0.0390625
0 0.5033185840707964 0.29296875 0.11172566371681415 0.0419921875
0 0.47345132743362833 0.32373046875 0.11172566371681415 0.0400390625
0 0.45464601769911506 0.35400390625 0.10730088495575221 0.04248046875
0 0.45353982300884954 0.38525390625 0.11836283185840708 0.04052734375
0 0.4469026548672566 0.42041015625 0.13606194690265486 0.0390625
0 0.4424778761061947 0.46044921875 0.13163716814159293 0.04150390625
0 0.43473451327433627 0.5009765625 0.13274336283185842 0.04638671875
0 0.40486725663716816 0.54296875 0.1504424778761062 0.05126953125
0 0.3860619469026549 0.59033203125 0.1592920353982301 0.0654296875
0 0.3672566371681416 0.6416015625 0.1670353982300885 0.05029296875
0 0.3573008849557522 0.68212890625 0.1515486725663717 0.0419921875
0 0.3639380530973451 0.72216796875 0.17809734513274336 0.0419921875
0 0.6493362831858407 0.19775390625 0.10176991150442478 0.03125
0 0.6736725663716814 0.17333984375 0.09292035398230089 0.03271484375