0 0.5362694300518135 0.58642578125 0.19041450777202074 0.0361328125
0 0.5349740932642487 0.62744140625 0.19170984455958548 0.03515625
0 0.5349740932642487 0.67431640625 0.20207253886010362 0.0419921875
0 0.5064766839378239 0.7138671875 0.2189119170984456 0.0361328125
0 0.5349740932642487 0.54736328125 0.1800518134715026 0.033203125
0 0.5246113989637305 0.51123046875 0.16709844559585493 0.02880859375
0 0.5246113989637305 0.4794921875 0.15932642487046633 0.02880859375
0 0.5155440414507773 0.44580078125 0.15544041450777202 0.03125
0 0.5155440414507773 0.41552734375 0.15284974093264247 0.02783203125
0 0.5142487046632125 0.38525390625 0.13601036269430053 0.02880859375
0 0.5155440414507773 0.3544921875 0.11528497409326424 0.025390625
0 0.5129533678756477 0.328125 0.11917098445595854 0.02392578125
0 0.5116580310880829 0.30029296875 0.12694300518134716 0.0283203125
0 0.5168393782383419 0.2744140625 0.11658031088082901 0.02490234375
0 0.5207253886010362 0.25048828125 0.11269430051813471 0.021484375
0 0.5233160621761658 0.2255859375 0.11398963730569948 0.02197265625
0 0.47538860103626945 0.7451171875 0.22150259067357514 0.04345703125