0 0.48643006263048016 0.29311187103077674 0.162839248434238 0.024425989252564728
0 0.5031315240083507 0.3165608207132389 0.162839248434238 0.024425989252564728
0 0.5260960334029228 0.34147532975085493 0.1732776617954071 0.0268685881778212
0 0.5448851774530271 0.3683439179286761 0.17954070981210857 0.02979970688812897
0 0.5448851774530271 0.3976551050317538 0.19206680584551147 0.02979970688812897
0 0.5490605427974948 0.432828529555447 0.21294363256784968 0.0361504640937958
0 0.5636743215031316 0.46555935515388375 0.21085594989561587 0.02979970688812897
0 0.5678496868475992 0.4948705422569614 0.20668058455114824 0.03126526624328285
0 0.5636743215031316 0.525647288715193 0.20876826722338204 0.03321934538348803
0 0.55741127348643 0.5593551538837322 0.22755741127348644 0.0356619443087445
0 0.5511482254697286 0.5950170981924768 0.23799582463465555 0.038104543234000976
0 0.5386221294363257 0.6321446018563752 0.2630480167014614 0.040058622374206154
0 0.5219206680584552 0.6736687835857352 0.2567849686847599 0.04201270151441133
0 0.5010438413361169 0.7137274059599413 0.267223382045929 0.04592085979482169
0 0.5052192066805845 0.7596482657547631 0.27139874739039666 0.043478260869565216
0 0.5093945720250522 0.7972642892037127 0.2860125260960334 0.0356619443087445
0 0.48643006263048016 0.26917440156326333 0.17536534446764093 0.026380068392769906