0 0.5145631067961165 0.26416015625 0.12944983818770225 0.03759765625
0 0.5048543689320388 0.291015625 0.12135922330097088 0.025390625
0 0.5 0.31640625 0.12944983818770225 0.03076171875
0 0.4935275080906149 0.34423828125 0.13268608414239483 0.02783203125
0 0.4886731391585761 0.37158203125 0.13915857605177995 0.03125
0 0.49029126213592233 0.400390625 0.1262135922330097 0.02783203125
0 0.4967637540453074 0.43017578125 0.13592233009708737 0.02880859375
0 0.5 0.45849609375 0.1488673139158576 0.033203125
0 0.5097087378640777 0.49267578125 0.14563106796116504 0.033203125
0 0.5307443365695793 0.52880859375 0.16828478964401294 0.03515625
0 0.5550161812297735 0.56640625 0.16181229773462782 0.03759765625
0 0.5631067961165048 0.60302734375 0.16828478964401294 0.04443359375
0 0.558252427184466 0.6474609375 0.1779935275080906 0.044921875
0 0.540453074433657 0.6962890625 0.1925566343042071 0.0556640625
0 0.5064724919093851 0.734375 0.23300970873786409 0.029296875
0 0.5275080906148867 0.236328125 0.1262135922330097 0.02392578125