0 0.5614266842800528 0.315095261358085 0.12549537648612946 0.030288226673180263
0 0.5627476882430648 0.3424523693209575 0.11096433289299867 0.03175378602833415
0 0.5468956406869221 0.3688324377137274 0.11492734478203434 0.033707865168539325
0 0.5402906208718626 0.394723986321446 0.11624834874504623 0.03419638495359062
0 0.5204755614266843 0.4240351734245237 0.12549537648612946 0.03517342452369321
0 0.512549537648613 0.4538348803126527 0.12549537648612946 0.02979970688812897
0 0.5112285336856011 0.48412310698583294 0.1334214002642008 0.030288226673180263
0 0.5099075297225891 0.5153883732291158 0.130779392338177 0.03419638495359062
0 0.512549537648613 0.550561797752809 0.1334214002642008 0.032730825598436736
0 0.5257595772787318 0.5847581827063996 0.16248348745046234 0.03663898387884709
0 0.5336856010568032 0.6233512457254519 0.166446499339498 0.03663898387884709
0 0.5297225891677675 0.6653639472398633 0.1690885072655218 0.04103566194430874
0 0.5138705416116248 0.7049340498290181 0.190224570673712 0.048851978505129456
0 0.4900924702774108 0.7489008304836345 0.1928665785997358 0.04836345872007816
0 0.47688243064729197 0.7889594528578407 0.19815059445178335 0.045432340009770394
0 0.5587846763540291 0.29115779189057156 0.12285336856010567 0.026380068392769906
0 0.5561426684280053 0.268685881778212 0.13474240422721268 0.025403028822667317