0 0.5635062611806798 0.2109375 0.1735241502683363 0.0302734375
0 0.5617173524150268 0.23681640625 0.1556350626118068 0.029296875
0 0.5420393559928444 0.26513671875 0.16100178890876565 0.03271484375
0 0.516994633273703 0.28955078125 0.17889087656529518 0.03466796875
0 0.481216457960644 0.31494140625 0.18246869409660108 0.03759765625
0 0.4347048300536673 0.34130859375 0.18962432915921287 0.0380859375
0 0.40250447227191416 0.3681640625 0.18425760286225404 0.03515625
0 0.39713774597495527 0.3974609375 0.1967799642218247 0.0341796875
0 0.40250447227191416 0.42529296875 0.19856887298747763 0.03271484375
0 0.4347048300536673 0.458984375 0.23076923076923078 0.0400390625
0 0.4740608228980322 0.4951171875 0.24150268336314848 0.04248046875
0 0.5116279069767442 0.53271484375 0.25402504472271914 0.0478515625
0 0.5456171735241503 0.57470703125 0.2039355992844365 0.0390625
0 0.5509838998211091 0.623046875 0.22361359570661896 0.04150390625
0 0.5295169946332737 0.67041015625 0.23792486583184258 0.0458984375
0 0.49016100178890876 0.71875 0.2522361359570662 0.0498046875
0 0.48300536672629696 0.7578125 0.2808586762075134 0.0458984375