0 0.5281456953642384 0.578125 0.2599337748344371 0.03515625
0 0.5579470198675497 0.619140625 0.25662251655629137 0.033203125
0 0.5761589403973509 0.6640625 0.2781456953642384 0.03759765625
0 0.5877483443708609 0.71484375 0.2814569536423841 0.04248046875
0 0.5066225165562914 0.54150390625 0.2847682119205298 0.03173828125
0 0.46688741721854304 0.50634765625 0.29635761589403975 0.03125
0 0.4337748344370861 0.47314453125 0.2764900662251656 0.0283203125
0 0.4155629139072848 0.44091796875 0.24503311258278146 0.02880859375
0 0.3973509933774834 0.40869140625 0.20860927152317882 0.02783203125
0 0.4205298013245033 0.3818359375 0.20033112582781457 0.03076171875
0 0.4519867549668874 0.35546875 0.2152317880794702 0.0283203125
0 0.48509933774834435 0.330078125 0.22350993377483444 0.03173828125
0 0.5248344370860927 0.30712890625 0.23013245033112584 0.02734375
0 0.5397350993377483 0.28076171875 0.2119205298013245 0.02490234375
0 0.5496688741721855 0.2568359375 0.19205298013245034 0.025390625
0 0.5447019867549668 0.232421875 0.19701986754966888 0.0224609375
0 0.5778145695364238 0.75439453125 0.2781456953642384 0.04052734375