0 0.45125925925925925 0.20066666666666666 0.08809259259259268 0.026909090909090896
0 0.4588333333333334 0.226989898989899 0.08962962962962959 0.030151515151515176
0 0.4635925925925926 0.2544343434343434 0.07624074074074078 0.025696969696969753
0 0.4698703703703703 0.2824141414141414 0.07205555555555561 0.025696969696969753
0 0.471962962962963 0.31496969696969696 0.07624074074074066 0.030272727272727302
0 0.4766851851851852 0.34894949494949495 0.0772777777777778 0.03083838383838381
0 0.4772037037037037 0.3820808080808081 0.07833333333333325 0.0274141414141414
0 0.4819259259259259 0.41434343434343435 0.08564814814814815 0.030272727272727302
0 0.482962962962963 0.44747474747474747 0.08564814814814815 0.030272727272727302
0 0.4824444444444444 0.484020202020202 0.08879629629629639 0.032555555555555574
0 0.471962962962963 0.5208585858585858 0.09716666666666672 0.034262626262626335
0 0.4468518518518519 0.561949494949495 0.11994444444444441 0.051161616161616255
0 0.4175740740740741 0.6013939393939394 0.1346666666666667 0.05124242424242426
0 0.40596296296296297 0.6476464646464646 0.1346851851851852 0.04902020202020199
0 0.4081111111111111 0.6953333333333334 0.12440740740740742 0.04168686868686867
0 0.43579629629629635 0.7405050505050506 0.14816666666666664 0.052949494949495024
0 0.4624814814814815 0.7901818181818182 0.16375925925925938 0.055242424242424294