0 0.4996621621621622 0.2537245392822502 0.10197635135135136 0.026013579049466586
0 0.5000506756756756 0.2784190106692532 0.09994932432432425 0.026896217264791484
0 0.4912331081081081 0.31192046556741027 0.09917229729729736 0.03306498545101846
0 0.48393581081081083 0.3385935984481086 0.09045608108108101 0.035266731328807
0 0.4866216216216216 0.3698933074684772 0.10043918918918925 0.037914645974781794
0 0.48469594594594595 0.39723569350145493 0.09506756756756753 0.0343840931134821
0 0.4823986486486486 0.4311833171677983 0.11809121621621617 0.038797284190106696
0 0.4724155405405406 0.46513094083414164 0.12270270270270268 0.04584869059165857
0 0.46626689189189185 0.5010572259941805 0.1257770270270271 0.041881668283220236
0 0.44554054054054054 0.5482347235693502 0.12143581081081078 0.04629485935984483
0 0.43979729729729733 0.5914354995150339 0.12680743243243234 0.047177497575169834
0 0.4428547297297298 0.6328806983511154 0.1390878378378379 0.050698351115421904
0 0.4731756756756757 0.6824830261881668 0.15494932432432434 0.05996120271580983
0 0.4946790540540541 0.7254607177497575 0.15956081081081086 0.04893307468477211
0 0.5008108108108108 0.22771096023278373 0.10427364864864867 0.02777885548011638
0 0.4936317567567568 0.7628322017458778 0.1589864864864865 0.047225994180407425
0 0.5033783783783784 0.7988554801163918 0.15398648648648644 0.050746847720659495