0 0.4506172839506173 0.2099609375 0.16666666666666666 0.03271484375
0 0.4567901234567901 0.24462890625 0.15637860082304528 0.03955078125
0 0.4444444444444444 0.27099609375 0.15843621399176955 0.0341796875
0 0.4279835390946502 0.29833984375 0.18106995884773663 0.03466796875
0 0.4012345679012346 0.3271484375 0.18724279835390947 0.03271484375
0 0.38271604938271603 0.35498046875 0.19753086419753085 0.03271484375
0 0.3662551440329218 0.38525390625 0.19753086419753085 0.0322265625
0 0.3724279835390947 0.41796875 0.2222222222222222 0.0341796875
0 0.38477366255144035 0.453125 0.24074074074074073 0.03271484375
0 0.4053497942386831 0.4873046875 0.24897119341563786 0.03466796875
0 0.4218106995884774 0.5205078125 0.24074074074074073 0.0419921875
0 0.4382716049382716 0.5654296875 0.26954732510288065 0.04248046875
0 0.4609053497942387 0.609375 0.26954732510288065 0.04296875
0 0.46296296296296297 0.6552734375 0.28600823045267487 0.04296875
0 0.4691358024691358 0.6923828125 0.2777777777777778 0.03515625
0 0.4547325102880658 0.185546875 0.18106995884773663 0.02587890625
0 0.4691358024691358 0.71630859375 0.24279835390946503 0.02734375