0 0.4861111111111111 0.24365234375 0.1047008547008547 0.02490234375
0 0.4829059829059829 0.26416015625 0.08974358974358974 0.0205078125
0 0.4797008547008547 0.28857421875 0.0876068376068376 0.02587890625
0 0.47435897435897434 0.31494140625 0.08333333333333333 0.02734375
0 0.4658119658119658 0.34228515625 0.09081196581196581 0.02734375
0 0.4583333333333333 0.36865234375 0.08974358974358974 0.025390625
0 0.4561965811965812 0.3994140625 0.10256410256410256 0.03466796875
0 0.4583333333333333 0.431640625 0.09935897435897435 0.02783203125
0 0.4583333333333333 0.4609375 0.09935897435897435 0.02490234375
0 0.46047008547008544 0.49462890625 0.1014957264957265 0.02783203125
0 0.46474358974358976 0.52734375 0.11004273504273504 0.0283203125
0 0.47435897435897434 0.5625 0.11645299145299146 0.03076171875
0 0.4732905982905983 0.6005859375 0.11004273504273504 0.02880859375
0 0.4775641025641026 0.64208984375 0.11858974358974358 0.033203125
0 0.48183760683760685 0.68212890625 0.13034188034188035 0.03466796875
0 0.4829059829059829 0.724609375 0.14102564102564102 0.03466796875
0 0.4797008547008547 0.7646484375 0.16773504273504272 0.0380859375