0 0.6051103368176539 0.76904296875 0.16608594657375145 0.04638671875
0 0.6260162601626016 0.734375 0.16840882694541232 0.04443359375
0 0.6399535423925667 0.69580078125 0.14982578397212543 0.04443359375
0 0.6364692218350755 0.65380859375 0.15795586527293845 0.041015625
0 0.6480836236933798 0.6201171875 0.14285714285714285 0.03857421875
0 0.6480836236933798 0.58154296875 0.14982578397212543 0.029296875
0 0.6399535423925667 0.54833984375 0.13008130081300814 0.0302734375
0 0.6376306620209059 0.515625 0.12195121951219512 0.02783203125
0 0.6248548199767712 0.4873046875 0.11498257839721254 0.0263671875
0 0.6178861788617886 0.46044921875 0.1173054587688734 0.02587890625
0 0.6074332171893148 0.43359375 0.10336817653890824 0.02490234375
0 0.6039488966318235 0.40771484375 0.10685249709639953 0.0244140625
0 0.5969802555168409 0.38232421875 0.10336817653890824 0.02734375
0 0.5900116144018583 0.35986328125 0.10104529616724739 0.02099609375
0 0.586527293844367 0.33642578125 0.11149825783972125 0.02392578125
0 0.586527293844367 0.31103515625 0.11265969802555169 0.025390625
0 0.5807200929152149 0.28466796875 0.12775842044134728 0.0263671875