0 0.5247524752475248 0.494140625 0.26732673267326734 0.0302734375
0 0.5123762376237624 0.52783203125 0.2722772277227723 0.0263671875
0 0.4801980198019802 0.56201171875 0.3193069306930693 0.03125
0 0.45792079207920794 0.60009765625 0.3564356435643564 0.03125
0 0.42574257425742573 0.640625 0.3415841584158416 0.033203125
0 0.43564356435643564 0.67822265625 0.36386138613861385 0.02978515625
0 0.5 0.7197265625 0.349009900990099 0.03955078125
0 0.5247524752475248 0.46533203125 0.2698019801980198 0.02587890625
0 0.5148514851485149 0.435546875 0.24752475247524752 0.02587890625
0 0.4975247524752475 0.40771484375 0.26732673267326734 0.0244140625
0 0.4975247524752475 0.3798828125 0.26732673267326734 0.0263671875
0 0.48514851485148514 0.35107421875 0.22524752475247525 0.0234375
0 0.4801980198019802 0.326171875 0.2376237623762376 0.0234375
0 0.4752475247524752 0.302734375 0.22524752475247525 0.021484375
0 0.4777227722772277 0.27783203125 0.23514851485148514 0.0244140625
0 0.47277227722772275 0.25390625 0.24257425742574257 0.0224609375