0 0.5207726269315672 0.6028989898989899 0.1693818984547462 0.04096969696969691
0 0.5311258278145695 0.645979797979798 0.16483443708609274 0.03759595959595962
0 0.5422075055187638 0.6917777777777778 0.17439293598233996 0.03821212121212114
0 0.5469094922737306 0.7368787878787879 0.1648785871964681 0.0403232323232324
0 0.5393377483443709 0.780969696969697 0.15604856512141269 0.0346565656565656
0 0.4990066225165563 0.5632525252525252 0.15739514348785863 0.03386868686868684
0 0.4773951434878587 0.5243434343434343 0.16470198675496692 0.03258585858585858
0 0.470485651214128 0.489020202020202 0.15088300220750556 0.0297979797979798
0 0.45615894039735094 0.46032323232323236 0.13169977924944806 0.02727272727272727
0 0.45130242825607064 0.42816161616161613 0.12198675496688739 0.03082828282828281
0 0.46158940397350995 0.39822222222222226 0.11728476821192052 0.028696969696969665
0 0.4802869757174393 0.3734343434343434 0.1328476821192053 0.03107070707070706
0 0.5381015452538631 0.27016161616161616 0.11390728476821196 0.025020202020202
0 0.5476158940397351 0.3128585858585859 0.11889624724061813 0.027989898989899026
0 0.5174392935982339 0.34339393939393936 0.10949227373068438 0.026272727272727264
0 0.5467108167770419 0.2895656565656566 0.11130242825607067 0.026272727272727264
0 0.5336644591611479 0.8146262626262627 0.1525165562913908 0.036242424242424354