0 0.5089605734767025 0.2314453125 0.16308243727598568 0.02685546875
0 0.5125448028673835 0.255859375 0.13440860215053763 0.0234375
0 0.5125448028673835 0.2822265625 0.12724014336917563 0.02197265625
0 0.5125448028673835 0.30859375 0.12544802867383512 0.02685546875
0 0.507168458781362 0.3359375 0.12903225806451613 0.02392578125
0 0.503584229390681 0.3642578125 0.13440860215053763 0.02587890625
0 0.5017921146953405 0.392578125 0.13620071684587814 0.02587890625
0 0.5053763440860215 0.42138671875 0.13440860215053763 0.02490234375
0 0.5197132616487455 0.451171875 0.15053763440860216 0.0263671875
0 0.5412186379928315 0.48291015625 0.16487455197132617 0.02685546875
0 0.5806451612903226 0.51513671875 0.1881720430107527 0.03173828125
0 0.6129032258064516 0.55224609375 0.1989247311827957 0.03515625
0 0.6290322580645161 0.59228515625 0.1989247311827957 0.0361328125
0 0.6111111111111112 0.63427734375 0.2168458781362007 0.03955078125
0 0.553763440860215 0.6767578125 0.23476702508960573 0.04443359375
0 0.492831541218638 0.71142578125 0.2132616487455197 0.0380859375
0 0.44623655913978494 0.74951171875 0.22939068100358423 0.03662109375