0 0.5287539936102237 0.1983390327308256 0.12140575079872204 0.022960429897410845
0 0.5223642172523961 0.22178798241328773 0.12300319488817892 0.025891548607718612
0 0.5175718849840255 0.24719101123595505 0.11980830670926518 0.02784562774792379
0 0.5191693290734825 0.27357107962872496 0.1182108626198083 0.029311187103077674
0 0.5159744408945687 0.30190522716170004 0.11661341853035144 0.02882266731802638
0 0.512779552715655 0.3302393746946751 0.11182108626198083 0.029311187103077674
0 0.5111821086261981 0.3600390815828041 0.12460063897763578 0.02979970688812897
0 0.512779552715655 0.3903273082559844 0.12460063897763578 0.030288226673180263
0 0.5143769968051118 0.42061553492916465 0.12779552715654952 0.02979970688812897
0 0.5271565495207667 0.4504152418172936 0.13738019169329074 0.030288226673180263
0 0.5319488817891374 0.47972642892037126 0.14217252396166133 0.033707865168539325
0 0.5399361022364217 0.5129457743038593 0.15335463258785942 0.03224230581338544
0 0.5415335463258786 0.5481191988275526 0.17252396166134185 0.03761602344894968
0 0.5191693290734825 0.5872007816316561 0.17891373801916932 0.04054714215925745
0 0.4936102236421725 0.6287249633610161 0.1853035143769968 0.04298974108451392
0 0.4712460063897764 0.6702491450903761 0.19329073482428116 0.043478260869565216
0 0.4584664536741214 0.7073766487542745 0.1853035143769968 0.0356619443087445