0 0.5750452079566004 0.30532486565705913 0.1410488245931284 0.03126526624328285
0 0.5424954792043399 0.33170493404982904 0.15551537070524413 0.03224230581338544
0 0.5063291139240507 0.3585735222276502 0.162748643761302 0.03321934538348803
0 0.4918625678119349 0.38544211040547144 0.14466546112115733 0.032730825598436736
0 0.4864376130198915 0.41719589643380556 0.15551537070524413 0.03419638495359062
0 0.49547920433996384 0.44650708353688323 0.15913200723327306 0.033707865168539325
0 0.5099457504520796 0.4777723497801661 0.16817359855334538 0.038104543234000976
0 0.5226039783001808 0.512457254518808 0.18625678119349007 0.03663898387884709
0 0.5316455696202531 0.5495847581827064 0.20614828209764918 0.0361504640937958
0 0.5298372513562387 0.5896433805569126 0.20433996383363473 0.03712750366389839
0 0.5117540687160941 0.6311675622862726 0.20253164556962025 0.043478260869565216
0 0.48282097649186256 0.6702491450903761 0.21880650994575046 0.04787493893502687
0 0.4376130198915009 0.7542745481191988 0.24593128390596744 0.0356619443087445
0 0.45207956600361665 0.714704445530044 0.23688969258589512 0.04689789936492428
0 0.593128390596745 0.2789447972642892 0.15009041591320071 0.028334147532975085
0 0.6094032549728752 0.25158768930141673 0.14828209764918626 0.025891548607718612
0 0.6112115732368897 0.22765021983390327 0.1410488245931284 0.025403028822667317