0 0.5460030165912518 0.27197265625 0.10558069381598793 0.0322265625
0 0.5475113122171946 0.29931640625 0.1297134238310709 0.03125
0 0.5460030165912518 0.32373046875 0.13122171945701358 0.03369140625
0 0.5475113122171946 0.3505859375 0.1282051282051282 0.03369140625
0 0.5399698340874811 0.3828125 0.15082956259426847 0.037109375
0 0.5128205128205128 0.412109375 0.138763197586727 0.02880859375
0 0.5113122171945701 0.44140625 0.14479638009049775 0.03271484375
0 0.5233785822021116 0.47509765625 0.16440422322775264 0.03369140625
0 0.5294117647058824 0.5087890625 0.1493212669683258 0.03466796875
0 0.5535444947209653 0.54443359375 0.1870286576168929 0.03466796875
0 0.5580693815987934 0.57861328125 0.18250377073906485 0.04150390625
0 0.5475113122171946 0.619140625 0.18552036199095023 0.0439453125
0 0.5173453996983409 0.66357421875 0.2096530920060332 0.05322265625
0 0.4781297134238311 0.70703125 0.21568627450980393 0.04638671875
0 0.4720965309200603 0.74951171875 0.22926093514328807 0.04345703125
0 0.5399698340874811 0.2431640625 0.11613876319758673 0.02685546875
0 0.5429864253393665 0.2177734375 0.13122171945701358 0.02294921875