0 0.5711159737417943 0.3017578125 0.20350109409190373 0.03759765625
0 0.5689277899343544 0.33251953125 0.19693654266958424 0.03515625
0 0.5579868708971554 0.36376953125 0.22319474835886213 0.03759765625
0 0.5492341356673961 0.39404296875 0.212253829321663 0.03759765625
0 0.5470459518599562 0.42919921875 0.23851203501094093 0.0380859375
0 0.5404814004376368 0.462890625 0.23194748358862144 0.03662109375
0 0.5470459518599562 0.4990234375 0.26695842450765866 0.0361328125
0 0.5492341356673961 0.53759765625 0.26914660831509846 0.03759765625
0 0.5579868708971554 0.57861328125 0.2888402625820569 0.04296875
0 0.5754923413566739 0.62353515625 0.3150984682713348 0.0458984375
0 0.5929978118161926 0.669921875 0.31291028446389496 0.0458984375
0 0.6017505470459519 0.71923828125 0.31072210065645517 0.04833984375
0 0.5733041575492341 0.7685546875 0.3304157549234136 0.04736328125
0 0.5229759299781181 0.80859375 0.3238512035010941 0.03173828125
0 0.47045951859956237 0.84228515625 0.3150984682713348 0.04296875
0 0.5667396061269147 0.2724609375 0.20787746170678337 0.0302734375
0 0.562363238512035 0.24462890625 0.212253829321663 0.02685546875