0 0.4761290322580645 0.8076453488372093 0.2152043010752688 0.04976744186046502
0 0.4832688172043011 0.7544186046511627 0.2073763440860215 0.04679263565891469
0 0.4952258064516129 0.7045639534883721 0.21408602150537637 0.044651162790697606
0 0.49040860215053766 0.6515891472868217 0.2188602150537634 0.0493410852713179
0 0.49058064516129035 0.5997383720930232 0.21092473118279578 0.04913759689922484
0 0.4813548387096775 0.5510562015503877 0.18417204301075266 0.04526162790697678
0 0.4800215053763441 0.5033720930232558 0.1839354838709678 0.04091085271317832
0 0.4858494623655913 0.4610658914728682 0.18060215053763445 0.03937015503875969
0 0.481225806451613 0.4274903100775194 0.18202150537634407 0.042083333333333285
0 0.4821075268817204 0.38880813953488375 0.18376344086021515 0.03763565891472871
0 0.4918709677419355 0.35926356589147285 0.1656559139784947 0.03506782945736439
0 0.5104086021505376 0.32925387596899225 0.14987096774193548 0.03817829457364339
0 0.531505376344086 0.2976356589147287 0.1538709677419355 0.03911821705426357
0 0.5666881720430107 0.26476744186046514 0.15270967741935482 0.04273255813953491
0 0.5843225806451613 0.23135658914728682 0.14782795698924733 0.036366279069767415
0 0.590774193548387 0.20037790697674418 0.13563440860215065 0.030920542635658937
0 0.592967741935484 0.1713953488372093 0.1349462365591398 0.0305329457364341