0 0.43429286608260326 0.24853515625 0.11889862327909888 0.0244140625
0 0.4380475594493116 0.2744140625 0.10387984981226533 0.025390625
0 0.4380475594493116 0.3017578125 0.10012515644555695 0.02587890625
0 0.4355444305381727 0.33056640625 0.09762202753441802 0.02783203125
0 0.43178973717146435 0.35888671875 0.10387984981226533 0.0302734375
0 0.42428035043804757 0.38720703125 0.10012515644555695 0.02880859375
0 0.4142678347934919 0.41748046875 0.1113892365456821 0.02734375
0 0.409261576971214 0.44775390625 0.1251564455569462 0.0302734375
0 0.40175219023779724 0.47802734375 0.12265331664580725 0.029296875
0 0.3967459324155194 0.51123046875 0.12265331664580725 0.033203125
0 0.39173967459324155 0.5439453125 0.12891113892365458 0.02978515625
0 0.3954943679599499 0.57958984375 0.1376720901126408 0.0361328125
0 0.39424280350438046 0.6220703125 0.13266583229036297 0.0390625
0 0.4167709637046308 0.6669921875 0.14893617021276595 0.04296875
0 0.47058823529411764 0.71337890625 0.18648310387984982 0.037109375
0 0.5031289111389237 0.7529296875 0.1702127659574468 0.0361328125
0 0.5143929912390488 0.7919921875 0.18523153942428036 0.03857421875