0 0.5608856088560885 0.17041015625 0.18450184501845018 0.0341796875
0 0.5535055350553506 0.19677734375 0.17712177121771217 0.0322265625
0 0.5295202952029521 0.22216796875 0.17158671586715868 0.0361328125
0 0.4907749077490775 0.25244140625 0.17896678966789667 0.03515625
0 0.4483394833948339 0.27734375 0.1900369003690037 0.03564453125
0 0.4114391143911439 0.3017578125 0.1900369003690037 0.0380859375
0 0.3837638376383764 0.32861328125 0.20848708487084872 0.04052734375
0 0.35608856088560886 0.359375 0.1992619926199262 0.03466796875
0 0.3671586715867159 0.38916015625 0.22509225092250923 0.03369140625
0 0.39114391143911437 0.421875 0.24723247232472326 0.0380859375
0 0.4188191881918819 0.45703125 0.2564575645756458 0.04248046875
0 0.4483394833948339 0.49755859375 0.2656826568265683 0.0478515625
0 0.466789667896679 0.54150390625 0.27490774907749077 0.04541015625
0 0.477859778597786 0.59033203125 0.25276752767527677 0.04296875
0 0.4833948339483395 0.64111328125 0.2878228782287823 0.048828125
0 0.470479704797048 0.6962890625 0.2915129151291513 0.05078125
0 0.47232472324723246 0.7509765625 0.3154981549815498 0.0498046875