0 0.5092250922509225 0.275390625 0.1045510455104551 0.03466796875
0 0.5018450184501845 0.2998046875 0.0984009840098401 0.02783203125
0 0.4883148831488315 0.326171875 0.11562115621156212 0.029296875
0 0.4661746617466175 0.3525390625 0.11070110701107011 0.04052734375
0 0.4575645756457565 0.3779296875 0.12300123001230012 0.03369140625
0 0.45018450184501846 0.404296875 0.11193111931119311 0.029296875
0 0.43911439114391143 0.43310546875 0.12300123001230012 0.02783203125
0 0.45018450184501846 0.46533203125 0.12546125461254612 0.03466796875
0 0.45387453874538747 0.50146484375 0.13284132841328414 0.03515625
0 0.4661746617466175 0.54052734375 0.13038130381303814 0.037109375
0 0.4735547355473555 0.5810546875 0.14637146371463713 0.03955078125
0 0.4920049200492005 0.62255859375 0.15498154981549817 0.03857421875
0 0.4981549815498155 0.6640625 0.15744157441574416 0.0439453125
0 0.5129151291512916 0.7060546875 0.16605166051660517 0.04296875
0 0.5079950799507995 0.73876953125 0.15990159901599016 0.0400390625
0 0.5166051660516605 0.24853515625 0.1070110701107011 0.02392578125
0 0.5153751537515375 0.22314453125 0.11931119311193111 0.0263671875