0 0.6121437422552665 0.69873046875 0.2701363073110285 0.03564453125
0 0.5885997521685254 0.66015625 0.20198265179677818 0.04345703125
0 0.5489467162329615 0.62451171875 0.17967781908302355 0.0439453125
0 0.5043370508054523 0.60009765625 0.18463444857496902 0.046875
0 0.46592317224287483 0.5732421875 0.19950433705080545 0.0419921875
0 0.40644361833952913 0.5458984375 0.15737298636926889 0.04150390625
0 0.4114002478314746 0.5068359375 0.15985130111524162 0.0419921875
0 0.44981412639405205 0.4765625 0.14869888475836432 0.03515625
0 0.49566294919454773 0.45263671875 0.13630731102850063 0.03564453125
0 0.5266418835192069 0.42529296875 0.13382899628252787 0.0380859375
0 0.5514250309789344 0.3974609375 0.11895910780669144 0.03173828125
0 0.563816604708798 0.36962890625 0.12267657992565056 0.02978515625
0 0.5762081784386617 0.3447265625 0.1090458488228005 0.02490234375
0 0.5836431226765799 0.318359375 0.11524163568773234 0.02783203125
0 0.5799256505576208 0.29052734375 0.11895910780669144 0.02783203125
0 0.5774473358116481 0.26513671875 0.137546468401487 0.02783203125
0 0.5774473358116481 0.240234375 0.13382899628252787 0.02294921875