0 0.5460420032310178 0.26025390625 0.14862681744749595 0.0234375
0 0.5428109854604201 0.28271484375 0.13247172859450726 0.0244140625
0 0.5428109854604201 0.30615234375 0.1260096930533118 0.0302734375
0 0.529886914378029 0.33349609375 0.12116316639741519 0.02783203125
0 0.5218093699515347 0.361328125 0.14862681744749595 0.03076171875
0 0.5008077544426495 0.38818359375 0.15024232633279483 0.0283203125
0 0.4975767366720517 0.41796875 0.15347334410339256 0.03515625
0 0.49434571890145396 0.4501953125 0.15347334410339256 0.029296875
0 0.4911147011308562 0.47998046875 0.16478190630048464 0.02587890625
0 0.5169628432956381 0.51220703125 0.1777059773828756 0.0302734375
0 0.5347334410339257 0.54248046875 0.16962843295638125 0.03662109375
0 0.5541195476575121 0.58251953125 0.16962843295638125 0.0390625
0 0.5573505654281099 0.62548828125 0.19224555735056542 0.0400390625
0 0.5234248788368336 0.6640625 0.2245557350565428 0.0498046875
0 0.46526655896607433 0.70947265625 0.22778675282714056 0.056640625
0 0.4345718901453958 0.7470703125 0.2681744749596123 0.037109375
0 0.4345718901453958 0.779296875 0.2730210016155089 0.04150390625