0 0.5491698595146871 0.22227650219833903 0.12005108556832694 0.0268685881778212
0 0.5517241379310345 0.24865657059110893 0.1136653895274585 0.022960429897410845
0 0.5491698595146871 0.27454811919882754 0.10217113665389528 0.027357107962872496
0 0.5440613026819924 0.30092818759159745 0.09961685823754789 0.022960429897410845
0 0.5287356321839081 0.3258426966292135 0.0970625798212005 0.028334147532975085
0 0.5134099616858238 0.3541768441621886 0.10600255427841634 0.02784562774792379
0 0.4942528735632184 0.38202247191011235 0.11621966794380588 0.029311187103077674
0 0.4840357598978289 0.41035661944308743 0.10727969348659004 0.027357107962872496
0 0.4789272030651341 0.4406448461162677 0.1123882503192848 0.029311187103077674
0 0.48659003831417624 0.47093307278944796 0.12260536398467432 0.028334147532975085
0 0.5108556832694764 0.5021983390327308 0.12388250319284802 0.02979970688812897
0 0.5363984674329502 0.537371763556424 0.1392081736909323 0.03517342452369321
0 0.558109833971903 0.5740107474352711 0.12005108556832694 0.03321934538348803
0 0.5632183908045977 0.6150464093795799 0.1277139208173691 0.03126526624328285
0 0.5542784163473818 0.6560820713238886 0.14559386973180077 0.038104543234000976
0 0.5300127713920817 0.6995603321934538 0.14814814814814814 0.043478260869565216
0 0.5108556832694764 0.7381533952125061 0.1545338441890166 0.03321934538348803