0 0.5595054095826894 0.4069369809477284 0.27666151468315303 0.034684904738641914
0 0.5703245749613601 0.44601856375183196 0.28593508500772796 0.032730825598436736
0 0.5826893353941267 0.4870542256961407 0.25193199381761977 0.0356619443087445
0 0.5795981452859351 0.5315095261358085 0.2828438948995363 0.04152418172936004
0 0.5703245749613601 0.5828041035661944 0.3029366306027821 0.043478260869565216
0 0.5316846986089645 0.6282364435759649 0.3029366306027821 0.045432340009770394
0 0.5548686244204019 0.3693209574987787 0.2782071097372488 0.038104543234000976
0 0.5502318392581144 0.3356130923302394 0.2689335394126739 0.0356619443087445
0 0.5517774343122102 0.30288226673180263 0.241112828438949 0.03224230581338544
0 0.5734157650695518 0.2701514411333659 0.19783616692426584 0.03321934538348803
0 0.5672333848531684 0.23644357596482657 0.1839258114374034 0.02979970688812897
0 0.5873261205564142 0.21006350757205666 0.1777434312210201 0.025891548607718612
0 0.5996908809891809 0.18319491939423546 0.2009273570324575 0.0268685881778212
0 0.6058732612055642 0.1270151441133366 0.18547140649149924 0.028334147532975085
0 0.598145285935085 0.15534929164631167 0.18856259659969088 0.024425989252564728
0 0.60741885625966 0.0986809965803615 0.22720247295208656 0.025891548607718612
0 0.5239567233384853 0.6707376648754274 0.23802163833075735 0.044455300439667805