0 0.5221339387060159 0.22265625 0.1021566401816118 0.0244140625
0 0.5255391600454029 0.24853515625 0.094211123723042 0.0244140625
0 0.52894438138479 0.27490234375 0.09534619750283768 0.02490234375
0 0.5334846765039728 0.30126953125 0.09988649262202043 0.02685546875
0 0.5368898978433598 0.33203125 0.1021566401816118 0.02783203125
0 0.5437003405221339 0.36279296875 0.09988649262202043 0.0263671875
0 0.5539160045402951 0.39111328125 0.09988649262202043 0.02685546875
0 0.5629965947786606 0.4189453125 0.11010215664018161 0.025390625
0 0.5709421112372304 0.4501953125 0.12031782065834279 0.03125
0 0.5766174801362088 0.4873046875 0.11804767309875142 0.03369140625
0 0.5754824063564131 0.5244140625 0.12031782065834279 0.03662109375
0 0.5664018161180476 0.5654296875 0.11804767309875142 0.03857421875
0 0.5505107832009081 0.60693359375 0.11691259931895573 0.03955078125
0 0.5278093076049943 0.646484375 0.1373439273552781 0.04296875
0 0.5051078320090806 0.69287109375 0.14188422247446084 0.04248046875
0 0.49716231555051077 0.73828125 0.15550510783200908 0.03759765625
0 0.5187287173666288 0.19921875 0.11691259931895573 0.025390625