0 0.48068669527896996 0.6142578125 0.26895565092989987 0.0419921875
0 0.4949928469241774 0.5693359375 0.25894134477825465 0.03955078125
0 0.45493562231759654 0.6630859375 0.2632331902718169 0.044921875
0 0.46924177396280403 0.5263671875 0.25178826895565093 0.03662109375
0 0.44206008583690987 0.4873046875 0.2575107296137339 0.0361328125
0 0.39628040057224606 0.44970703125 0.25608011444921314 0.03076171875
0 0.49928469241773965 0.2412109375 0.1759656652360515 0.02490234375
0 0.47782546494992845 0.2666015625 0.18168812589413447 0.01953125
0 0.4592274678111588 0.29052734375 0.17882689556509299 0.02197265625
0 0.413447782546495 0.31201171875 0.18168812589413447 0.02392578125
0 0.3648068669527897 0.3349609375 0.20028612303290416 0.01953125
0 0.3447782546494993 0.35791015625 0.2145922746781116 0.02294921875
0 0.34763948497854075 0.38720703125 0.21745350500715308 0.0283203125
0 0.3547925608011445 0.42138671875 0.22746781115879827 0.03173828125
0 0.47353361945636624 0.2158203125 0.16022889842632332 0.02099609375
0 0.43919885550786836 0.70751953125 0.2632331902718169 0.03369140625
0 0.4563662374821173 0.19091796875 0.14449213161659513 0.02490234375