0 0.5200729927007299 0.55419921875 0.30474452554744524 0.03173828125
0 0.5109489051094891 0.595703125 0.30656934306569344 0.03564453125
0 0.5054744525547445 0.640625 0.31386861313868614 0.04248046875
0 0.47992700729927007 0.68359375 0.3010948905109489 0.0400390625
0 0.5018248175182481 0.5126953125 0.29014598540145986 0.0341796875
0 0.4781021897810219 0.4765625 0.2518248175182482 0.02978515625
0 0.46167883211678834 0.4423828125 0.2208029197080292 0.02734375
0 0.43613138686131386 0.40771484375 0.2427007299270073 0.02734375
0 0.4343065693430657 0.37841796875 0.19343065693430658 0.02587890625
0 0.4489051094890511 0.349609375 0.20255474452554745 0.0263671875
0 0.4635036496350365 0.32080078125 0.18613138686131386 0.02587890625
0 0.48905109489051096 0.29736328125 0.25 0.021484375
0 0.49452554744525545 0.2744140625 0.23357664233576642 0.02294921875
0 0.4927007299270073 0.24609375 0.24635036496350365 0.0263671875
0 0.5036496350364964 0.21923828125 0.2664233576642336 0.02001953125
0 0.5072992700729927 0.1953125 0.2645985401459854 0.01953125
0 0.4708029197080292 0.720703125 0.2791970802919708 0.0400390625