0 0.4369287020109689 0.6272594040058622 0.3327239488117002 0.032730825598436736
0 0.4186471663619744 0.666829506595017 0.3473491773308958 0.030776746458231558
0 0.40585009140767825 0.714704445530044 0.3692870201096892 0.039081582804103565
0 0.489945155393053 0.5867122618466047 0.3235831809872029 0.03321934538348803
0 0.5191956124314442 0.5461651196873474 0.2577696526508227 0.033707865168539325
0 0.5246800731261426 0.5100146555935515 0.2303473491773309 0.026380068392769906
0 0.5502742230347349 0.48070346849047385 0.21572212065813529 0.025891548607718612
0 0.546617915904936 0.4504152418172936 0.22120658135283364 0.027357107962872496
0 0.5539305301645339 0.4225696140693698 0.2303473491773309 0.02882266731802638
0 0.5557586837294333 0.39325842696629215 0.20292504570383912 0.025891548607718612
0 0.5740402193784278 0.36785539814362483 0.1956124314442413 0.023937469467513434
0 0.5941499085923218 0.3419638495359062 0.19926873857404023 0.02247191011235955
0 0.5850091407678245 0.3136297020029311 0.21206581352833637 0.025891548607718612
0 0.5959780621572212 0.2896922325354177 0.23217550274223034 0.025403028822667317
0 0.5740402193784278 0.2623351245725452 0.2303473491773309 0.025891548607718612
0 0.5722120658135283 0.23839765510503175 0.21572212065813529 0.024425989252564728
0 0.42047531992687387 0.7542745481191988 0.2870201096892139 0.04152418172936004