0 0.4113821138211382 0.65771484375 0.27967479674796747 0.03759765625
0 0.44552845528455287 0.61376953125 0.27967479674796747 0.03955078125
0 0.5089430894308943 0.57275390625 0.3024390243902439 0.03515625
0 0.5447154471544715 0.529296875 0.2780487804878049 0.0302734375
0 0.6097560975609756 0.49462890625 0.2634146341463415 0.02734375
0 0.6552845528455284 0.4580078125 0.25365853658536586 0.02587890625
0 0.6487804878048781 0.41845703125 0.25691056910569104 0.02294921875
0 0.6699186991869919 0.39013671875 0.208130081300813 0.0234375
0 0.6699186991869919 0.36083984375 0.2601626016260163 0.021484375
0 0.6341463414634146 0.33251953125 0.22276422764227644 0.0234375
0 0.6211382113821138 0.3017578125 0.1902439024390244 0.0224609375
0 0.5739837398373984 0.26806640625 0.22926829268292684 0.021484375
0 0.5756097560975609 0.24462890625 0.26504065040650404 0.02587890625
0 0.5658536585365853 0.2197265625 0.2894308943089431 0.01904296875
0 0.5642276422764227 0.19091796875 0.23414634146341465 0.02392578125
0 0.41788617886178864 0.69775390625 0.3235772357723577 0.0283203125
0 0.5756097560975609 0.1611328125 0.16585365853658537 0.02587890625