0 0.48024528301886793 0.05065625 0.2825094339622641 0.058552083333333324
0 0.4869811320754717 0.09944791666666666 0.25220754716981125 0.06320833333333334
0 0.49792452830188677 0.14545833333333333 0.23705660377358487 0.056697916666666674
0 0.5366415094339623 0.19193749999999998 0.2505094339622641 0.056697916666666674
0 0.5762075471698113 0.22771875000000003 0.24881132075471699 0.06134374999999999
0 0.609867924528302 0.2760520833333333 0.2622830188679245 0.06506250000000004
0 0.6485849056603774 0.32344791666666667 0.245433962264151 0.06506250000000004
0 0.6696415094339623 0.3755 0.240377358490566 0.06506250000000004
0 0.6932075471698113 0.42940625000000004 0.2538490566037735 0.06506250000000004
0 0.6553207547169811 0.48425 0.27573584905660375 0.0706354166666666
0 0.6056603773584905 0.5344374999999999 0.2908867924528301 0.08365624999999995
0 0.543377358490566 0.5920625 0.31784905660377366 0.09480208333333333
0 0.4482641509433962 0.6524791666666666 0.2926226415094339 0.09294791666666669
0 0.37924528301886795 0.7156874999999999 0.33639622641509426 0.08551041666666657
0 0.33969811320754717 0.7886458333333334 0.32799999999999996 0.08643750000000001
0 0.36156603773584906 0.863 0.3549245283018868 0.09015624999999995
0 0.3918679245283019 0.9257395833333334 0.36164150943396217 0.07993750000000001