0 0.644962962962963 0.10702668360864041 0.20911111111111103 0.041054637865311314
0 0.6463703703703704 0.1397712833545108 0.19199999999999992 0.043989834815756045
0 0.6456666666666667 0.17373570520965692 0.17348148148148138 0.04055908513341806
0 0.639962962962963 0.20378653113087675 0.19914814814814807 0.043989834815756045
0 0.6321481481481481 0.24166454891994918 0.20340740740740745 0.047407878017789076
0 0.6029259259259259 0.27636594663278274 0.18488888888888894 0.04838627700127063
0 0.5516666666666666 0.30691232528589585 0.21907407407407398 0.06451080050825919
0 0.5082222222222222 0.34038119440914866 0.22337037037037039 0.05522236340533677
0 0.44766666666666666 0.37142312579415504 0.219111111111111 0.05571791613723002
0 0.3821481481481482 0.40221092757306226 0.22766666666666677 0.06157560355781453
0 0.3045185185185185 0.43373570520965693 0.22911111111111115 0.05815756035578142
0 0.24470370370370367 0.4708767471410419 0.24903703703703708 0.06304955527318933
0 0.23474074074074075 0.5192503176620076 0.30318518518518517 0.05620076238881832
0 0.24255555555555552 0.5735069885641677 0.28181481481481485 0.06499364675984749
0 0.31096296296296294 0.622858958068615 0.2851111111111111 0.0698856416772554
0 0.4007037037037037 0.6670902160101652 0.29366666666666674 0.056696315120711424
0 0.46196296296296296 0.6971156289707751 0.2926666666666667 0.052083862770012715