0 0.4259622641509434 0.9057916666666667 0.3501509433962265 0.05858333333333334
0 0.42745283018867924 0.8425625 0.31877358490566027 0.06674999999999992
0 0.4291509433962264 0.7707395833333333 0.3139811320754716 0.0617916666666666
0 0.4258867924528302 0.7040624999999999 0.2828679245283019 0.06861458333333345
0 0.40618867924528307 0.6359375 0.26532075471698113 0.06802083333333328
0 0.4067169811320755 0.5710104166666666 0.25820754716981137 0.05574999999999998
0 0.41632075471698116 0.5130416666666666 0.2636415094339622 0.05471874999999997
0 0.42905660377358484 0.45541666666666664 0.2400943396226415 0.053677083333333306
0 0.4410566037735849 0.4071875 0.24752830188679256 0.05486458333333329
0 0.4536603773584906 0.36114583333333333 0.23801886792452825 0.05584375000000001
0 0.44950943396226417 0.30383333333333334 0.2371698113207548 0.05103125000000001
0 0.4600943396226415 0.2491354166666667 0.2562641509433962 0.05417708333333333
0 0.44884905660377356 0.19348958333333333 0.22556603773584896 0.05638541666666666
0 0.4461509433962264 0.14348958333333334 0.20056603773584908 0.04729166666666664
0 0.45422641509433964 0.09698958333333334 0.19790566037735846 0.04485416666666667
0 0.44150943396226416 0.9647291666666666 0.3409056603773586 0.05703125
0 0.47611320754716974 0.062031249999999996 0.22260377358490568 0.03504166666666668