0 0.672377358490566 0.908625 0.35620754716981123 0.09692708333333329
0 0.5906226415094339 0.8555833333333334 0.3241886792452829 0.10510416666666676
0 0.442377358490566 0.7997708333333333 0.25073584905660373 0.0900729166666667
0 0.3048679245283019 0.74153125 0.2770566037735849 0.08186458333333325
0 0.4771320754716981 0.42009375000000004 0.2475849056603774 0.07440624999999995
0 0.4106603773584906 0.4845729166666667 0.27188679245283015 0.07488541666666665
0 0.5351698113207547 0.36730208333333336 0.26303773584905654 0.06951041666666669
0 0.5940754716981133 0.30889583333333337 0.24245283018867925 0.05687500000000002
0 0.32375471698113206 0.5245 0.27986792452830184 0.06447916666666677
0 0.2713018867924528 0.5791145833333334 0.3104528301886793 0.06258333333333325
0 0.2368490566037736 0.6522708333333332 0.2935849056603773 0.08042708333333337
0 0.5850754716981131 0.2534166666666667 0.30620754716981124 0.060499999999999984
0 0.5599056603773584 0.20235416666666667 0.29362264150943396 0.06476041666666668
0 0.4835660377358491 0.15532291666666667 0.229 0.04833333333333331
0 0.42739622641509434 0.112 0.20413207547169812 0.059218749999999994
0 0.36192452830188676 0.07995833333333334 0.22069811320754723 0.05385416666666668
0 0.3449811320754717 0.041666666666666664 0.25900000000000006 0.044270833333333336