0 0.5841132075471698 0.09954166666666667 0.22826415094339625 0.052083333333333336
0 0.546377358490566 0.13455208333333332 0.20313207547169806 0.05266666666666667
0 0.5238490566037736 0.18229166666666666 0.23771698113207548 0.05439583333333336
0 0.5202075471698113 0.21875 0.22449056603773587 0.0625
0 0.5301698113207547 0.2630208333333333 0.25488679245283025 0.05497916666666664
0 0.5248867924528302 0.3119166666666667 0.25030188679245274 0.06829166666666672
0 0.5201698113207547 0.36342708333333335 0.2555283018867924 0.05903124999999996
0 0.5254528301886793 0.41059375000000004 0.2831698113207548 0.0630833333333334
0 0.5348490566037737 0.4615208333333333 0.2785849056603773 0.07465624999999995
0 0.5600377358490566 0.5188124999999999 0.28318867924528307 0.06770833333333333
0 0.5615849056603773 0.5813124999999999 0.2775283018867925 0.06886458333333323
0 0.535377358490566 0.64496875 0.3110754716981132 0.06886458333333323
0 0.5327547169811321 0.70196875 0.32890566037735836 0.06481250000000002
0 0.5280377358490567 0.76128125 0.3215660377358492 0.0642395833333334
0 0.5406037735849056 0.82465625 0.325754716981132 0.07754166666666672
0 0.5429811320754716 0.8880104166666667 0.3539811320754717 0.08010416666666677
0 0.5872075471698114 0.06459374999999999 0.23083018867924535 0.04988541666666667