0 0.5582329317269076 0.5666829506595017 0.17804551539491298 0.03859306301905227
0 0.5582329317269076 0.6130923302393747 0.1713520749665328 0.044455300439667805
0 0.5461847389558233 0.6570591108939912 0.18072289156626506 0.0356619443087445
0 0.5220883534136547 0.6927210552027357 0.21552878179384202 0.03957010258915486
0 0.5461847389558233 0.5276013678553981 0.15528781793842034 0.033707865168539325
0 0.5287817938420348 0.4890083048363459 0.16198125836680052 0.03224230581338544
0 0.5140562248995983 0.45432340009770394 0.15127175368139223 0.02979970688812897
0 0.5073627844712182 0.4235466536394724 0.12315930388219545 0.027357107962872496
0 0.4966532797858099 0.39276990718124083 0.11914323962516733 0.0268685881778212
0 0.4966532797858099 0.36590131900341966 0.12182061579651941 0.02979970688812897
0 0.4926372155287818 0.33756717147044457 0.10977242302543508 0.022960429897410845
0 0.499330655957162 0.31118710307767466 0.11646586345381527 0.029311187103077674
0 0.499330655957162 0.28382999511480217 0.10441767068273092 0.029311187103077674
0 0.5020080321285141 0.2589154860771861 0.11512717536813923 0.03761602344894968
0 0.5087014725568942 0.23058133854421103 0.10441767068273092 0.02784562774792379
0 0.5087014725568942 0.20371275036638983 0.11646586345381527 0.0268685881778212
0 0.5140562248995983 0.18319491939423546 0.11780455153949129 0.024425989252564728