0 0.4394486692015209 0.8133973710819009 0.18197718631178703 0.04266936299292219
0 0.43652091254752856 0.7704347826086957 0.15636882129277566 0.03047522750252791
0 0.4216730038022814 0.7240546006066735 0.17794676806083654 0.04838220424671376
0 0.4237072243346008 0.673670374115268 0.17057034220532324 0.044196157735085985
0 0.43148288973384036 0.6316177957532861 0.1718441064638783 0.03563195146612741
0 0.4650380228136882 0.5912841253791709 0.1865779467680608 0.04196157735085945
0 0.5025855513307985 0.5494034378159758 0.17787072243345997 0.03174924165824074
0 0.52 0.51262891809909 0.15712927756653988 0.02458038422649135
0 0.5369201520912548 0.4785540950455005 0.1591064638783269 0.026734074823053646
0 0.5367490494296577 0.44613751263902934 0.14807984790874523 0.025096056622851415
0 0.5262737642585551 0.41404448938321536 0.138745247148289 0.025621840242669395
0 0.5045437262357414 0.38368048533872595 0.14150190114068453 0.021627906976744174
0 0.4751520912547529 0.35431749241658245 0.1359505703422053 0.0230333670374115
0 0.45264258555133075 0.31956521739130433 0.12142585551330799 0.025389282103134493
0 0.4340114068441064 0.2923963599595551 0.11260456273764262 0.020192113245702758
0 0.43085551330798477 0.2631344792719919 0.12439163498098871 0.024539939332659234
0 0.43663498098859316 0.23587462082912034 0.10093155893536117 0.03009100101112234