0 0.5793962264150944 0.04485416666666667 0.2314150943396226 0.07117708333333332
0 0.5458490566037736 0.08854166666666667 0.22303773584905667 0.0648125
0 0.5086603773584906 0.12760416666666666 0.21781132075471688 0.06655208333333332
0 0.4662075471698113 0.16261458333333334 0.22096226415094342 0.06481250000000002
0 0.41328301886792446 0.20659375000000002 0.23250943396226417 0.06944791666666668
0 0.4059433962264152 0.25926041666666666 0.20945283018867922 0.06134374999999999
0 0.44 0.3017916666666667 0.24192452830188685 0.0642395833333333
0 0.45049056603773585 0.3457708333333333 0.2649811320754718 0.06886458333333335
0 0.47877358490566035 0.401625 0.25449056603773584 0.0752291666666667
0 0.5060566037735849 0.45862499999999995 0.26954716981132076 0.07696874999999999
0 0.5427547169811321 0.510125 0.27794339622641523 0.08043750000000002
0 0.5825849056603774 0.5662604166666667 0.3177735849056603 0.06308333333333328
0 0.5747169811320755 0.61053125 0.2999622641509434 0.07060416666666663
0 0.5243773584905661 0.6799791666666667 0.32679245283018854 0.07176041666666677
0 0.5222641509433963 0.7407395833333333 0.3372830188679245 0.08564583333333337
0 0.5180754716981132 0.8075833333333333 0.36664150943396234 0.07002083333333337
0 0.542188679245283 0.8848333333333334 0.37081132075471696 0.08680208333333325