0 0.5101698113207547 0.038239583333333334 0.19737735849056606 0.04554166666666667
0 0.5125094339622641 0.07476041666666666 0.18337735849056613 0.048125000000000015
0 0.5062830188679245 0.11859375 0.18337735849056594 0.053281249999999974
0 0.49071698113207546 0.16370833333333332 0.1958301886792452 0.05413541666666664
0 0.45649056603773586 0.20882291666666666 0.20518867924528303 0.06187499999999998
0 0.43392452830188677 0.2578020833333333 0.20673584905660375 0.053281249999999974
0 0.43235849056603776 0.30678125 0.22230188679245283 0.05671875000000005
0 0.46037735849056605 0.35361458333333334 0.2658679245283018 0.059291666666666624
0 0.5078301886792452 0.40475 0.27986792452830195 0.06015625
0 0.5716415094339623 0.45716666666666667 0.28296226415094344 0.06187499999999998
0 0.6245660377358491 0.5130208333333334 0.28296226415094344 0.0756249999999999
0 0.6681320754716982 0.5817708333333333 0.31718867924528305 0.07218749999999995
0 0.7008301886792453 0.6457916666666667 0.30784905660377354 0.0713229166666667
0 0.6564716981132076 0.7098125 0.33741509433962275 0.08250000000000005
0 0.579433962264151 0.7613749999999999 0.34522641509433966 0.09281249999999991
0 0.45881132075471703 0.8069166666666666 0.3686037735849057 0.1048437500000001
0 0.3280754716981132 0.8718020833333333 0.3623962264150942 0.1056979166666667