0 0.5107358490566037 0.8019791666666667 0.2644528301886792 0.054093750000000065
0 0.4798490566037736 0.73475 0.24043396226415084 0.06544791666666659
0 0.479 0.6637187499999999 0.21356603773584915 0.06228124999999996
0 0.5014339622641509 0.6058749999999999 0.2144150943396226 0.061177083333333354
0 0.5224528301886792 0.5515729166666666 0.21241509433962272 0.049802083333333275
0 0.5195849056603774 0.49191666666666667 0.20669811320754708 0.055479166666666656
0 0.5107169811320755 0.4466145833333333 0.23586792452830188 0.05137500000000005
0 0.4997169811320755 0.39610416666666665 0.22356603773584907 0.051364583333333276
0 0.48471698113207545 0.35222916666666665 0.19641509433962268 0.053885416666666686
0 0.4722830188679245 0.3070833333333333 0.204132075471698 0.049458333333333354
0 0.4558301886792453 0.2649375 0.1798301886792453 0.03904166666666668
0 0.4528301886792453 0.22595833333333332 0.1801132075471699 0.044395833333333336
0 0.4365283018867925 0.18855208333333331 0.16696226415094342 0.05291666666666668
0 0.46126415094339623 0.14388541666666665 0.1403773584905661 0.05386458333333331
0 0.4898490566037736 0.10363541666666666 0.13466037735849057 0.042812499999999996
0 0.49700000000000005 0.06890625 0.14894339622641498 0.04280208333333334
0 0.525377358490566 0.86784375 0.3132075471698113 0.06640625