0 0.3816042780748663 0.3307667731629393 0.09331550802139031 0.023067092651757156
0 0.38165775401069524 0.35711395101171456 0.09459893048128341 0.024398296059637878
0 0.37938502673796787 0.38674121405750794 0.10497326203208554 0.02607028753993612
0 0.37692513368983954 0.4133865814696486 0.10061497326203207 0.025143769968051132
0 0.36614973262032086 0.4420553780617678 0.11374331550802144 0.025931842385516532
0 0.344144385026738 0.4707667731629393 0.12074866310160434 0.025133120340788098
0 0.3109090909090909 0.4978913738019169 0.13302139037433156 0.020798722044728407
0 0.27898395721925134 0.5282960596379127 0.14828877005347588 0.027571884984025543
0 0.25235294117647056 0.5610117145899893 0.15205882352941177 0.02937167199148022
0 0.24577540106951873 0.5924281150159744 0.18529411764705878 0.026144834930777374
0 0.2574331550802139 0.6317571884984026 0.20478609625668442 0.03209797657082013
0 0.3216042780748663 0.6631309904153354 0.20192513368983953 0.030820021299254586
0 0.39326203208556154 0.687209797657082 0.21409090909090908 0.03194888178913738
0 0.46109625668449195 0.7218849840255591 0.19692513368983952 0.031107561235356802
0 0.3852139037433155 0.3059850905218317 0.10042780748663102 0.022736954206602794
0 0.5153208556149732 0.7592758253461129 0.19318181818181818 0.03172523961661338
0 0.5110160427807486 0.7937060702875399 0.18614973262032086 0.03386581469648557