0 0.43918103448275864 0.1903835464146748 0.17895114942528728 0.04724847137298499
0 0.43558908045977013 0.22234574763757642 0.1717672413793103 0.038910505836575876
0 0.44636494252873565 0.2563924402445803 0.15739942528735626 0.04307948860478043
0 0.48228448275862074 0.28696498054474706 0.17175287356321833 0.04030016675931073
0 0.5020402298850575 0.3217065036131184 0.16816091954022983 0.03752084491384102
0 0.5487212643678161 0.35436353529738746 0.18251436781609193 0.04446914952751529
0 0.5846408045977012 0.3800722623679822 0.16813218390804596 0.04030016675931073
0 0.6349281609195403 0.4120344635908838 0.18248563218390804 0.048638132295719845
0 0.6385057471264367 0.44886047804335744 0.19685344827586207 0.04446914952751529
0 0.6349137931034482 0.485686492495831 0.21122126436781608 0.045858810450250136
0 0.5810488505747127 0.5232073374096721 0.21841954022988502 0.045858810450250136
0 0.5343534482758621 0.5586436909394108 0.239985632183908 0.0500277932184547
0 0.44636494252873565 0.6045025013896609 0.22922413793103444 0.058365758754863814
0 0.40146551724137935 0.6503613118399111 0.23283045977011504 0.0528071150639244
0 0.3655459770114942 0.7031684269038355 0.247198275862069 0.055586436909394105
0 0.37452586206896554 0.7566703724291273 0.29389367816091966 0.06531406336853808
0 0.44135057471264366 0.155686492495831 0.1884051724137931 0.033702056698165644