0 0.48661842105263153 0.19049156272927364 0.09474999999999999 0.03196625091709468
0 0.47440789473684214 0.2127659574468085 0.11355263157894731 0.035634629493763795
0 0.4603157894736842 0.2379236977256053 0.09663157894736835 0.038782098312545865
0 0.4607894736842105 0.26569332355099046 0.1073026315789473 0.03458547322083638
0 0.46172368421052634 0.2968745414526779 0.12046052631578942 0.03720469552457816
0 0.47488157894736843 0.335920763022744 0.09977631578947374 0.04297138664710202
0 0.48334210526315785 0.36815113719735876 0.1073026315789473 0.0393030080704329
0 0.46642105263157896 0.40378576669112254 0.10917105263157899 0.04035216434336023
0 0.45280263157894735 0.43915627292736614 0.11011842105263166 0.04716801173881142
0 0.4335263157894737 0.47269992663242844 0.11073684210526312 0.05345561261922223
0 0.4001578947368421 0.510953778429934 0.11731578947368416 0.059743213499633206
0 0.3677368421052632 0.5502567865003668 0.10698684210526309 0.06288334556126195
0 0.34189473684210525 0.5913939838591343 0.12297368421052636 0.051878209831254615
0 0.3367236842105263 0.6388187820983126 0.12014473684210526 0.0482098312545855
0 0.34377631578947365 0.6870359501100514 0.13799999999999998 0.05450476889214964
0 0.4870921052631579 0.1671753484959648 0.10884210526315793 0.03353631694790901
0 0.36464473684210524 0.73494497432135 0.14535526315789477 0.05947175348495961