0 0.44990243902439025 0.19150588235294116 0.27048780487804885 0.041611764705882355
0 0.47804878048780486 0.22971764705882353 0.27048780487804874 0.041611764705882355
0 0.5167804878048781 0.26198823529411763 0.2845853658536587 0.041611764705882355
0 0.5801951219512195 0.2929882352941176 0.31975609756097567 0.045858823529411785
0 0.6540975609756098 0.3231294117647059 0.30565853658536596 0.04330588235294124
0 0.7350731707317073 0.35455294117647057 0.2985853658536584 0.041611764705882355
0 0.7650243902439025 0.38682352941176473 0.30917073170731707 0.04330588235294124
0 0.7350731707317073 0.42121176470588234 0.3126829268292684 0.0424588235294118
0 0.6418048780487805 0.4590117647058824 0.32326829268292673 0.04330588235294124
0 0.5273658536585366 0.49212941176470587 0.3760975609756097 0.05689411764705884
0 0.41643902439024394 0.5294941176470588 0.3866829268292682 0.05519999999999995
0 0.3354634146341463 0.5757764705882353 0.35853658536585364 0.0441647058823529
0 0.33019512195121953 0.6305529411764706 0.3409756097560976 0.04330588235294111
0 0.38121951219512196 0.6772588235294117 0.3656097560975609 0.04330588235294111
0 0.44107317073170726 0.7158941176470588 0.42892682926829273 0.06284705882352949
0 0.4727804878048781 0.15498823529411765 0.2881463414634146 0.03482352941176473