0 0.5892407809110629 0.254913530010173 0.11663774403470711 0.027782299084435403
0 0.6029934924078092 0.2787792472024415 0.1007809110629068 0.04186164801627668
0 0.6246854663774404 0.30362156663275686 0.08574837310195221 0.03912512716174978
0 0.653470715835141 0.32807731434384535 0.09492407809110627 0.04107833163784333
0 0.6901952277657267 0.3505798575788403 0.10362255965292838 0.04382502543234999
0 0.7147939262472884 0.37150559511698883 0.10112798264642084 0.04107833163784333
0 0.7368980477223427 0.39615462868769075 0.12032537960954452 0.03952187182095628
0 0.7506724511930586 0.42491353001017296 0.12783080260303678 0.032085452695829055
0 0.7477440347071583 0.4530824008138352 0.1336659436008677 0.038341810783316436
0 0.7310629067245119 0.4796948118006104 0.10826464208242943 0.0508646998982706
0 0.698937093275488 0.5108036622583927 0.10744034707158345 0.058301119023397706
0 0.6493058568329718 0.5348626653102746 0.12329718004338401 0.0508646998982706
0 0.5888069414316702 0.5561851475076297 0.12414316702819961 0.053601220752797614
0 0.5324945770065076 0.5884638860630723 0.13665943600867678 0.04851475076297056
0 0.5087201735357918 0.6266124109867752 0.13915401301518446 0.04107833163784345
0 0.5145770065075923 0.6757171922685656 0.1708676789587852 0.056337741607324625
0 0.5333405639913232 0.7193489318413021 0.17533622559652937 0.04342828077314349