0 0.4509811320754717 0.8655104166666666 0.2581509433962264 0.06593749999999995
0 0.3855094339622641 0.7909375 0.24041509433962258 0.0730312499999999
0 0.3563396226415095 0.73025 0.20726415094339626 0.05235416666666666
0 0.3684905660377359 0.6620625 0.20011320754716982 0.06876041666666666
0 0.41437735849056606 0.5934062499999999 0.22269811320754712 0.07032291666666665
0 0.48543396226415086 0.5426562500000001 0.19498113207547177 0.0834166666666666
0 0.5274528301886793 0.49324999999999997 0.19098113207547174 0.07489583333333331
0 0.5677735849056604 0.4324895833333333 0.1961320754716982 0.05752083333333336
0 0.5676226415094339 0.37471875000000004 0.2021320754716981 0.05309375000000003
0 0.5802075471698113 0.32926041666666667 0.17698113207547161 0.05245833333333335
0 0.5604716981132075 0.2780416666666667 0.18784905660377368 0.05071874999999994
0 0.553188679245283 0.22840625 0.17954716981132068 0.05213541666666668
0 0.5084339622641509 0.17891666666666667 0.17183018867924515 0.04691666666666669
0 0.48900000000000005 0.13922916666666665 0.17067924528301895 0.04738541666666667
0 0.4669811320754717 0.09889583333333334 0.15181132075471704 0.03965624999999999
0 0.4628301886792453 0.06504166666666666 0.13722641509433967 0.03790624999999999
0 0.4829622641509434 0.92253125 0.2763396226415094 0.06380208333333333