0 0.4728679245283019 0.82228125 0.36503773584905663 0.06550000000000011
0 0.4316792452830189 0.7521249999999999 0.3467924528301887 0.07285416666666672
0 0.43360377358490565 0.67921875 0.35407547169811315 0.06907291666666661
0 0.5015094339622642 0.6212812499999999 0.3468490566037737 0.07622916666666674
0 0.5629245283018869 0.5616354166666666 0.3814150943396226 0.07128125000000006
0 0.6260754716981132 0.5029791666666666 0.3377169811320755 0.06831249999999993
0 0.6645094339622641 0.45075000000000004 0.2860754716981132 0.05984375000000005
0 0.7008490566037736 0.3971458333333333 0.265811320754717 0.05440625000000002
0 0.6937169811320755 0.34215625000000005 0.2809999999999999 0.05993749999999996
0 0.6955471698113207 0.29210416666666666 0.2635094339622641 0.05520833333333333
0 0.671056603773585 0.24655208333333334 0.2291509433962265 0.04837499999999994
0 0.607566037735849 0.20545833333333335 0.24122641509433967 0.05493750000000001
0 0.5652452830188679 0.15594791666666669 0.23496226415094335 0.053312500000000006
0 0.5409433962264151 0.11923958333333333 0.243056603773585 0.04680208333333334
0 0.5177547169811321 0.08138541666666667 0.24020754716981144 0.05152083333333334
0 0.5050377358490566 0.8909895833333333 0.3840188679245283 0.06233333333333325
0 0.49669811320754714 0.04133333333333333 0.22964150943396233 0.03552083333333334