0 0.48088679245283017 0.05121875 0.21467924528301882 0.05266666666666667
0 0.4866415094339623 0.089125 0.21152830188679247 0.057875
0 0.48509433962264153 0.13339583333333332 0.2108490566037736 0.05613541666666665
0 0.492433962264151 0.18460416666666665 0.22971698113207548 0.06134374999999999
0 0.48615094339622644 0.22830208333333332 0.2506792452830189 0.07117708333333332
0 0.47615094339622643 0.28501041666666665 0.23877358490566028 0.07349999999999994
0 0.4651509433962264 0.33680208333333334 0.23354716981132081 0.06712499999999993
0 0.4552075471698113 0.39148958333333334 0.23879245283018857 0.07002083333333337
0 0.4609622641509434 0.4505208333333333 0.2586981132075472 0.07581249999999998
0 0.4730188679245283 0.5109999999999999 0.24716981132075472 0.0752291666666667
0 0.49292452830188677 0.5723333333333334 0.25554716981132086 0.07870833333333328
0 0.5102264150943396 0.635125 0.25449056603773584 0.06770833333333333
0 0.5170377358490565 0.6993645833333333 0.2723018867924527 0.08391666666666661
0 0.5196603773584906 0.7763333333333333 0.2838301886792452 0.07233333333333339
0 0.5217547169811321 0.84375 0.2964150943396227 0.07060416666666663
0 0.5461509433962264 0.9031354166666666 0.4276226415094339 0.08808333333333328
0 0.46132075471698114 0.016666666666666666 0.21320754716981133 0.03333333333333333