0 0.4360943396226415 0.04003125 0.2219433962264151 0.053625000000000006
0 0.4241320754716981 0.08814583333333334 0.21928301886792448 0.05582291666666667
0 0.42745283018867924 0.13626041666666666 0.2232830188679246 0.0624375
0 0.43077358490566037 0.17886458333333335 0.2219433962264151 0.05803124999999998
0 0.4640377358490566 0.2288125 0.2219433962264151 0.05803124999999998
0 0.4906415094339623 0.2747291666666667 0.23258490566037732 0.061708333333333344
0 0.5259056603773585 0.31916666666666665 0.23390566037735855 0.059500000000000004
0 0.5478490566037736 0.3658125 0.2538490566037735 0.06464583333333339
0 0.6156981132075472 0.41319791666666666 0.26715094339622647 0.07271875000000007
0 0.6902075471698114 0.458 0.26181132075471697 0.07124999999999998
0 0.7680377358490567 0.50721875 0.27641509433962264 0.07271875000000007
0 0.8165849056603774 0.571125 0.2883773584905661 0.08301041666666673
0 0.7999622641509434 0.6383333333333333 0.30035849056603786 0.0896145833333333
0 0.7394150943396226 0.7011458333333334 0.29903773584905663 0.08594791666666665
0 0.631 0.7610104166666667 0.29507547169811316 0.1043125000000001
0 0.4966226415094339 0.8307916666666666 0.28979245283018873 0.11753124999999992
0 0.4241132075471698 0.90278125 0.35766037735849054 0.10725000000000004