0 0.5352862849533955 0.20556640625 0.1278295605858855 0.029296875
0 0.5312916111850865 0.228515625 0.1278295605858855 0.0283203125
0 0.5312916111850865 0.25146484375 0.12383488681757657 0.02783203125
0 0.5286284953395473 0.2783203125 0.11318242343541944 0.02783203125
0 0.5286284953395473 0.302734375 0.12250332889480692 0.03125
0 0.5166444740346205 0.326171875 0.12383488681757657 0.0302734375
0 0.5046604527296937 0.3544921875 0.12916111850865514 0.02978515625
0 0.48868175765645805 0.38232421875 0.118508655126498 0.0283203125
0 0.47270306258322237 0.4130859375 0.13049267643142476 0.03515625
0 0.4434087882822903 0.44091796875 0.14513981358189082 0.0361328125
0 0.41278295605858856 0.46826171875 0.170439414114514 0.04052734375
0 0.3941411451398136 0.48828125 0.16644474034620507 0.03759765625
0 0.41544607190412786 0.515625 0.17842876165113183 0.04296875
0 0.4620505992010652 0.54150390625 0.16910785619174434 0.044921875
0 0.4966711051930759 0.5634765625 0.1677762982689747 0.03173828125
0 0.5153129161118508 0.595703125 0.17576564580559254 0.03369140625
0 0.5206391478029294 0.63818359375 0.19973368841544606 0.04150390625