0 0.5081320754716981 0.07928125 0.2523962264150943 0.05092708333333335
0 0.5107547169811321 0.1281875 0.25343396226415105 0.057291666666666664
0 0.5086603773584906 0.17042708333333334 0.22618867924528302 0.05497916666666664
0 0.5416981132075472 0.21064583333333334 0.25488679245283025 0.06481249999999997
0 0.5956792452830189 0.24941666666666668 0.2538490566037735 0.06944791666666662
0 0.6223962264150944 0.29601041666666666 0.2674905660377358 0.0653958333333333
0 0.6674716981132075 0.33998958333333335 0.26330188679245276 0.059604166666666694
0 0.7130566037735849 0.3848333333333333 0.2287358490566038 0.0625
0 0.7146037735849057 0.43373958333333335 0.23766037735849063 0.0642395833333333
0 0.7025660377358491 0.4892916666666667 0.2329056603773586 0.07696874999999999
0 0.6265660377358491 0.5370416666666666 0.27962264150943383 0.07407291666666656
0 0.5689056603773585 0.5885416666666666 0.28801886792452824 0.08795833333333339
0 0.46252830188679245 0.6478541666666667 0.3037547169811321 0.08738541666666677
0 0.37867924528301883 0.7054375 0.3436037735849057 0.08564583333333337
0 0.33832075471698114 0.7751770833333332 0.3509622641509434 0.06886458333333323
0 0.350377358490566 0.84259375 0.3499056603773584 0.07870833333333328
0 0.39652830188679244 0.9084062500000001 0.39949056603773575 0.09748958333333325