0 0.4161698113207547 0.1175625 0.17330188679245287 0.04702083333333335
0 0.4161698113207547 0.15964583333333332 0.16279245283018862 0.047604166666666656
0 0.42930188679245285 0.20173958333333333 0.17435849056603778 0.059791666666666646
0 0.4498301886792453 0.24411458333333336 0.16945283018867924 0.06211458333333333
0 0.4645471698113207 0.2879479166666667 0.15684905660377357 0.05921875000000002
0 0.4771509433962264 0.3413541666666667 0.16488679245283017 0.05921875000000002
0 0.47924528301886793 0.3904166666666667 0.18169811320754709 0.05863541666666663
0 0.46662264150943394 0.44294791666666666 0.19643396226415097 0.06154166666666671
0 0.4429622641509435 0.4960729166666667 0.2058867924528302 0.060958333333333316
0 0.4224716981132076 0.55325 0.2153584905660377 0.06385416666666661
0 0.413 0.6150833333333333 0.22377358490566043 0.07372916666666664
0 0.4350754716981132 0.6818437500000001 0.2300754716981132 0.08185416666666659
0 0.4882075471698113 0.7398958333333333 0.23781132075471692 0.08417708333333328
0 0.5434150943396227 0.8028854166666667 0.25569811320754715 0.08243750000000011
0 0.5870377358490566 0.874 0.25045283018867925 0.07720833333333323
0 0.6268490566037737 0.9346354166666667 0.2971320754716981 0.08107291666666659
0 0.4192830188679245 0.08367708333333333 0.18083018867924525 0.043052083333333345