0 0.6164905660377359 0.8990520833333334 0.3244716981132076 0.08093750000000005
0 0.5686037735849057 0.8288125 0.3430754716981133 0.07935416666666674
0 0.45867924528301884 0.7662291666666667 0.3176415094339622 0.06877083333333331
0 0.36833962264150943 0.7071979166666666 0.35996226415094346 0.08264583333333325
0 0.34162264150943394 0.6428020833333333 0.38535849056603777 0.07885416666666671
0 0.3153207547169811 0.5710729166666667 0.2950188679245283 0.07080208333333336
0 0.3504905660377358 0.5179583333333333 0.2647169811320755 0.07915625000000001
0 0.4110943396226415 0.47250000000000003 0.2349999999999999 0.07852083333333333
0 0.4542641509433962 0.4107083333333333 0.24586792452830178 0.06952083333333334
0 0.47184905660377363 0.3536458333333333 0.2621698113207547 0.0699895833333334
0 0.4778490566037736 0.3067708333333333 0.26158490566037734 0.05956249999999995
0 0.46541509433962264 0.2639166666666667 0.2807547169811321 0.05371875000000005
0 0.45969811320754717 0.22004166666666666 0.26930188679245287 0.05623958333333334
0 0.4381132075471698 0.16889583333333333 0.23243396226415083 0.05117708333333333
0 0.41867924528301886 0.12352083333333333 0.2312830188679245 0.04722916666666667
0 0.403811320754717 0.07554166666666666 0.22669811320754724 0.048489583333333315
0 0.38743396226415094 0.039718750000000004 0.24484905660377365 0.037760416666666664