0 0.5199056603773585 0.039322916666666666 0.2242264150943397 0.046875
0 0.5126981132075472 0.07786458333333333 0.2184716981132075 0.05084375
0 0.5033584905660377 0.11838541666666667 0.2199056603773584 0.04926041666666669
0 0.4918490566037736 0.16167708333333333 0.20266037735849052 0.04846875000000003
0 0.47960377358490563 0.20299999999999999 0.20409433962264142 0.051645833333333314
0 0.46737735849056605 0.25226041666666665 0.2199245283018868 0.0643541666666667
0 0.4680943396226416 0.30071875 0.21273584905660378 0.05482291666666666
0 0.46881132075471693 0.34640625 0.2256792452830189 0.05561458333333332
0 0.46952830188679245 0.39566666666666667 0.23575471698113207 0.05084375000000006
0 0.4594716981132076 0.4481041666666667 0.23575471698113207 0.06991666666666667
0 0.4479433962264151 0.5013333333333333 0.24726415094339624 0.07151041666666676
0 0.44364150943396224 0.5633020833333333 0.2616603773584907 0.06832291666666658
0 0.44722641509433964 0.6236875000000001 0.26598113207547164 0.06991666666666656
0 0.46449056603773586 0.6896354166666666 0.2688490566037736 0.07627083333333336
0 0.4925471698113208 0.7611354166666667 0.30769811320754725 0.07627083333333336
0 0.5105471698113208 0.8207291666666666 0.3235283018867925 0.0699166666666668
0 0.5328490566037737 0.8858750000000001 0.31632075471698107 0.07786458333333333