0 0.49235048678720444 0.26624328285295557 0.1599443671766342 0.02247191011235955
0 0.4993045897079277 0.28676111382510994 0.1349095966620306 0.0268685881778212
0 0.5159944367176634 0.31314118221787984 0.12934631432545202 0.026380068392769906
0 0.5312934631432545 0.3346360527601368 0.12934631432545202 0.0268685881778212
0 0.5577190542420027 0.35613092330239376 0.13630041724617525 0.03517342452369321
0 0.5924895688456189 0.3786028334147533 0.13212795549374132 0.03321934538348803
0 0.6230876216968011 0.40107474352711286 0.12378303198887343 0.030776746458231558
0 0.6383866481223922 0.4264777723497802 0.1349095966620306 0.02784562774792379
0 0.6411682892906815 0.4528578407425501 0.13212795549374132 0.03175378602833415
0 0.6342141863699583 0.4802149487054226 0.13908205841446453 0.03126526624328285
0 0.6161335187760779 0.5095261358085003 0.14186369958275383 0.038104543234000976
0 0.5841446453407511 0.5417684416218856 0.15577190542420027 0.04103566194430874
0 0.5549374130737135 0.575476306790425 0.15855354659248957 0.043478260869565216
0 0.5285118219749653 0.6116267708842208 0.14881780250347706 0.04054714215925745
0 0.5104311543810849 0.6507083536883244 0.16411682892906815 0.04103566194430874
0 0.5048678720445062 0.6922325354176844 0.16828929068150209 0.04250122129946263
0 0.502086230876217 0.7161700048851979 0.17941585535465926 0.032730825598436736