0 0.3999139784946237 0.1736046511627907 0.12481720430107532 0.026259689922480643
0 0.40638709677419355 0.1993798449612403 0.14208602150537633 0.0291763565891473
0 0.415010752688172 0.22417635658914728 0.15070967741935481 0.030145348837209315
0 0.41933333333333334 0.2518992248062015 0.13344086021505377 0.027228682170542657
0 0.4452258064516129 0.27815891472868215 0.13774193548387098 0.03112403100775194
0 0.4581720430107527 0.30003875968992244 0.13344086021505377 0.028207364341085284
0 0.4808387096774194 0.32483527131782947 0.1398924731182796 0.0291763565891473
0 0.49918279569892476 0.35644379844961244 0.15931182795698934 0.0340406976744186
0 0.5164516129032258 0.390484496124031 0.15068817204301074 0.03209302325581396
0 0.5132043010752688 0.4245251937984496 0.14421505376344074 0.03598837209302324
0 0.5089032258064515 0.4648934108527132 0.15283870967741922 0.03695736434108526
0 0.503505376344086 0.4994186046511628 0.1506881720430106 0.030145348837209207
0 0.49593548387096775 0.5256782945736435 0.15716129032258072 0.024312015503875888
0 0.49918279569892476 0.5504748062015504 0.16363440860215062 0.025290697674418515
0 0.49593548387096775 0.5791666666666667 0.17010752688172048 0.03209302325581385
0 0.49810752688172044 0.6102906976744187 0.17010752688172048 0.024312015503875888
0 0.5045806451612903 0.6491957364341086 0.178752688172043 0.039874031007752025