0 0.38707547169811324 0.1226875 0.22413207547169814 0.067125
0 0.42220754716981135 0.17766666666666667 0.24228301886792458 0.08564583333333337
0 0.46990566037735854 0.2210625 0.2705849056603773 0.09143750000000003
0 0.5254528301886793 0.25926041666666666 0.2957547169811321 0.09721875000000005
0 0.5967169811320755 0.30555208333333334 0.30205660377358495 0.08795833333333328
0 0.644943396226415 0.35475 0.30835849056603765 0.08333333333333333
0 0.681622641509434 0.40711458333333334 0.327245283018868 0.07465624999999995
0 0.6831886792452829 0.4589166666666667 0.3157169811320755 0.08795833333333328
0 0.654377358490566 0.5208333333333334 0.31675471698113206 0.08912499999999994
0 0.5977735849056603 0.5801458333333334 0.2853018867924529 0.10474999999999994
0 0.5212264150943396 0.63165625 0.2534339622641508 0.1105312499999999
0 0.4226981132075472 0.6851875 0.2639622641509435 0.10416666666666667
0 0.3440943396226415 0.7517395833333332 0.2765471698113207 0.08564583333333337
0 0.35824528301886793 0.8272604166666666 0.2733962264150943 0.09316666666666672
0 0.4410943396226415 0.890625 0.33241509433962263 0.1064791666666667
0 0.37098113207547173 0.071875 0.18586792452830186 0.055833333333333325
0 0.374 0.03729166666666666 0.19796226415094342 0.058333333333333334