0 0.4424131627056673 0.23986321446018563 0.1773308957952468 0.027357107962872496
0 0.4186471663619744 0.2628236443575965 0.17550274223034734 0.027357107962872496
0 0.40950639853747717 0.2882266731802638 0.1663619744058501 0.0268685881778212
0 0.4113345521023766 0.3126526624328285 0.19378427787934185 0.030288226673180263
0 0.42413162705667273 0.3424523693209575 0.1773308957952468 0.030288226673180263
0 0.42778793418647165 0.36980947728383 0.17915904936014626 0.03126526624328285
0 0.4405850091407678 0.3966780654616512 0.1773308957952468 0.030288226673180263
0 0.44789762340036565 0.4240351734245237 0.17184643510054845 0.03126526624328285
0 0.453382084095064 0.4509037616023449 0.17915904936014626 0.032730825598436736
0 0.4643510054844607 0.4811919882755252 0.17550274223034734 0.0356619443087445
0 0.47714808043875684 0.5148998534440645 0.1956124314442413 0.033707865168539325
0 0.489945155393053 0.5490962383976551 0.21389396709323583 0.04201270151441133
0 0.5319926873857403 0.5857352222765022 0.21572212065813529 0.04738641914997557
0 0.5575868372943327 0.6243282852955545 0.22486288848263253 0.048851978505129456
0 0.5850091407678245 0.668295065950171 0.2376599634369287 0.043478260869565216
0 0.5923217550274223 0.7103077674645824 0.24314442413162707 0.05276013678553981
0 0.5795246800731262 0.7567171470444553 0.3071297989031079 0.039081582804103565