0 0.4946948356807512 0.12441530054644809 0.23413145539906105 0.028994535519125685
0 0.5033802816901408 0.15544262295081965 0.2399061032863851 0.033038251366120236
0 0.4990610328638497 0.17971584699453552 0.2543661971830986 0.033038251366120236
0 0.5120657276995305 0.20938797814207652 0.24568075117370886 0.03169398907103825
0 0.5207511737089202 0.24175956284153005 0.23990610328638495 0.034393442622950784
0 0.5482629107981221 0.272775956284153 0.2427699530516431 0.03169398907103825
0 0.5584037558685446 0.30210928961748634 0.24568075117370886 0.035071038251366156
0 0.5670892018779342 0.3297595628415301 0.25145539906103287 0.035071038251366156
0 0.5511737089201878 0.360448087431694 0.23699530516431933 0.03439344262295085
0 0.5410328638497652 0.39214207650273225 0.23990610328638495 0.03573770491803284
0 0.5265727699530516 0.4248415300546448 0.2630985915492959 0.03775956284153
0 0.4845539906103286 0.4592349726775956 0.2833802816901408 0.041814207650273216
0 0.44253521126760564 0.4996939890710383 0.27469483568075115 0.041814207650273216
0 0.4164788732394366 0.5445464480874317 0.2688732394366198 0.04113661202185803
0 0.42225352112676057 0.5924262295081968 0.29784037558685444 0.043836065573770386
0 0.48018779342723006 0.6440109289617486 0.32103286384976526 0.048557377049180395
0 0.5453521126760563 0.692568306010929 0.31812206572769947 0.048557377049180395