0 0.33258490566037735 0.09085416666666667 0.21575471698113202 0.05670833333333333
0 0.32890566037735847 0.14207291666666666 0.221 0.06076041666666665
0 0.35041509433962265 0.1906875 0.23911320754716986 0.07465625000000002
0 0.3771509433962264 0.23032291666666668 0.2485471698113208 0.07754166666666672
0 0.4290377358490566 0.27980208333333334 0.27896226415094344 0.07581249999999998
0 0.4997735849056604 0.3182916666666667 0.2905094339622642 0.0775416666666666
0 0.563188679245283 0.3697916666666667 0.24335849056603778 0.06596875000000005
0 0.5736603773584906 0.4166666666666667 0.279 0.0625
0 0.5154905660377358 0.46845833333333337 0.24649056603773584 0.08391666666666661
0 0.43475471698113205 0.53009375 0.27966037735849053 0.0949062499999999
0 0.33362264150943394 0.5873854166666667 0.29541509433962265 0.09954166666666661
0 0.2770188679245283 0.6504583333333334 0.2870377358490566 0.08217708333333344
0 0.2979811320754717 0.7184583333333333 0.3268679245283019 0.08622916666666663
0 0.3829245283018868 0.7884791666666667 0.3313584905660377 0.1082187500000001
0 0.5207358490566038 0.86053125 0.33871698113207543 0.1064791666666667
0 0.6019622641509434 0.9186875000000001 0.3397924528301887 0.10474999999999994
0 0.33869811320754717 0.05283333333333333 0.22977358490566033 0.04869791666666667