0 0.5172687224669604 0.1049204052098408 0.2026431718061674 0.03824891461649784
0 0.5447577092511013 0.13412445730824893 0.2042290748898679 0.043936324167872666
0 0.5487224669603524 0.16616497829232996 0.21207048458149774 0.04186685962373373
0 0.5691629955947136 0.198205499276411 0.2215418502202644 0.043936324167872666
0 0.5888105726872247 0.23128798842257597 0.21365638766519823 0.043936324167872666
0 0.6148017621145374 0.27263386396526773 0.19634361233480174 0.05219971056439941
0 0.6297356828193832 0.30778581765557167 0.2042290748898679 0.043936324167872666
0 0.625022026431718 0.34396526772793057 0.21365638766519823 0.04496382054992763
0 0.5990748898678414 0.3819536903039074 0.19634361233480174 0.055817655571635386
0 0.5605286343612335 0.4245875542691751 0.21052863436123345 0.053241678726483305
0 0.5196035242290749 0.4669753979739508 0.2230837004405287 0.06564399421128801
0 0.4865638766519824 0.5088422575976845 0.23885462555066078 0.053241678726483305
0 0.4826431718061674 0.558972503617945 0.24986784140969176 0.060477568740955084
0 0.492863436123348 0.6106512301013024 0.26088105726872257 0.07081041968162077
0 0.5196035242290749 0.6701013024602026 0.2703083700440528 0.07081041968162077
0 0.5652422907488986 0.7191895803183792 0.29603524229074885 0.06874095513748191
0 0.6077092511013216 0.7814761215629522 0.30176211453744495 0.05167872648335751