0 0.5022264150943396 0.05535416666666667 0.20888679245283026 0.03870833333333333
0 0.48869811320754714 0.08489583333333334 0.19167924528301894 0.04889583333333333
0 0.48069811320754713 0.12292708333333334 0.1929056603773585 0.052968749999999995
0 0.4671698113207547 0.16570833333333335 0.19537735849056606 0.05568749999999998
0 0.4573396226415094 0.21222916666666666 0.2002830188679245 0.055010416666666666
0 0.4487169811320755 0.2628333333333333 0.1929056603773585 0.06247916666666668
0 0.4401132075471698 0.31275000000000003 0.21013207547169813 0.06452083333333339
0 0.43333962264150944 0.35892708333333334 0.23350943396226415 0.06315625
0 0.43581132075471696 0.41291666666666665 0.24581132075471704 0.058406250000000055
0 0.43026415094339626 0.4703125 0.24458490566037736 0.06859375000000002
0 0.42841509433962266 0.5259999999999999 0.2605660377358491 0.07131250000000004
0 0.42226415094339625 0.5833854166666667 0.27041509433962274 0.06791666666666671
0 0.4401132075471698 0.64553125 0.2667169811320755 0.07538541666666655
0 0.43581132075471696 0.7086875 0.2630188679245284 0.07403124999999994
0 0.458566037735849 0.7643854166666666 0.2962264150943396 0.08489583333333334
0 0.4708679245283019 0.8373854166666667 0.30605660377358496 0.09101041666666679
0 0.4831509433962264 0.9141354166666668 0.3109811320754718 0.08285416666666663