0 0.4847942754919499 0.5322265625 0.35778175313059035 0.04150390625
0 0.4561717352415027 0.576171875 0.36493738819320215 0.03759765625
0 0.4525939177101968 0.62158203125 0.370304114490161 0.04296875
0 0.48300536672629696 0.67041015625 0.36493738819320215 0.04150390625
0 0.49731663685152055 0.71484375 0.3416815742397138 0.04150390625
0 0.5366726296958855 0.49658203125 0.3667262969588551 0.03466796875
0 0.5760286225402504 0.45849609375 0.2772808586762075 0.03515625
0 0.5957066189624329 0.42626953125 0.2522361359570662 0.02978515625
0 0.6100178890876565 0.3974609375 0.26118067978533094 0.02587890625
0 0.5760286225402504 0.36865234375 0.27549194991055453 0.0224609375
0 0.5491949910554562 0.34130859375 0.3112701252236136 0.02490234375
0 0.5116279069767442 0.31640625 0.2844364937388193 0.0205078125
0 0.47942754919499103 0.29052734375 0.30590339892665475 0.02587890625
0 0.4525939177101968 0.2626953125 0.22182468694096602 0.021484375
0 0.4329159212880143 0.23828125 0.22182468694096602 0.0205078125
0 0.4418604651162791 0.2119140625 0.2880143112701252 0.02490234375
0 0.5241502683363148 0.75830078125 0.2826475849731664 0.0400390625