0 0.3484905660377358 0.6300833333333333 0.2896037735849057 0.06570833333333326
0 0.32154716981132075 0.5638854166666667 0.2966226415094339 0.0588229166666667
0 0.32898113207547175 0.5005104166666666 0.2617358490566038 0.0621458333333333
0 0.4014716981132075 0.4500625 0.2561132075471698 0.06678125000000001
0 0.4808490566037736 0.40071875 0.2606981132075472 0.061093749999999974
0 0.535 0.351625 0.303867924528302 0.06025000000000003
0 0.5376792452830189 0.296375 0.2583018867924528 0.0621458333333333
0 0.5269811320754717 0.24967708333333333 0.2415471698113207 0.06220833333333336
0 0.5041320754716981 0.20523958333333334 0.2099056603773585 0.05884375000000001
0 0.47767924528301886 0.15586458333333333 0.23758490566037738 0.04520833333333331
0 0.44215094339622646 0.11996875 0.20566037735849058 0.04058333333333334
0 0.450622641509434 0.08179166666666667 0.2605471698113207 0.04815624999999999
0 0.4808679245283019 0.03696875 0.2465471698113207 0.04452083333333333
0 0.4052641509433962 0.6878854166666667 0.27784905660377357 0.06107291666666678
0 0.4908679245283019 0.7615625 0.3001886792452831 0.06542708333333327
0 0.5461320754716981 0.8355833333333333 0.3196415094339622 0.08809374999999993
0 0.5900754716981133 0.9072604166666667 0.3146603773584905 0.08423958333333322