0 0.4534150943396226 0.8228958333333334 0.3687169811320754 0.08017708333333336
0 0.406 0.7481354166666667 0.3136415094339623 0.07521875000000004
0 0.40975471698113203 0.6863333333333334 0.3443773584905661 0.07236458333333336
0 0.4275283018867925 0.6241875 0.2937547169811321 0.07067708333333324
0 0.475622641509434 0.5590937500000001 0.28722641509433955 0.07588541666666657
0 0.5333396226415095 0.5100729166666667 0.30650943396226404 0.07097916666666665
0 0.599566037735849 0.45733333333333337 0.3296415094339623 0.07543749999999996
0 0.5953962264150944 0.3958125 0.3403396226415094 0.05904166666666662
0 0.5641132075471699 0.34388541666666667 0.28681132075471694 0.05256250000000004
0 0.5211509433962264 0.2949791666666667 0.2787358490566038 0.06485416666666666
0 0.4599245283018868 0.24708333333333332 0.3116226415094339 0.05405208333333332
0 0.4089622641509434 0.18995833333333334 0.2632452830188679 0.05849999999999997
0 0.40286792452830195 0.14684375 0.26864150943396226 0.04939583333333335
0 0.3996981132075472 0.10264583333333334 0.21818867924528298 0.04670833333333334
0 0.38552830188679243 0.061812500000000006 0.23628301886792455 0.043739583333333346
0 0.47777358490566035 0.906125 0.4462830188679246 0.08957291666666668
0 0.38898113207547164 0.03511458333333333 0.20515094339622644 0.0344375