0 0.43918867924528304 0.92046875 0.3405094339622641 0.07558333333333328
0 0.44086792452830187 0.840125 0.28471698113207555 0.08207291666666663
0 0.4490754716981132 0.7633020833333333 0.22069811320754723 0.07862500000000001
0 0.47752830188679246 0.6896875 0.2350188679245283 0.08682291666666657
0 0.5415471698113207 0.6384791666666667 0.2589622641509434 0.07714583333333327
0 0.583754716981132 0.5894375000000001 0.2653396226415094 0.07705208333333337
0 0.6508301886792452 0.5361666666666667 0.23339622641509442 0.08805208333333331
0 0.7426603773584906 0.49097916666666663 0.2330188679245283 0.08067708333333339
0 0.762188679245283 0.4491354166666667 0.22001886792452832 0.07720833333333334
0 0.8103584905660377 0.41219791666666666 0.2343773584905661 0.07797916666666668
0 0.8211132075471698 0.3471458333333333 0.28820754716981134 0.07566666666666665
0 0.8028867924528301 0.2860416666666667 0.34122641509433943 0.08971875
0 0.5292830188679245 0.083375 0.21552830188679248 0.033958333333333326
0 0.5812264150943397 0.12310416666666667 0.20584905660377362 0.04029166666666668
0 0.6560188679245283 0.16422916666666668 0.19694339622641507 0.03502083333333334
0 0.7531132075471698 0.20464583333333333 0.23656603773584906 0.06088541666666666
0 0.4722830188679245 0.044864583333333326 0.18069811320754714 0.0469375