0 0.5507142857142857 0.11097625329815304 0.19390977443609017 0.03728232189973613
0 0.3431203007518797 0.7849604221635884 0.28503759398496237 0.052770448548812667
0 0.3374812030075188 0.7394459102902374 0.3188721804511278 0.06200527704485488
0 0.34687969924812034 0.674802110817942 0.3000751879699248 0.06464379947229551
0 0.38259398496240604 0.6134564643799473 0.2963157894736842 0.07387862796833773
0 0.4728195488721805 0.5606860158311345 0.2887593984962406 0.07387862796833773
0 0.5799248120300752 0.5224274406332454 0.23236842105263159 0.08179419525065963
0 0.6569924812030075 0.48482849604221634 0.23609022556390982 0.06728232189973615
0 0.7434586466165414 0.44327176781002636 0.24360902255639102 0.06068601583113457
0 0.7923308270676691 0.4023746701846966 0.24357142857142866 0.055408970976253295
0 0.7942105263157895 0.3654353562005277 0.26236842105263164 0.055408970976253295
0 0.7697744360902256 0.32189973614775724 0.24360902255639102 0.07387862796833773
0 0.7303007518796992 0.2849604221635884 0.23233082706766922 0.06596306068601583
0 0.6814285714285714 0.25395778364116095 0.22481203007518802 0.06200527704485488
0 0.6212781954887218 0.22163588390501318 0.19477443609022557 0.047493403693931395
0 0.5724060150375939 0.1853562005277045 0.18725563909774437 0.04353562005277045
0 0.5557142857142857 0.14704485488126648 0.18612781954887214 0.043430079155672804