0 0.42477358490566036 0.8838229166666667 0.36337735849056607 0.06832291666666658
0 0.4155471698113208 0.8015000000000001 0.33733962264150935 0.08141666666666675
0 0.4392641509433962 0.7281145833333333 0.33550943396226424 0.07265625
0 0.4706981132075472 0.6595 0.33781132075471704 0.07972916666666663
0 0.5275471698113208 0.5884583333333333 0.3226981132075471 0.0777291666666668
0 0.5753396226415094 0.5291666666666667 0.30158490566037743 0.07914583333333335
0 0.6164716981132076 0.46540625 0.28107547169811326 0.05955208333333329
0 0.6674905660377358 0.41694791666666664 0.29845283018867935 0.06990625000000002
0 0.6645094339622641 0.3647395833333333 0.31194339622641515 0.07091666666666671
0 0.6515849056603773 0.3099895833333333 0.28166037735849053 0.06422916666666663
0 0.6329622641509435 0.2533333333333333 0.28733962264150936 0.07661458333333329
0 0.5890000000000001 0.21281250000000002 0.22975471698113203 0.05411458333333332
0 0.5391320754716982 0.18264583333333334 0.232245283018868 0.05138541666666665
0 0.5168679245283019 0.12754166666666666 0.21673584905660379 0.05294791666666665
0 0.5021320754716981 0.08659375 0.23403773584905654 0.05260416666666667
0 0.47986792452830185 0.041468750000000006 0.24079245283018869 0.06309374999999999
0 0.433 0.9488229166666666 0.3718113207547169 0.061510416666666616