0 0.48454716981132073 0.089125 0.186377358490566 0.04745833333333334
0 0.4887735849056604 0.13107291666666665 0.1783584905660377 0.046875
0 0.4934528301886792 0.171875 0.1727358490566037 0.052083333333333336
0 0.49816981132075466 0.22135416666666666 0.16539622641509427 0.057291666666666664
0 0.5096981132075471 0.26476041666666666 0.18216981132075463 0.0549791666666667
0 0.5102264150943396 0.31220833333333337 0.18532075471698117 0.06076041666666671
0 0.5065660377358491 0.359375 0.18847169811320752 0.0625
0 0.47877358490566035 0.41492708333333334 0.20418867924528308 0.06944791666666662
0 0.4389622641509434 0.46180208333333334 0.22516981132075467 0.06712499999999993
0 0.3891698113207547 0.5124375 0.23879245283018857 0.07117708333333338
0 0.35667924528301886 0.5734999999999999 0.23881132075471698 0.0763854166666666
0 0.34252830188679245 0.6354166666666666 0.25452830188679254 0.06829166666666661
0 0.36192452830188676 0.7013854166666668 0.2618679245283018 0.0763854166666666
0 0.41279245283018867 0.7581041666666667 0.2611320754716982 0.09375
0 0.48562264150943396 0.8287083333333333 0.2915471698113207 0.09028125000000008
0 0.5144528301886793 0.8987291666666667 0.32196226415094337 0.08217708333333344
0 0.4774339622641509 0.053125 0.19747169811320758 0.05