0 0.28605263157894734 0.1263082133784928 0.15002923976608187 0.0691532599491956
0 0.32625730994152047 0.15982218458933106 0.13785087719298247 0.06844199830651988
0 0.378640350877193 0.1926333615580017 0.1476023391812866 0.07902624894157498
0 0.4529385964912281 0.20709568162574093 0.13055555555555548 0.06985605419136325
0 0.5266520467836258 0.23285351397121085 0.14397660818713454 0.07762066045723959
0 0.5881725146198831 0.2519051651143099 0.15738304093567249 0.07479254868755296
0 0.6387280701754385 0.2822438611346317 0.17809941520467826 0.08044030482641829
0 0.6710087719298246 0.33375952582557156 0.1768859649122807 0.07620660457239628
0 0.6649122807017545 0.381735817104149 0.1671491228070176 0.07620660457239628
0 0.6630847953216374 0.42513124470787467 0.16836257309941516 0.08114309906858598
0 0.6094736842105263 0.4731160033869602 0.20198830409356722 0.0867908552074513
0 0.5461257309941521 0.5165114309906859 0.18494152046783627 0.0846740050804403
0 0.4900877192982456 0.5669602032176122 0.182514619883041 0.0853767993226079
0 0.4687719298245614 0.6311769686706181 0.2105409356725146 0.08820491109229472
0 0.45475146198830413 0.7006773920406435 0.2093274853801169 0.07338696020321768
0 0.45840643274853804 0.774411515664691 0.20444444444444448 0.09102455546147332
0 0.48339181286549704 0.8569686706181202 0.2324561403508772 0.09667231160033876