0 0.46464150943396226 0.08883333333333333 0.2010566037735848 0.06770833333333333
0 0.442622641509434 0.13165625 0.21573584905660373 0.07002083333333334
0 0.44890566037735846 0.17245833333333332 0.23667924528301887 0.07638541666666665
0 0.46990566037735854 0.22048958333333332 0.24752830188679234 0.06944791666666668
0 0.49873584905660373 0.261 0.2611698113207546 0.07291666666666667
0 0.5291132075471698 0.31163541666666666 0.26954716981132076 0.06886458333333335
0 0.5448490566037736 0.35763541666666665 0.29471698113207556 0.07176041666666665
0 0.5568679245283019 0.40480208333333334 0.2450377358490566 0.06076041666666671
0 0.5589622641509434 0.45138541666666665 0.23875471698113201 0.06712499999999993
0 0.5469056603773585 0.5124375 0.24190566037735856 0.07002083333333337
0 0.5222830188679245 0.5662604166666667 0.24086792452830183 0.06770833333333333
0 0.5128490566037736 0.6276041666666666 0.2513396226415095 0.07233333333333339
0 0.5023584905660378 0.6958958333333333 0.26183018867924523 0.08275000000000006
0 0.5091698113207548 0.7670729166666667 0.2691698113207547 0.07465625000000008
0 0.5243773584905661 0.8391249999999999 0.28698113207547177 0.08217708333333344
0 0.5563396226415095 0.9085625 0.31526415094339627 0.07754166666666672
0 0.5010943396226415 0.04942708333333334 0.1913207547169811 0.049239583333333344