0 0.4292866082603254 0.89453125 0.23654568210262827 0.04931640625
0 0.409261576971214 0.84033203125 0.2190237797246558 0.05029296875
0 0.4005006257822278 0.79052734375 0.21526908635794745 0.05322265625
0 0.409261576971214 0.74365234375 0.18648310387984982 0.05029296875
0 0.4267834793491865 0.70068359375 0.1739674593241552 0.0595703125
0 0.46307884856070086 0.6611328125 0.2002503128911139 0.0625
0 0.4981226533166458 0.623046875 0.17897371714643304 0.056640625
0 0.5193992490613266 0.58154296875 0.15269086357947434 0.0546875
0 0.5857321652065082 0.5556640625 0.15269086357947434 0.060546875
0 0.6170212765957447 0.5166015625 0.15769712140175218 0.0419921875
0 0.6508135168961201 0.4873046875 0.14643304130162704 0.04736328125
0 0.6445556946182729 0.45458984375 0.12265331664580725 0.0380859375
0 0.6307884856070087 0.421875 0.11514392991239049 0.0390625
0 0.6120150187734669 0.390625 0.13642052565707133 0.0400390625
0 0.5994993742177722 0.36181640625 0.13391739674593242 0.02978515625
0 0.5769712140175219 0.33056640625 0.16270337922403003 0.0380859375
0 0.5594493116395495 0.29736328125 0.16896120150187735 0.03271484375