0 0.5107924528301887 0.80940625 0.2508113207547171 0.08285416666666663
0 0.466245283018868 0.7430416666666667 0.23871698113207543 0.0876770833333334
0 0.4301132075471698 0.6940416666666667 0.2501132075471698 0.04982291666666659
0 0.42367924528301887 0.64125 0.24769811320754712 0.05951041666666678
0 0.45724528301886797 0.58434375 0.22173584905660373 0.060989583333333285
0 0.4993207547169811 0.5316354166666667 0.21281132075471693 0.07502083333333331
0 0.5671320754716981 0.48370833333333335 0.20756603773584903 0.07498958333333335
0 0.606754716981132 0.43074999999999997 0.20379245283018865 0.06353125000000001
0 0.5709622641509434 0.324 0.22277358490566027 0.05871875000000001
0 0.582 0.37385416666666665 0.2373018867924528 0.05743749999999999
0 0.5439245283018868 0.2738229166666667 0.21649056603773587 0.05244791666666669
0 0.5163962264150943 0.22501041666666666 0.1882264150943396 0.06174999999999997
0 0.474622641509434 0.18123958333333334 0.18354716981132072 0.053385416666666664
0 0.4470566037735849 0.13064583333333332 0.18377358490566034 0.053593750000000016
0 0.42669811320754714 0.08447916666666666 0.17828301886792455 0.05291666666666668
0 0.42137735849056607 0.04654166666666667 0.17518867924528295 0.04927083333333333
0 0.5300943396226415 0.8815104166666666 0.3273584905660377 0.06510416666666667