0 0.49896226415094336 0.0843125 0.15764150943396218 0.053312500000000006
0 0.4529433962264151 0.12026041666666668 0.17000000000000004 0.056416666666666664
0 0.44143396226415094 0.17528125 0.1795471698113208 0.05795833333333332
0 0.4745660377358491 0.22363541666666667 0.20107547169811318 0.062302083333333334
0 0.5161132075471698 0.2715208333333334 0.2201698113207546 0.06446874999999999
0 0.5419056603773584 0.31925000000000003 0.21209433962264146 0.06385416666666661
0 0.5492075471698112 0.36915624999999996 0.21320754716981133 0.05765625000000003
0 0.5388490566037736 0.42030208333333335 0.2139999999999999 0.06261458333333335
0 0.510188679245283 0.47221874999999996 0.22275471698113197 0.0666354166666667
0 0.48267924528301887 0.5256770833333333 0.21490566037735845 0.06942708333333343
0 0.46556603773584904 0.5839583333333334 0.21547169811320763 0.06757291666666679
0 0.4568679245283019 0.6518333333333334 0.23062264150943398 0.07066666666666659
0 0.45096226415094337 0.7245208333333333 0.23792452830188685 0.06849999999999999
0 0.4470377358490566 0.7951875 0.26037735849056604 0.06973958333333338
0 0.4571509433962265 0.87096875 0.27947169811320755 0.07129166666666673
0 0.46777358490566034 0.9330729166666667 0.32345283018867926 0.07586458333333326
0 0.5203584905660378 0.04826041666666667 0.1823396226415094 0.052427083333333346