0 0.5028867924528302 0.07928125 0.225132075471698 0.05555208333333335
0 0.49764150943396224 0.13020833333333334 0.22096226415094342 0.06365625000000001
0 0.5034150943396226 0.171875 0.21152830188679247 0.06018749999999997
0 0.4955849056603774 0.22714583333333332 0.2255283018867924 0.06770833333333333
0 0.5013396226415094 0.28095833333333337 0.22028301886792453 0.057291666666666664
0 0.5107547169811321 0.3310208333333333 0.22409433962264147 0.0625
0 0.5170377358490565 0.38165625 0.22409433962264147 0.06655208333333332
0 0.5322264150943395 0.43113541666666666 0.2460943396226414 0.07407291666666668
0 0.5316981132075472 0.49103125 0.26183018867924523 0.08275000000000006
0 0.5448113207547169 0.5526666666666666 0.27543396226415096 0.07407291666666656
0 0.5584716981132075 0.6195 0.30518867924528303 0.08275000000000006
0 0.5898679245283018 0.67303125 0.3362264150943397 0.06829166666666661
0 0.5961509433962264 0.7375624999999999 0.32573584905660374 0.07349999999999994
0 0.5914339622641509 0.7881979166666666 0.35822641509433967 0.0763854166666666
0 0.568377358490566 0.8506979166666666 0.3687169811320754 0.08680208333333325
0 0.5417924528301886 0.9029479166666667 0.4256603773584906 0.10046875000000005
0 0.5362641509433963 0.043125 0.24967924528301894 0.059875000000000005