0 0.4118679245283019 0.059895833333333336 0.17667924528301884 0.057291666666666664
0 0.4555094339622641 0.10579166666666667 0.19358490566037728 0.07357291666666667
0 0.5032830188679246 0.14713541666666666 0.17826415094339626 0.06770833333333333
0 0.5498490566037736 0.18815625 0.17945283018867927 0.07161458333333333
0 0.6082075471698114 0.22526041666666666 0.1806415094339623 0.07421875
0 0.6883962264150943 0.2643229166666667 0.19716981132075473 0.078125
0 0.7573773584905661 0.30273958333333334 0.18656603773584904 0.08463541666666667
0 0.8139811320754717 0.3518854166666667 0.19364150943396224 0.08788541666666667
0 0.822811320754717 0.41211458333333334 0.21079245283018874 0.07291666666666667
0 0.8216415094339623 0.46484375 0.197188679245283 0.078125
0 0.7950943396226414 0.5244166666666666 0.2166981132075472 0.0905
0 0.7155094339622642 0.58040625 0.23911320754716986 0.10482291666666678
0 0.6258867924528302 0.6409479166666666 0.28630188679245283 0.11784375000000011
0 0.5256603773584906 0.6910833333333334 0.2792452830188679 0.11262499999999989
0 0.43426415094339627 0.7604166666666666 0.2898679245283019 0.10286458333333333
0 0.38886792452830193 0.83365625 0.2910566037735849 0.09831250000000011
0 0.38860377358490567 0.9114583333333334 0.28966037735849065 0.0625