0 0.40856603773584904 0.83903125 0.33145283018867927 0.08543749999999999
0 0.4000754716981132 0.7576458333333334 0.28307547169811326 0.0643645833333333
0 0.42750943396226415 0.6827395833333333 0.28994339622641513 0.08198958333333337
0 0.49728301886792453 0.6208958333333333 0.26947169811320765 0.07434374999999989
0 0.5823962264150944 0.5605 0.2705471698113207 0.08037500000000009
0 0.6835094339622642 0.5081562500000001 0.2552452830188679 0.07501041666666666
0 0.7638867924528302 0.4536875 0.24271698113207543 0.06959375000000007
0 0.8217924528301886 0.4062291666666667 0.21654716981132072 0.05987500000000002
0 0.8028867924528301 0.3461875 0.24664150943396232 0.05908333333333336
0 0.7787735849056604 0.29732291666666666 0.2733962264150943 0.05365624999999999
0 0.7119433962264151 0.25786458333333334 0.2550754716981131 0.06479166666666672
0 0.6394905660377359 0.21925 0.26871698113207537 0.07611458333333333
0 0.5452264150943397 0.17462499999999997 0.20352830188679247 0.06867708333333335
0 0.5142830188679245 0.13328125 0.18794339622641512 0.060958333333333344
0 0.4648301886792453 0.08304166666666667 0.16930188679245287 0.05248958333333332
0 0.4457735849056604 0.03396875 0.17745283018867916 0.041229166666666664
0 0.44139622641509435 0.9184895833333333 0.3312830188679246 0.07443750000000003