0 0.4909090909090909 0.240234375 0.15272727272727274 0.0263671875
0 0.4818181818181818 0.26318359375 0.17636363636363636 0.02783203125
0 0.4709090909090909 0.28857421875 0.14909090909090908 0.02490234375
0 0.4690909090909091 0.3125 0.1618181818181818 0.0302734375
0 0.4781818181818182 0.3359375 0.1690909090909091 0.029296875
0 0.49636363636363634 0.36181640625 0.1690909090909091 0.03076171875
0 0.5127272727272727 0.3876953125 0.15818181818181817 0.03173828125
0 0.5290909090909091 0.4130859375 0.16727272727272727 0.02880859375
0 0.509090909090909 0.44140625 0.15818181818181817 0.03271484375
0 0.5036363636363637 0.4677734375 0.18 0.03564453125
0 0.48 0.49951171875 0.18363636363636363 0.03662109375
0 0.45636363636363636 0.533203125 0.19818181818181818 0.03466796875
0 0.44 0.5703125 0.20363636363636364 0.03955078125
0 0.4381818181818182 0.609375 0.2018181818181818 0.04052734375
0 0.4636363636363636 0.64990234375 0.21818181818181817 0.04541015625
0 0.4909090909090909 0.68798828125 0.19818181818181818 0.04052734375
0 0.5309090909090909 0.72021484375 0.27636363636363637 0.033203125