0 0.4115094339622641 0.12561458333333334 0.1851509433962264 0.05146875000000003
0 0.41984905660377364 0.17064583333333333 0.17550943396226412 0.05085416666666666
0 0.4453584905660377 0.21630208333333334 0.15296226415094338 0.05146875000000003
0 0.4858867924528302 0.25244791666666666 0.14779245283018877 0.06127083333333332
0 0.5474716981132076 0.28890625000000003 0.1711132075471697 0.06801041666666663
0 0.595754716981132 0.32935416666666667 0.17445283018867933 0.06188541666666663
0 0.6251509433962263 0.37346874999999996 0.18001886792452823 0.06433333333333333
0 0.6245849056603773 0.42402083333333335 0.1762075471698113 0.057593749999999964
0 0.6073773584905661 0.47763541666666665 0.18398113207547168 0.06556250000000005
0 0.5663207547169811 0.5336979166666667 0.2017547169811322 0.07475
0 0.5291320754716982 0.5934479166666667 0.22062264150943386 0.07904166666666677
0 0.4875283018867924 0.65471875 0.19511320754716976 0.07904166666666677
0 0.45090566037735846 0.7166041666666667 0.22841509433962265 0.07291666666666667
0 0.44313207547169814 0.7855416666666667 0.23507547169811327 0.0698541666666666
0 0.4514528301886792 0.8581458333333334 0.2561509433962264 0.0778229166666667
0 0.4574716981132075 0.93153125 0.31718867924528305 0.08314583333333327
0 0.4134905660377359 0.08465625 0.18218867924528304 0.04659374999999999