0 0.4099056603773585 0.09922916666666667 0.18750943396226413 0.061406250000000016
0 0.4103962264150943 0.15186458333333333 0.19445283018867915 0.06030208333333332
0 0.4208301886792452 0.19353125 0.1898301886792453 0.06359375000000002
0 0.44913207547169814 0.23602083333333337 0.1808867924528302 0.07071874999999998
0 0.4819056603773585 0.27521874999999996 0.19281132075471696 0.06579166666666664
0 0.513188679245283 0.31633333333333336 0.21566037735849047 0.06797916666666666
0 0.5335471698113207 0.359375 0.21864150943396227 0.06523958333333332
0 0.5454528301886792 0.41172916666666665 0.24049056603773591 0.0625
0 0.5608490566037736 0.46216666666666667 0.23949056603773597 0.0625
0 0.563811320754717 0.5115104166666666 0.22918867924528308 0.06469791666666667
0 0.5513962264150943 0.5751145833333333 0.23613207547169807 0.07127083333333341
0 0.5106981132075472 0.6365104166666666 0.22658490566037742 0.08442708333333329
0 0.4734528301886793 0.69215625 0.21530188679245285 0.08716666666666674
0 0.4272830188679245 0.7606875 0.22424528301886787 0.08936458333333329
0 0.4183396226415094 0.8289479166666667 0.25005660377358496 0.06469791666666656
0 0.424811320754717 0.9029583333333334 0.2871320754716981 0.07894791666666663
0 0.42186792452830196 0.05482291666666666 0.21369811320754714 0.05234375