0 0.4911442786069652 0.029003906249999996 0.20039800995024876 0.039873046875
0 0.5211442786069652 0.073857421875 0.20039800995024876 0.04258789062500001
0 0.561542288557214 0.11417968750000002 0.207313432835821 0.047119140625
0 0.6227114427860697 0.158134765625 0.20960199004975122 0.053466796875
0 0.6977363184079602 0.2002734375 0.2442039800995024 0.05799804687499999
0 0.7646517412935323 0.24060546875 0.23957711442786056 0.05165039062499999
0 0.8050497512437811 0.2863671875 0.25111940298507474 0.05799804687499999
0 0.8269900497512438 0.335302734375 0.2303233830845772 0.05255859375000005
0 0.8189054726368159 0.3837890625 0.2464925373134329 0.05528320312500001
0 0.7542786069651742 0.437705078125 0.2834328358208957 0.07068359375
0 0.6781094527363185 0.49298828125 0.3434577114427859 0.08880859374999994
0 0.5788557213930348 0.54509765625 0.3434825870646767 0.08247070312500004
0 0.4680597014925373 0.6021875 0.3435074626865671 0.07883789062500002
0 0.3642039800995025 0.66607421875 0.31121890547263686 0.0833691406249999
0 0.31803482587064674 0.747177734375 0.30661691542288555 0.08247070312500004
0 0.3238059701492537 0.82783203125 0.3781592039800996 0.07521484374999998
0 0.32027363184079605 0.883134765625 0.39405472636815914 0.08037109374999996