0 0.3996415770609319 0.55078125 0.2867383512544803 0.037109375
0 0.3817204301075269 0.59130859375 0.32616487455197135 0.03564453125
0 0.3978494623655914 0.6328125 0.28136200716845877 0.0341796875
0 0.449820788530466 0.67626953125 0.2939068100358423 0.037109375
0 0.517921146953405 0.71533203125 0.2777777777777778 0.0341796875
0 0.41397849462365593 0.51611328125 0.2867383512544803 0.02978515625
0 0.44802867383512546 0.48193359375 0.24731182795698925 0.0302734375
0 0.489247311827957 0.451171875 0.23835125448028674 0.0302734375
0 0.507168458781362 0.42138671875 0.2060931899641577 0.02587890625
0 0.5125448028673835 0.39111328125 0.1881720430107527 0.0244140625
0 0.5 0.36181640625 0.1953405017921147 0.025390625
0 0.492831541218638 0.3349609375 0.1989247311827957 0.02490234375
0 0.4910394265232975 0.306640625 0.16129032258064516 0.025390625
0 0.4910394265232975 0.28173828125 0.2025089605734767 0.0234375
0 0.4874551971326165 0.25439453125 0.2060931899641577 0.025390625
0 0.492831541218638 0.22900390625 0.2025089605734767 0.02294921875
0 0.5591397849462365 0.748046875 0.25985663082437277 0.03857421875