0 0.4677735849056603 0.07754166666666666 0.2660377358490566 0.052083333333333336
0 0.4893018867924528 0.12210416666666667 0.28841509433962265 0.057875
0 0.4855849056603774 0.1585625 0.2786037735849056 0.067125
0 0.5196981132075472 0.20602083333333335 0.32615094339622647 0.06944791666666668
0 0.5375094339622641 0.2421875 0.36388679245283023 0.06655208333333332
0 0.5752452830188679 0.29658333333333337 0.3555094339622641 0.05844791666666668
0 0.5678679245283019 0.3469375 0.348811320754717 0.0642395833333333
0 0.5579433962264151 0.3912083333333333 0.32511320754716994 0.05787500000000006
0 0.5332830188679245 0.44299999999999995 0.3068867924528301 0.061916666666666724
0 0.4814339622641509 0.5002916666666667 0.323 0.07117708333333325
0 0.4195471698113208 0.5494791666666666 0.34569811320754723 0.07581249999999998
0 0.3959811320754717 0.60590625 0.3488490566037736 0.0798645833333334
0 0.4048867924528302 0.6643541666666667 0.3519811320754717 0.0810208333333333
0 0.4400377358490566 0.7335104166666666 0.40367924528301885 0.07465625000000008
0 0.4893018867924528 0.7988958333333334 0.4078867924528301 0.08275000000000006
0 0.5254150943396227 0.8712291666666666 0.5214905660377358 0.11386458333333328
0 0.4528867924528302 0.04386458333333333 0.27954716981132083 0.05319791666666666