0 0.5273018867924529 0.81475 0.28326415094339624 0.055666666666666725
0 0.47069811320754723 0.7540104166666667 0.27264150943396226 0.056416666666666754
0 0.41835849056603774 0.6925833333333333 0.2902452830188679 0.06237500000000011
0 0.42450943396226415 0.6200729166666666 0.28524528301886803 0.07260416666666672
0 0.48496226415094335 0.5654375 0.3097924528301888 0.06674999999999992
0 0.5394905660377358 0.5309791666666667 0.2780377358490566 0.06099999999999994
0 0.5861698113207547 0.47218750000000004 0.27624528301886786 0.05944791666666672
0 0.6077358490566038 0.42108333333333337 0.23899999999999993 0.0503541666666667
0 0.6060377358490566 0.36790625 0.21435849056603776 0.05978124999999999
0 0.6252075471698113 0.31334375 0.22188679245283024 0.05139583333333337
0 0.5847924528301887 0.26334375 0.20618867924528297 0.049374999999999974
0 0.5479811320754717 0.21771875 0.2119056603773586 0.05235416666666666
0 0.5112641509433963 0.16888541666666665 0.22947169811320756 0.06373958333333334
0 0.47483018867924526 0.11720833333333334 0.207622641509434 0.052281249999999994
0 0.46837735849056605 0.07767708333333333 0.1747547169811321 0.039375000000000014
0 0.5895094339622642 0.88384375 0.3546981132075472 0.07738541666666662
0 0.4633962264150943 0.042583333333333334 0.20501886792452834 0.042281250000000006