0 0.37601886792452827 0.7801041666666666 0.45128301886792455 0.0583645833333333
0 0.400377358490566 0.7121875000000001 0.47732075471698115 0.05879166666666672
0 0.44099999999999995 0.6449583333333333 0.4403584905660377 0.0718020833333334
0 0.5040566037735849 0.5816041666666667 0.37613207547169814 0.07029166666666668
0 0.5786415094339623 0.5210416666666666 0.3625283018867924 0.06084374999999997
0 0.6094905660377358 0.4646770833333333 0.3459433962264151 0.06301041666666668
0 0.6658679245283019 0.41598958333333336 0.2949433962264152 0.050937499999999976
0 0.6729811320754717 0.3636979166666666 0.2861886792452829 0.05523958333333331
0 0.6934528301886792 0.3144166666666666 0.3168490566037737 0.05459374999999997
0 0.6649999999999999 0.2642395833333333 0.3177735849056603 0.0489270833333333
0 0.6594150943396226 0.21344791666666665 0.27937735849056594 0.04041666666666668
0 0.6337547169811321 0.1731875 0.29675471698113204 0.04547916666666663
0 0.5890188679245283 0.12319791666666667 0.3030754716981132 0.050458333333333334
0 0.5533584905660377 0.08090625 0.2889999999999999 0.036312499999999984
0 0.5337358490566038 0.032010416666666666 0.31318867924528304 0.04380208333333333
0 0.419811320754717 0.8562604166666666 0.4764716981132075 0.07064583333333327
0 0.42267924528301887 0.9504791666666667 0.5184905660377359 0.07817708333333329