0 0.5157547169811321 0.8971354166666666 0.3561320754716981 0.09394791666666673
0 0.527811320754717 0.8567812499999999 0.3780566037735849 0.06918750000000008
0 0.5435471698113207 0.7868229166666667 0.3235094339622642 0.07402083333333327
0 0.5466792452830189 0.7213437500000001 0.2803396226415095 0.05995833333333327
0 0.5367735849056604 0.6610833333333334 0.27464150943396215 0.05635416666666657
0 0.5160943396226415 0.6092604166666666 0.26150943396226417 0.054020833333333226
0 0.48939622641509434 0.55575 0.28577358490566046 0.06194791666666669
0 0.48198113207547166 0.49922916666666667 0.23566037735849052 0.06581249999999995
0 0.4829622641509434 0.4449270833333333 0.24115094339622642 0.06046874999999995
0 0.4933773584905661 0.39085416666666667 0.22316981132075467 0.059489583333333346
0 0.5105283018867924 0.33196875 0.20098113207547166 0.06447916666666664
0 0.5308490566037736 0.2814583333333333 0.18162264150943394 0.04918750000000003
0 0.5308867924528302 0.22640625 0.1711320754716982 0.06572916666666669
0 0.5255283018867924 0.17044791666666667 0.17099999999999999 0.04929166666666666
0 0.5450943396226414 0.12065624999999998 0.17837735849056596 0.04517708333333334
0 0.5788490566037736 0.07848958333333332 0.20584905660377362 0.04505208333333333
0 0.5927358490566037 0.03370833333333333 0.15713207547169805 0.03591666666666666