0 0.48192452830188676 0.140625 0.21256603773584912 0.07986458333333335
0 0.4703962264150943 0.19386458333333334 0.19790566037735846 0.07291666666666667
0 0.4908679245283019 0.24623958333333332 0.20141509433962265 0.07465624999999995
0 0.5506037735849056 0.2864583333333333 0.20981132075471706 0.08680208333333338
0 0.6444150943396226 0.32436458333333335 0.24443396226415107 0.10821874999999999
0 0.7313962264150943 0.36487499999999995 0.27588679245283027 0.10590624999999995
0 0.7869433962264151 0.41319791666666666 0.29267924528301886 0.09375
0 0.7942830188679246 0.48553125 0.27171698113207543 0.09606250000000002
0 0.7549433962264152 0.5465833333333333 0.2659622641509435 0.109375
0 0.6569622641509434 0.6053229166666667 0.24396226415094352 0.11342708333333344
0 0.5154528301886793 0.6565416666666667 0.25449056603773584 0.10706249999999998
0 0.41222641509433955 0.7190416666666667 0.24928301886792453 0.10358333333333339
0 0.37186792452830186 0.7931145833333333 0.29645283018867924 0.09433333333333328
0 0.3409622641509434 0.8654479166666668 0.2933207547169811 0.08275000000000006
0 0.33832075471698114 0.9225208333333333 0.31303773584905653 0.09386458333333322
0 0.5086981132075472 0.11181250000000001 0.2122830188679245 0.07897916666666666
0 0.6197924528301887 0.06430208333333334 0.22015094339622654 0.08349999999999999