0 0.4582043343653251 0.24963361016121152 0.14396284829721362 0.03517342452369321
0 0.46904024767801855 0.2789447972642892 0.14860681114551083 0.025891548607718612
0 0.48606811145510836 0.3038593063019052 0.16718266253869968 0.03126526624328285
0 0.5 0.3312164142647777 0.14241486068111456 0.03126526624328285
0 0.5015479876160991 0.36345872007816316 0.15015479876160992 0.03321934538348803
0 0.4907120743034056 0.3937469467513434 0.14241486068111456 0.03419638495359062
0 0.47368421052631576 0.4225696140693698 0.15789473684210525 0.03517342452369321
0 0.4551083591331269 0.45578895945285786 0.1563467492260062 0.04152418172936004
0 0.43188854489164086 0.4865657059110894 0.17647058823529413 0.0361504640937958
0 0.3993808049535604 0.5227161700048852 0.18575851393188855 0.046409379579872984
0 0.3653250773993808 0.5642403517342452 0.19195046439628483 0.04592085979482169
0 0.3637770897832817 0.6091841719589643 0.20278637770897834 0.04152418172936004
0 0.39628482972136225 0.6595017098192477 0.21826625386996903 0.0537371763556424
0 0.4504643962848297 0.7059110893991206 0.22910216718266255 0.055202735710796286
0 0.5185758513931888 0.7420615534929165 0.2585139318885449 0.0449438202247191
0 0.44891640866873067 0.22227650219833903 0.14086687306501547 0.028334147532975085
0 0.4458204334365325 0.19540791402051783 0.15325077399380804 0.025891548607718612