0 0.4314339622641509 0.11523958333333333 0.17201886792452833 0.05195833333333333
0 0.45626415094339623 0.15895833333333334 0.18360377358490576 0.05356250000000002
0 0.4956981132075472 0.212625 0.19203773584905656 0.05818750000000002
0 0.5553018867924528 0.25373958333333335 0.1939622641509433 0.05965624999999998
0 0.6174150943396227 0.3299166666666667 0.22135849056603762 0.08507291666666662
0 0.6649433962264151 0.36573958333333334 0.24862264150943392 0.08680208333333338
0 0.7104339622641509 0.41782291666666665 0.263320754716981 0.09028124999999995
0 0.7476415094339622 0.47569791666666666 0.27903773584905656 0.0763854166666667
0 0.7623207547169811 0.5442708333333334 0.2895283018867925 0.08854166666666667
0 0.7366415094339623 0.6041666666666666 0.25073584905660373 0.09954166666666661
0 0.6302264150943396 0.6649270833333334 0.25969811320754715 0.09837500000000006
0 0.5091698113207548 0.7106458333333333 0.25449056603773584 0.10532291666666656
0 0.4101320754716981 0.7624375000000001 0.27652830188679234 0.09895833333333333
0 0.37867924528301883 0.84721875 0.27024528301886797 0.08912499999999994
0 0.40173584905660376 0.9314270833333332 0.3289245283018868 0.08854166666666667
0 0.4284339622641509 0.07146875 0.18481132075471707 0.039145833333333345
0 0.4186981132075472 0.03329166666666667 0.21400000000000002 0.0361875