0 0.39246085011185683 0.6094019607843137 0.20158836689038034 0.05353921568627441
0 0.3670469798657718 0.5535392156862745 0.211923937360179 0.04826470588235296
0 0.37778523489932886 0.5043431372549019 0.19042505592841164 0.04864705882352931
0 0.4263758389261745 0.45399999999999996 0.15973154362416114 0.060333333333333294
0 0.4986577181208054 0.42005882352941176 0.16143176733780767 0.06486274509803919
0 0.5782326621923938 0.3866862745098039 0.14850111856823264 0.0659803921568627
0 0.637158836689038 0.3536960784313725 0.15451901565995538 0.052794117647058846
0 0.655234899328859 0.319 0.1466219239373601 0.037705882352941214
0 0.6483668903803131 0.2756372549019608 0.13973154362416115 0.04599999999999996
0 0.6104921700223713 0.2518823529411765 0.15966442953020135 0.051284313725490256
0 0.37651006711409396 0.1606372549019608 0.12243847874720362 0.04826470588235296
0 0.4259731543624161 0.18721568627450982 0.14740492170022368 0.05919607843137255
0 0.4754362416107383 0.21191176470588236 0.16548098434004468 0.0512843137254902
0 0.5274944071588368 0.2311470588235294 0.13536912751677851 0.06334313725490197
0 0.41756152125279644 0.6589509803921568 0.18187919463087251 0.046401960784313655
0 0.34829977628635345 0.1310294117647059 0.13324384787472035 0.030539215686274487
0 0.3440044742729307 0.10350980392156862 0.12465324384787466 0.029039215686274513