0 0.5055094339622642 0.07002083333333334 0.198943396226415 0.05670833333333333
0 0.5044528301886793 0.11313541666666667 0.19475471698113211 0.05497916666666667
0 0.5091698113207548 0.16059374999999998 0.20209433962264153 0.05844791666666668
0 0.5270188679245282 0.21759374999999997 0.24649056603773584 0.07060416666666663
0 0.5846603773584905 0.260125 0.21716981132075475 0.06423958333333335
0 0.6202641509433963 0.3104791666666667 0.2188301886792453 0.0642395833333333
0 0.6260754716981132 0.35271875 0.24966037735849067 0.06655208333333332
0 0.6181698113207547 0.40856250000000005 0.2565660377358491 0.07176041666666665
0 0.5930188679245283 0.4658541666666667 0.27333962264150946 0.07176041666666665
0 0.5584716981132075 0.5188125 0.2968113207547169 0.08969791666666668
0 0.5364150943396226 0.5810208333333333 0.2649622641509433 0.07407291666666656
0 0.5039245283018867 0.6435208333333333 0.2712641509433962 0.07176041666666677
0 0.4950188679245283 0.7060208333333333 0.27441509433962274 0.0763854166666666
0 0.47458490566037737 0.77228125 0.26707547169811324 0.08043750000000002
0 0.47824528301886793 0.8405625000000001 0.28698113207547166 0.07581249999999998
0 0.49688679245283024 0.9226354166666667 0.35464150943396233 0.09221874999999997
0 0.5311320754716982 0.036812500000000005 0.19777358490566024 0.05048958333333333