0 0.45837735849056604 0.09434374999999999 0.16132075471698112 0.05112499999999998
0 0.460056603773585 0.13569791666666667 0.16132075471698112 0.04646875000000002
0 0.46932075471698115 0.17938541666666669 0.1764716981132075 0.05390625
0 0.4937358490566038 0.22167708333333333 0.17477358490566036 0.04740624999999999
0 0.5206603773584906 0.26396875 0.19160377358490557 0.05577083333333335
0 0.5501132075471699 0.30393749999999997 0.1966415094339623 0.05390625
0 0.5821132075471698 0.35319791666666667 0.19326415094339636 0.06134374999999999
0 0.5997735849056604 0.40431249999999996 0.1882264150943396 0.0557708333333333
0 0.6056792452830189 0.45451041666666664 0.18990566037735845 0.06320833333333328
0 0.5997735849056604 0.5065520833333333 0.19832075471698116 0.07063541666666673
0 0.5694716981132075 0.5706875 0.19158490566037728 0.0706354166666666
0 0.5349622641509434 0.63528125 0.1966603773584906 0.07899999999999992
0 0.5013018867924528 0.6980208333333333 0.20001886792452828 0.0706354166666666
0 0.46258490566037735 0.7677291666666667 0.22022641509433957 0.06691666666666668
0 0.4592264150943396 0.8323333333333333 0.22024528301886795 0.06970833333333341
0 0.4802641509433962 0.8946041666666668 0.23875471698113213 0.06598958333333324
0 0.4912830188679245 0.9605625 0.30675471698113216 0.07291666666666667