0 0.4909456740442656 0.2412109375 0.19517102615694165 0.0283203125
0 0.48893360160965793 0.26904296875 0.21327967806841047 0.02880859375
0 0.4768611670020121 0.29638671875 0.19718309859154928 0.03173828125
0 0.4647887323943662 0.32373046875 0.19919517102615694 0.03271484375
0 0.448692152917505 0.353515625 0.19517102615694165 0.03125
0 0.43259557344064387 0.3837890625 0.1851106639839034 0.03369140625
0 0.4225352112676056 0.4169921875 0.19114688128772636 0.03662109375
0 0.42052313883299797 0.4453125 0.2052313883299799 0.03271484375
0 0.4164989939637827 0.47998046875 0.21327967806841047 0.0400390625
0 0.4104627766599598 0.5146484375 0.23138832997987926 0.03662109375
0 0.4225352112676056 0.548828125 0.24949698189134809 0.04150390625
0 0.43661971830985913 0.58984375 0.25553319919517103 0.048828125
0 0.45271629778672035 0.63330078125 0.27565392354124746 0.04638671875
0 0.47484909456740443 0.68115234375 0.2716297786720322 0.048828125
0 0.48490945674044267 0.7314453125 0.2776659959758551 0.0537109375
0 0.4909456740442656 0.78125 0.3038229376257545 0.05126953125
0 0.4909456740442656 0.81201171875 0.32595573440643866 0.0380859375