0 0.44666037735849057 0.054802083333333335 0.2204528301886792 0.049812499999999996
0 0.4730377358490566 0.09847916666666667 0.24820754716981133 0.05901041666666667
0 0.48692452830188676 0.13948958333333333 0.2537547169811321 0.06284374999999999
0 0.549377358490566 0.17971875 0.256509433962264 0.06973958333333333
0 0.6153018867924529 0.21497916666666667 0.2329056603773586 0.07434375
0 0.6847169811320755 0.25253125 0.22454716981132072 0.06361458333333339
0 0.7506415094339622 0.30157291666666663 0.22869811320754724 0.0712708333333333
0 0.7922830188679246 0.34833333333333333 0.23979245283018874 0.05901041666666664
0 0.7936792452830188 0.3954583333333333 0.2259245283018868 0.07357291666666667
0 0.7645283018867924 0.4491145833333333 0.2259245283018868 0.0751041666666667
0 0.6833207547169812 0.4943229166666666 0.2523207547169812 0.08123958333333334
0 0.5979622641509434 0.53878125 0.2509433962264151 0.09349999999999999
0 0.49107547169811316 0.5928125000000001 0.2759622641509434 0.08813541666666656
0 0.40364150943396226 0.6476041666666668 0.2815283018867925 0.0843020833333334
0 0.3238301886792453 0.7154375000000001 0.28016981132075475 0.09119791666666661
0 0.28356603773584904 0.7836458333333333 0.2885094339622642 0.07893749999999997
0 0.29050943396226414 0.8506979166666666 0.34956603773584916 0.08277083333333338