0 0.46601886792452835 0.7955520833333334 0.347188679245283 0.06907291666666661
0 0.3896792452830189 0.73040625 0.34607547169811326 0.06730208333333323
0 0.3545660377358491 0.6628958333333334 0.3162641509433962 0.07165624999999996
0 0.39218867924528306 0.5976145833333334 0.35166037735849054 0.07270833333333329
0 0.43960377358490565 0.5348333333333334 0.3142830188679244 0.06881249999999994
0 0.5017358490566038 0.4847916666666666 0.3041132075471697 0.061197916666666664
0 0.5520754716981132 0.43291666666666667 0.27037735849056593 0.05841666666666671
0 0.5753584905660377 0.38537499999999997 0.2662641509433962 0.055802083333333384
0 0.5748867924528301 0.33282291666666663 0.2763396226415095 0.046708333333333366
0 0.528566037735849 0.29600000000000004 0.26933962264150946 0.05802083333333338
0 0.48954716981132074 0.24744791666666668 0.24888679245283013 0.05366666666666665
0 0.46694339622641506 0.20470833333333335 0.2304716981132076 0.052177083333333305
0 0.4439056603773585 0.16341666666666665 0.23032075471698113 0.055458333333333346
0 0.43841509433962267 0.11778124999999999 0.23379245283018862 0.045395833333333316
0 0.4473018867924528 0.08475 0.21286792452830197 0.04093749999999998
0 0.6240188679245283 0.8659895833333333 0.4433018867924529 0.06420833333333344
0 0.4830188679245283 0.0435 0.28533962264150947 0.04096875