0 0.4605475040257649 0.5634765625 0.2528180354267311 0.0390625
0 0.46859903381642515 0.60693359375 0.2286634460547504 0.03564453125
0 0.4830917874396135 0.6513671875 0.24476650563607086 0.04150390625
0 0.4927536231884058 0.69921875 0.22705314009661837 0.0361328125
0 0.4573268921095008 0.52490234375 0.24798711755233493 0.03173828125
0 0.45088566827697263 0.4892578125 0.21256038647342995 0.02978515625
0 0.43800322061191627 0.45458984375 0.19162640901771336 0.0302734375
0 0.43156199677938806 0.42333984375 0.15458937198067632 0.0263671875
0 0.43800322061191627 0.39501953125 0.1819645732689211 0.02685546875
0 0.42995169082125606 0.3662109375 0.18357487922705315 0.0234375
0 0.4396135265700483 0.337890625 0.1723027375201288 0.03271484375
0 0.4428341384863124 0.3125 0.18679549114331723 0.0234375
0 0.4428341384863124 0.287109375 0.1642512077294686 0.02392578125
0 0.4444444444444444 0.2578125 0.16264090177133655 0.0263671875
0 0.4428341384863124 0.2353515625 0.16264090177133655 0.02294921875
0 0.45088566827697263 0.2109375 0.14009661835748793 0.0205078125
0 0.4975845410628019 0.732421875 0.23349436392914655 0.03173828125