0 0.49616981132075477 0.04769791666666667 0.20984905660377365 0.04554166666666667
0 0.49928301886792453 0.09022916666666667 0.20050943396226412 0.04984374999999999
0 0.5420754716981132 0.13105208333333335 0.2082830188679245 0.05757291666666665
0 0.5926603773584906 0.18432291666666664 0.20669811320754708 0.05585416666666667
0 0.622245283018868 0.23202083333333334 0.20047169811320756 0.058437500000000024
0 0.6471320754716982 0.27498958333333334 0.22537735849056612 0.06187499999999998
0 0.6510377358490567 0.3201041666666667 0.2113584905660377 0.05757291666666665
0 0.6549245283018869 0.3695104166666667 0.24403773584905666 0.06187499999999998
0 0.6463584905660377 0.42151041666666667 0.21758490566037744 0.0781979166666666
0 0.6214528301886793 0.4726354166666667 0.20515094339622644 0.07046874999999998
0 0.5911132075471699 0.5203333333333333 0.21292452830188682 0.0696041666666666
0 0.5529811320754716 0.5723229166666666 0.2207169811320755 0.07218749999999995
0 0.5413018867924528 0.6303229166666667 0.23162264150943396 0.0781979166666666
0 0.5273018867924529 0.6939166666666666 0.23473584905660372 0.0816354166666668
0 0.5101698113207547 0.76996875 0.24096226415094346 0.08421874999999991
0 0.4876037735849057 0.8357083333333333 0.24564150943396215 0.0713229166666667
0 0.4666037735849057 0.9010208333333334 0.2658867924528301 0.0867916666666666