0 0.5461170212765958 0.690089552238806 0.2562499999999999 0.049174129353233904
0 0.6081382978723404 0.6577910447761195 0.2595744680851063 0.0443482587064676
0 0.6653989361702127 0.630089552238806 0.2613031914893617 0.03554228855721396
0 0.6743882978723404 0.5943383084577114 0.2328989361702129 0.04086567164179098
0 0.6583510638297873 0.552407960199005 0.19999999999999998 0.04280597014925371
0 0.5999468085106383 0.5195621890547263 0.22106382978723405 0.03618905472636805
0 0.5468882978723404 0.4882885572139304 0.22845744680851057 0.03620895522388058
0 0.5253989361702128 0.4556616915422885 0.18412234042553197 0.032626865671641754
0 0.5277127659574468 0.4277910447761194 0.21433510638297865 0.036378109452736375
0 0.5424734042553191 0.39333333333333337 0.20590425531914897 0.035323383084577116
0 0.5588297872340425 0.36214925373134327 0.200372340425532 0.039890547263681624
0 0.5536702127659575 0.3358507462686567 0.23265957446808516 0.03115422885572134
0 0.5415425531914894 0.3074626865671642 0.18507978723404264 0.0337611940298507
0 0.5486702127659575 0.2808855721393035 0.18146276595744687 0.03296517412935323
0 0.5624734042553192 0.2497810945273632 0.16340425531914893 0.027522388059701516
0 0.5000265957446808 0.7286965174129354 0.1924202127659575 0.046049751243781065
0 0.5650531914893617 0.2224776119402985 0.12074468085106377 0.028298507462686563