0 0.46883018867924525 0.09404166666666666 0.28907547169811315 0.05497916666666667
0 0.5071132075471698 0.13628125000000002 0.28632075471698115 0.06886458333333335
0 0.567377358490566 0.17477083333333335 0.2664150943396225 0.07291666666666667
0 0.5684339622641509 0.21585416666666665 0.28947169811320744 0.08102083333333336
0 0.6465094339622641 0.27372916666666663 0.32198113207547163 0.08795833333333339
0 0.6800566037735849 0.31857291666666665 0.3115094339622642 0.07350000000000007
0 0.6564716981132076 0.37644791666666666 0.3104716981132077 0.08622916666666663
0 0.6197735849056604 0.432875 0.2790188679245283 0.08217708333333332
0 0.535377358490566 0.47569791666666666 0.2670566037735848 0.0775416666666666
0 0.47352830188679246 0.5141770833333333 0.27966037735849053 0.08507291666666675
0 0.4321320754716982 0.5648125 0.32054716981132075 0.08333333333333333
0 0.3923018867924528 0.6290520833333333 0.32894339622641505 0.08448958333333323
0 0.3744905660377358 0.7008125 0.3016792452830188 0.08795833333333339
0 0.40126415094339624 0.7850104166666667 0.3030566037735849 0.0966458333333333
0 0.45050943396226417 0.8697916666666666 0.31145283018867925 0.10995833333333328
0 0.46464150943396226 0.06354166666666666 0.2385283018867924 0.04984374999999999
0 0.4803962264150944 0.94359375 0.3668113207547169 0.08878125000000002