0 0.49762264150943397 0.03363541666666667 0.28245283018867934 0.04341666666666666
0 0.5114528301886793 0.06561458333333334 0.28935849056603774 0.05296875000000001
0 0.5231132075471698 0.10402083333333333 0.2608490566037736 0.050583333333333334
0 0.5339245283018869 0.14171875 0.26343396226415094 0.05248958333333332
0 0.5352264150943397 0.18060416666666665 0.27466037735849064 0.060604166666666674
0 0.5278679245283019 0.23428125 0.2547924528301886 0.0639375
0 0.5162075471698113 0.28653125 0.2504716981132076 0.0634583333333333
0 0.5110188679245282 0.34713541666666664 0.2608490566037736 0.05868750000000003
0 0.49503773584905664 0.4072604166666667 0.2651698113207546 0.0634583333333333
0 0.5036792452830189 0.46308333333333335 0.2979999999999999 0.06728125000000003
0 0.5010754716981132 0.5181979166666667 0.28764150943396216 0.06107291666666678
0 0.4902830188679246 0.57378125 0.2902264150943395 0.06918750000000008
0 0.48724528301886794 0.6243645833333333 0.3014716981132075 0.07014583333333325
0 0.4747169811320755 0.6780416666666667 0.3075283018867925 0.07253124999999988
0 0.47688679245283017 0.7350625 0.3049245283018868 0.07586458333333326
0 0.4842264150943396 0.80496875 0.3334528301886793 0.08493749999999996
0 0.49069811320754714 0.8887083333333333 0.3481320754716981 0.08255208333333333