0 0.43034416826003824 0.25153401797175867 0.12418738049713202 0.0233055198973042
0 0.4405353728489484 0.2731193838254172 0.12009560229445507 0.025359435173299097
0 0.48239005736137663 0.28956996148908853 0.13030592734225627 0.023985879332477537
0 0.5354684512428298 0.3029332477535302 0.13845124282982785 0.024672657252888353
0 0.588546845124283 0.3207573812580231 0.14659655831739954 0.024672657252888353
0 0.6569407265774379 0.3265789473684211 0.12413001912045882 0.026726572528883174
0 0.6906118546845125 0.34268934531450573 0.13434034416826002 0.026046213093709837
0 0.7089866156787763 0.3642747111681643 0.15474187380497123 0.026726572528883247
0 0.702868068833652 0.3892939666238768 0.17923518164435948 0.03152759948652111
0 0.6834799235181644 0.4030038510911425 0.1527151051625239 0.028786906290115474
0 0.638565965583174 0.42082156611039795 0.17720841300191217 0.034268292682926894
0 0.5895602294455067 0.441379974326059 0.17722753346080294 0.032901155327342745
0 0.5007648183556405 0.4619448010269577 0.18336520076481833 0.034268292682926894
0 0.45175908221797323 0.4924454428754814 0.20787762906309745 0.03358151476251601
0 0.41399617590822185 0.5253401797175866 0.18952198852772467 0.03358151476251601
0 0.42420650095602297 0.5620089858793325 0.19359464627151052 0.034268292682926894
0 0.43952198852772467 0.6044993581514763 0.20380497131931172 0.04112323491655965