0 0.5224905660377359 0.08982291666666667 0.17292452830188676 0.05452083333333334
0 0.5160188679245283 0.13539583333333333 0.16643396226415103 0.04915625
0 0.5127735849056604 0.18097916666666666 0.20528301886792444 0.052729166666666674
0 0.5135849056603773 0.2346041666666667 0.21984905660377355 0.06523958333333332
0 0.5313962264150943 0.28375 0.2133773584905661 0.05630208333333329
0 0.5467735849056604 0.32933333333333337 0.2117547169811321 0.050937499999999976
0 0.5750943396226416 0.38161458333333337 0.20688679245283015 0.05362500000000002
0 0.5937169811320755 0.43389583333333337 0.20526415094339615 0.050937499999999976
0 0.6001886792452831 0.4843958333333333 0.21498113207547181 0.04646875000000002
0 0.613943396226415 0.51925 0.2133584905660378 0.041114583333333364
0 0.6163773584905661 0.5558854166666667 0.24086792452830183 0.05362500000000002
0 0.5993773584905661 0.6095104166666666 0.23926415094339634 0.06256249999999994
0 0.565377358490566 0.6617916666666667 0.23926415094339612 0.06881249999999994
0 0.5208679245283019 0.7189895833333334 0.2441320754716981 0.07596875000000007
0 0.4747358490566038 0.7869166666666667 0.2392830188679244 0.07239583333333334
0 0.4407547169811321 0.8615416666666668 0.24577358490566037 0.08043750000000002
0 0.437377358490566 0.9397291666666666 0.3283396226415094 0.12053125000000003