0 0.49420754716981136 0.8624062499999999 0.3146603773584905 0.09444791666666674
0 0.5684905660377358 0.79528125 0.29190566037735854 0.09907291666666657
0 0.6460943396226415 0.7281979166666667 0.30249056603773594 0.10380208333333343
0 0.723754716981132 0.6510729166666667 0.2902264150943397 0.08375000000000009
0 0.7483018867924529 0.5769062500000001 0.28679245283018867 0.06859374999999991
0 0.7137169811320755 0.5331041666666666 0.29307547169811327 0.0677916666666666
0 0.6842641509433963 0.4737604166666667 0.2719056603773585 0.06020833333333329
0 0.6631132075471697 0.43145833333333333 0.2799245283018868 0.06588541666666667
0 0.6385283018867924 0.38103125000000004 0.2433207547169812 0.06572916666666669
0 0.5876415094339622 0.32744791666666667 0.24216981132075477 0.05925
0 0.5770566037735848 0.2710208333333333 0.1832641509433962 0.06792708333333337
0 0.5607547169811321 0.21751041666666668 0.23873584905660372 0.05813541666666667
0 0.5873396226415095 0.17182291666666666 0.1912830188679245 0.06743750000000001
0 0.5899245283018868 0.12833333333333335 0.20899999999999996 0.05969791666666667
0 0.6004905660377359 0.07766666666666668 0.20499999999999996 0.06316666666666665
0 0.6075094339622642 0.03403125 0.22530188679245278 0.05573958333333332
0 0.43535849056603776 0.9393333333333334 0.39043396226415106 0.0625