0 0.4130402010050251 0.6802383316782522 0.1713065326633166 0.044687189672293945
0 0.43396984924623117 0.635134061569017 0.1461809045226131 0.055441906653425944
0 0.4789949748743718 0.6003773584905661 0.1566331658291458 0.057100297914597815
0 0.5543718592964824 0.5718272095332672 0.114748743718593 0.05627606752730891
0 0.6244974874371859 0.5407944389275074 0.14195979899497488 0.058758689175769686
0 0.6893969849246231 0.5159682224428997 0.1377386934673368 0.05047666335650439
0 0.7501005025125629 0.48783515392254223 0.12517587939698505 0.05047666335650439
0 0.8003517587939699 0.4576266137040715 0.11678391959798999 0.04138033763654415
0 0.8066331658291458 0.42494538232373386 0.1461055276381909 0.03889771598808338
0 0.8076884422110552 0.39639523336643495 0.12306532663316587 0.03475670307845084
0 0.7888442211055275 0.36908639523336645 0.13145728643216092 0.0364150943396226
0 0.7375628140703517 0.35253227408143 0.113467336683417 0.039721946375372394
0 0.6977889447236182 0.33763654419066536 0.10927135678391962 0.03144985104270105
0 0.6412562814070351 0.3239821251241311 0.10927135678391962 0.03227408142999007
0 0.5868341708542714 0.3074280039721946 0.09670854271356787 0.03393247269116183
0 0.5554020100502512 0.2900496524329692 0.10846733668341713 0.028967229394240276
0 0.5250502512562814 0.26936444885799404 0.0980150753768844 0.03393247269116183