0 0.5694528301886792 0.8096979166666666 0.370867924528302 0.06824999999999998
0 0.5120566037735849 0.74653125 0.3184905660377358 0.0585208333333334
0 0.4370943396226415 0.6926770833333333 0.30394339622641503 0.06099999999999994
0 0.412566037735849 0.6266979166666666 0.26649056603773585 0.06488541666666663
0 0.431377358490566 0.5715104166666667 0.2720754716981133 0.06062500000000005
0 0.5049245283018868 0.51071875 0.26128301886792454 0.0754270833333333
0 0.5615849056603773 0.4562291666666667 0.20950943396226407 0.06158333333333334
0 0.610754716981132 0.4062604166666667 0.2220188679245282 0.06199999999999998
0 0.6327924528301887 0.35746875 0.24881132075471699 0.06467708333333337
0 0.6263584905660378 0.30107291666666663 0.24460377358490565 0.06641666666666665
0 0.6151320754716981 0.2561458333333333 0.21735849056603782 0.059364583333333346
0 0.586811320754717 0.21545833333333334 0.209754716981132 0.05584375000000001
0 0.5327169811320754 0.16939583333333333 0.2647169811320756 0.06841666666666667
0 0.4681698113207547 0.12916666666666668 0.2284716981132076 0.044385416666666684
0 0.4538867924528302 0.08815624999999999 0.24833962264150944 0.05069791666666668
0 0.43630188679245285 0.03775 0.22832075471698113 0.05351041666666666
0 0.6265849056603773 0.8895520833333334 0.3141509433962264 0.07803125000000008