0 0.4541320754716981 0.8121562499999999 0.3317169811320756 0.08049999999999997
0 0.37679245283018864 0.7531041666666667 0.3284905660377359 0.08825000000000002
0 0.346377358490566 0.69503125 0.33562264150943394 0.0752291666666667
0 0.36198113207547167 0.6389791666666667 0.29875471698113204 0.07328124999999991
0 0.47741509433962265 0.58459375 0.3097924528301887 0.08422916666666656
0 0.5521509433962264 0.5366458333333333 0.32613207547169815 0.08129166666666662
0 0.6041320754716981 0.48453124999999997 0.27169811320754716 0.07848958333333336
0 0.6843773584905661 0.43966666666666665 0.29483018867924526 0.08421875000000002
0 0.6875849056603774 0.38070833333333337 0.29926415094339626 0.06083333333333331
0 0.7073207547169811 0.3335520833333333 0.2985094339622642 0.06204166666666673
0 0.6196603773584906 0.2798333333333333 0.256943396226415 0.06690625000000001
0 0.5686603773584905 0.23670833333333335 0.2768867924528302 0.07153124999999996
0 0.5323584905660377 0.19389583333333332 0.2703207547169811 0.05510416666666664
0 0.5169056603773584 0.14783333333333332 0.27766037735849053 0.05862500000000003
0 0.4952075471698113 0.09619791666666666 0.26035849056603777 0.04954166666666667
0 0.5186037735849057 0.8675312500000001 0.35420754716981134 0.060437499999999984
0 0.46937735849056605 0.04652083333333333 0.23667924528301887 0.05191666666666667