0 0.42850943396226415 0.0345625 0.24869811320754706 0.04529166666666667
0 0.4328301886792453 0.07151041666666667 0.26307547169811324 0.052437500000000005
0 0.4306792452830189 0.11401041666666667 0.24724528301886786 0.056406250000000005
0 0.4148490566037736 0.15373958333333335 0.25013207547169797 0.05800000000000001
0 0.43283018867924533 0.20299999999999999 0.2573207547169811 0.06277083333333332
0 0.4335471698113207 0.24987499999999999 0.27028301886792455 0.06435416666666664
0 0.4544150943396226 0.30270833333333336 0.2803396226415094 0.07151041666666665
0 0.4788679245283019 0.35672916666666665 0.30049056603773583 0.06991666666666667
0 0.47383018867924526 0.40360416666666665 0.28177358490566046 0.0683229166666667
0 0.4637735849056604 0.4560416666666667 0.307679245283019 0.08104166666666662
0 0.43354716981132074 0.5168229166666667 0.310566037735849 0.08501041666666656
0 0.3867735849056604 0.5807812499999999 0.3321698113207546 0.07944791666666665
0 0.3500943396226415 0.6391770833333333 0.3105849056603774 0.07230208333333342
0 0.3558490566037736 0.7086979166666667 0.30194339622641514 0.0699166666666668
0 0.39684905660377356 0.7786145833333333 0.3148867924528302 0.08421874999999991
0 0.48318867924528297 0.8433645833333333 0.32062264150943387 0.08978125000000006
0 0.5803207547169811 0.91328125 0.38247169811320764 0.08978125000000006