0 0.5107547169811321 0.08217708333333333 0.19475471698113211 0.06365624999999998
0 0.5532264150943396 0.1273125 0.18990566037735845 0.07407291666666668
0 0.5951509433962264 0.16782291666666668 0.20249056603773594 0.07060416666666663
0 0.6234528301886793 0.21064583333333334 0.20879245283018863 0.067125
0 0.6376037735849057 0.2578125 0.2203207547169811 0.07117708333333338
0 0.6486037735849056 0.30700000000000005 0.21507547169811322 0.06770833333333333
0 0.6407358490566037 0.3622708333333333 0.2014528301886792 0.0625
0 0.6234150943396227 0.41551041666666666 0.20205660377358498 0.0752291666666667
0 0.6024528301886792 0.4693333333333333 0.19367924528301883 0.0775416666666666
0 0.5704905660377358 0.5298020833333333 0.18005660377358504 0.08159374999999992
0 0.5495283018867925 0.59375 0.19683018867924515 0.08217708333333344
0 0.5165094339622641 0.6501770833333332 0.212566037735849 0.08275000000000006
0 0.48401886792452825 0.71759375 0.22724528301886804 0.08333333333333333
0 0.4552075471698113 0.7844374999999999 0.22620754716981128 0.08275000000000006
0 0.43371698113207546 0.85503125 0.2188679245283019 0.08622916666666663
0 0.4209433962264151 0.9295833333333333 0.2613584905660378 0.07125000000000009
0 0.48266037735849054 0.043125 0.17943396226415098 0.05874999999999999