0 0.4943584905660377 0.8664270833333333 0.22641509433962265 0.06504166666666672
0 0.461622641509434 0.7965 0.20871698113207549 0.06391666666666657
0 0.4342264150943396 0.7299687499999999 0.1951886792452831 0.06712500000000006
0 0.42339622641509433 0.6637291666666666 0.1927735849056604 0.06560416666666669
0 0.41462264150943395 0.6042604166666667 0.18150943396226424 0.0643645833333333
0 0.4350188679245283 0.5430625 0.19699999999999995 0.05265624999999995
0 0.4779811320754717 0.4888333333333333 0.23175471698113204 0.053781249999999996
0 0.502245283018868 0.4365625 0.2163207547169811 0.054625000000000055
0 0.514188679245283 0.38257291666666665 0.19807547169811324 0.05604166666666662
0 0.5143018867924528 0.3316145833333334 0.18256603773584903 0.05376041666666668
0 0.5116037735849056 0.27971874999999996 0.14749056603773578 0.05038541666666667
0 0.48909433962264154 0.23561458333333332 0.14037735849056598 0.046187500000000034
0 0.4787547169811321 0.18807291666666667 0.15320754716981141 0.055479166666666656
0 0.44933962264150945 0.13782291666666666 0.14822641509433962 0.04972916666666668
0 0.4445471698113208 0.096625 0.15633962264150947 0.04226041666666666
0 0.5189056603773584 0.9257500000000001 0.28816981132075475 0.06197916666666667
0 0.4381698113207547 0.059500000000000004 0.16126415094339616 0.03782291666666667