0 0.5238112522686026 0.7150891089108911 0.1894010889292196 0.073950495049505
0 0.46219600725952814 0.673970297029703 0.1343375680580762 0.06930693069306931
0 0.4134119782214156 0.6296039603960396 0.15087114337568058 0.06752475247524757
0 0.3883121597096189 0.5891089108910891 0.14733212341197824 0.04667326732673277
0 0.38312159709618876 0.5438514851485148 0.1421415607985481 0.04667326732673277
0 0.3960798548094374 0.5056534653465345 0.13695099818511794 0.055158415841584194
0 0.43108892921960074 0.46534653465346537 0.1291651542649728 0.06223762376237625
0 0.45435571687840287 0.4269009900990099 0.1162068965517242 0.06082178217821777
0 0.48217785843920147 0.39320792079207917 0.10063520871143385 0.05375247524752472
0 0.5004718693284936 0.36246534653465345 0.11618874773139742 0.039603960396039604
0 0.5218148820326678 0.330980198019802 0.09284936479128851 0.04243564356435645
0 0.5150635208711434 0.30175247524752474 0.11156079854809442 0.04429702970297031
0 0.4997822141560799 0.26662376237623764 0.08508166969147005 0.038188118811881236
0 0.4881125226860254 0.2362079207920792 0.08767695099818522 0.036772277227722756
0 0.4738656987295826 0.20862376237623764 0.11101633393829394 0.03535643564356434
0 0.4535934664246824 0.14774257425742574 0.1124500907441017 0.03647524752475245
0 0.45967332123411986 0.178980198019802 0.09188747731397458 0.030465346534653447