0 0.535377358490566 0.10127083333333334 0.27333962264150946 0.0625
0 0.5170377358490565 0.1484375 0.23667924528301898 0.057291666666666664
0 0.5060377358490565 0.1953125 0.2188490566037736 0.057291666666666664
0 0.5002641509433962 0.23292708333333334 0.2324905660377359 0.05844791666666668
0 0.49554716981132074 0.2792291666666667 0.23771698113207548 0.0653958333333333
0 0.4986981132075472 0.3287083333333333 0.25030188679245274 0.06134374999999999
0 0.5023584905660378 0.3781875 0.23667924528301898 0.059604166666666694
0 0.4950188679245283 0.42042708333333334 0.2324905660377359 0.06655208333333332
0 0.4945094339622641 0.4707708333333333 0.2586792452830189 0.06655208333333332
0 0.4992075471698113 0.5292291666666666 0.27230188679245293 0.0642395833333333
0 0.5044528301886793 0.58940625 0.2974716981132075 0.061916666666666724
0 0.5170377358490565 0.6568333333333333 0.28279245283018867 0.07176041666666677
0 0.5316981132075472 0.71875 0.30584905660377365 0.06481250000000002
0 0.5374716981132076 0.7725729166666666 0.3173584905660378 0.07176041666666677
0 0.5579056603773584 0.8434583333333333 0.3226037735849057 0.07002083333333337
0 0.5630754716981132 0.9107708333333334 0.3765094339622643 0.08030208333333325
0 0.5431132075471699 0.06429166666666666 0.2572264150943397 0.04925