0 0.5092264150943396 0.0563125 0.1911886792452831 0.04412500000000001
0 0.49871698113207547 0.09346875 0.18067924528301885 0.05225
0 0.5023962264150943 0.13439583333333335 0.1775283018867925 0.04586458333333336
0 0.5092264150943396 0.17938541666666669 0.1848867924528302 0.06502083333333335
0 0.5102830188679245 0.23076041666666666 0.1911886792452831 0.060958333333333316
0 0.510811320754717 0.27953125 0.18803773584905653 0.05863541666666663
0 0.4945094339622641 0.328 0.19960377358490558 0.06734374999999998
0 0.46507547169811325 0.37735416666666666 0.19750943396226428 0.06502083333333329
0 0.4477169811320755 0.4301770833333334 0.20907547169811322 0.05689583333333334
0 0.45245283018867927 0.4789479166666667 0.21643396226415101 0.06154166666666671
0 0.4519245283018868 0.5329375 0.23009433962264147 0.06966666666666654
0 0.4782075471698113 0.5924375000000001 0.24481132075471698 0.06560416666666669
0 0.5102830188679245 0.6571666666666667 0.24166037735849064 0.07779166666666673
0 0.5292075471698113 0.7259583333333333 0.25005660377358485 0.07256250000000009
0 0.5292075471698113 0.8005625 0.24796226415094333 0.07779166666666673
0 0.5297169811320754 0.8681979166666667 0.2700377358490566 0.07605208333333333
0 0.5213207547169811 0.9294375 0.28054716981132066 0.07546875000000004