0 0.4104979811574697 0.72412109375 0.2772543741588156 0.05126953125
0 0.4104979811574697 0.6796875 0.20861372812920592 0.05126953125
0 0.4414535666218035 0.630859375 0.2126514131897712 0.05126953125
0 0.4939434724091521 0.57763671875 0.19515477792732167 0.0654296875
0 0.5545087483176312 0.5400390625 0.1911170928667564 0.06298828125
0 0.6191117092866757 0.51123046875 0.17631224764468373 0.06298828125
0 0.6716016150740243 0.48828125 0.1816958277254374 0.05908203125
0 0.6904441453566622 0.45361328125 0.2126514131897712 0.04052734375
0 0.6864064602960969 0.41845703125 0.17631224764468373 0.04443359375
0 0.6419919246298789 0.3828125 0.2032301480484522 0.0400390625
0 0.5935397039030955 0.361328125 0.17227456258411844 0.0419921875
0 0.5477792732166891 0.3349609375 0.1480484522207268 0.0458984375
0 0.4845222072678331 0.31884765625 0.1386271870794078 0.05029296875
0 0.43741588156123823 0.29443359375 0.13997308209959622 0.037109375
0 0.40242261103633914 0.26806640625 0.13189771197846567 0.0390625
0 0.36608344549125166 0.2099609375 0.15074024226110364 0.0283203125
0 0.36608344549125166 0.23681640625 0.13997308209959622 0.02978515625