0 0.5437547169811321 0.8861354166666667 0.37396226415094325 0.07579166666666666
0 0.4759622641509434 0.8137916666666667 0.3242641509433963 0.06637500000000003
0 0.395188679245283 0.7605625 0.3109433962264152 0.07449999999999998
0 0.3179433962264151 0.7071666666666666 0.31828301886792454 0.07732291666666669
0 0.28579245283018867 0.6446979166666666 0.27801886792452823 0.06986458333333327
0 0.3159622641509434 0.5878645833333334 0.3124339622641509 0.08217708333333344
0 0.40415094339622637 0.54890625 0.32800000000000007 0.08270833333333343
0 0.47143396226415096 0.493 0.2947358490566038 0.07111458333333331
0 0.5409811320754717 0.42897916666666663 0.2696415094339622 0.07135416666666666
0 0.5799245283018868 0.36782291666666667 0.30016981132075476 0.05581250000000004
0 0.579679245283019 0.31663541666666667 0.337566037735849 0.05318749999999994
0 0.558377358490566 0.26476041666666666 0.2887924528301888 0.05627083333333331
0 0.5138490566037736 0.21565625 0.2193584905660377 0.06014583333333334
0 0.46950943396226413 0.17810416666666665 0.25928301886792454 0.05525000000000002
0 0.4179811320754718 0.13123958333333333 0.20449056603773583 0.03779166666666667
0 0.3957358490566038 0.09039583333333333 0.21420754716981127 0.03958333333333333
0 0.5821132075471698 0.9642291666666666 0.3918490566037737 0.06603125000000011