0 0.5260188679245283 0.9269999999999999 0.4179999999999999 0.07556249999999996
0 0.4752641509433962 0.8674895833333333 0.3851132075471698 0.08725
0 0.376622641509434 0.7964583333333334 0.33079245283018854 0.08408333333333336
0 0.32475471698113206 0.7365625 0.2761509433962264 0.06497916666666678
0 0.33032075471698114 0.6642708333333334 0.2935849056603774 0.08012500000000007
0 0.3763584905660377 0.5907187500000001 0.3101886792452831 0.07885416666666671
0 0.43754716981132075 0.5336562499999999 0.256433962264151 0.0793125000000001
0 0.49471698113207546 0.47202083333333333 0.24501886792452832 0.06368749999999998
0 0.5470377358490566 0.42783333333333334 0.24901886792452835 0.07945833333333331
0 0.5782075471698113 0.37440625 0.26103773584905665 0.06635416666666671
0 0.5560377358490566 0.32003125000000004 0.24816981132075466 0.05830208333333336
0 0.5258867924528302 0.27678125 0.2570188679245283 0.06903124999999997
0 0.4712641509433963 0.22154166666666666 0.21699999999999997 0.06270833333333332
0 0.42966037735849055 0.16432291666666668 0.2310188679245283 0.06980208333333332
0 0.4125283018867924 0.12509375 0.23784905660377348 0.05038541666666667
0 0.3992075471698114 0.078125 0.2589811320754717 0.052083333333333336
0 0.4121886792452831 0.0390625 0.26605660377358487 0.044270833333333336