0 0.5121320754716981 0.9138125 0.30632075471698117 0.07004166666666668
0 0.48322641509433967 0.83015625 0.3053396226415095 0.08049999999999997
0 0.47120754716981134 0.7643645833333333 0.25583018867924534 0.06877083333333331
0 0.49045283018867925 0.7025520833333334 0.2565660377358491 0.07610416666666661
0 0.5043018867924528 0.6396666666666667 0.26809433962264156 0.06937499999999991
0 0.5308867924528302 0.5869895833333333 0.22962264150943404 0.08008333333333345
0 0.5706981132075473 0.5432395833333333 0.22839622641509424 0.07293749999999997
0 0.5961886792452831 0.519625 0.21173584905660384 0.06877083333333331
0 0.6434905660377359 0.46438541666666666 0.22988679245283025 0.0792083333333333
0 0.670566037735849 0.39040625 0.2394339622641509 0.06490625000000007
0 0.6706792452830188 0.34158333333333335 0.23430188679245273 0.0625
0 0.6507169811320754 0.3006041666666667 0.21052830188679253 0.057927083333333344
0 0.5890754716981131 0.2530625 0.22003773584905661 0.061062500000000006
0 0.552433962264151 0.20904166666666668 0.1908867924528301 0.0652708333333333
0 0.5007358490566037 0.16840624999999998 0.1756981132075472 0.046499999999999986
0 0.47415094339622643 0.12289583333333334 0.186245283018868 0.05368749999999999
0 0.4725660377358491 0.07758333333333334 0.19922641509433958 0.052364583333333346