0 0.5230327868852459 0.15474316939890712 0.23250000000000007 0.04520218579234974
0 0.5072131147540984 0.18530054644808744 0.24180327868852458 0.05166120218579233
0 0.4876229508196721 0.21957377049180327 0.2697540983606557 0.049672131147540974
0 0.47086065573770497 0.26254644808743166 0.2548770491803279 0.05812021857923498
0 0.46528688524590167 0.30353005464480876 0.2697540983606557 0.04371584699453552
0 0.46061475409836067 0.3417814207650273 0.2716393442622951 0.05563934426229505
0 0.4540983606557377 0.384 0.273483606557377 0.0546448087431694
0 0.4485245901639344 0.42648087431693993 0.28094262295081973 0.05017486338797811
0 0.46061475409836067 0.47019672131147544 0.2567213114754099 0.04918032786885246
0 0.47459016393442616 0.5144043715846994 0.2697540983606557 0.05613114754098362
0 0.4969672131147541 0.5591147540983606 0.31819672131147547 0.05613114754098362
0 0.5081147540983607 0.6082950819672132 0.31446721311475406 0.05812021857923504
0 0.5472540983606557 0.6634426229508196 0.32192622950819677 0.060109289617486336
0 0.5295491803278689 0.7173333333333334 0.33864754098360655 0.057628415300546465
0 0.48110655737704916 0.776207650273224 0.36848360655737705 0.07103825136612021
0 0.4336065573770492 0.839792349726776 0.41508196721311474 0.07402185792349729
0 0.42778688524590164 0.8987213114754099 0.4145901639344261 0.06009836065573772