0 0.4164528301886792 0.07982291666666666 0.2379433962264151 0.047895833333333325
0 0.41386792452830184 0.13013541666666667 0.23818867924528303 0.04733333333333333
0 0.43875471698113205 0.17245833333333332 0.2717547169811321 0.05461458333333334
0 0.4631320754716981 0.21972916666666667 0.272 0.06554166666666668
0 0.448188679245283 0.28072916666666664 0.25288679245283024 0.059822916666666615
0 0.43862264150943403 0.33807291666666667 0.2769056603773585 0.0614166666666667
0 0.45209433962264156 0.39757291666666666 0.24994339622641515 0.061385416666666616
0 0.480377358490566 0.4449166666666667 0.2918679245283019 0.06947916666666672
0 0.5260943396226415 0.49008333333333337 0.27052830188679244 0.07378125000000005
0 0.5725283018867925 0.5466145833333333 0.33399999999999996 0.04994791666666672
0 0.5671320754716981 0.604375 0.33792452830188685 0.06425000000000007
0 0.5340754716981132 0.6674583333333334 0.31147169811320763 0.06245833333333337
0 0.5105471698113208 0.7424479166666667 0.3291132075471697 0.06661458333333338
0 0.5114150943396226 0.80859375 0.3469999999999999 0.05603124999999996
0 0.5127547169811321 0.8758750000000001 0.3050943396226416 0.07289583333333335
0 0.5286792452830188 0.9493125 0.32224528301886785 0.0666354166666667
0 0.4239811320754717 0.043625 0.2613584905660378 0.055989583333333336