0 0.5303962264150943 0.85821875 0.3041132075471699 0.08386458333333333
0 0.5058867924528302 0.7878229166666666 0.269811320754717 0.06780208333333325
0 0.48052830188679246 0.7177708333333332 0.24211320754716992 0.06189583333333341
0 0.45124528301886785 0.6491979166666667 0.23205660377358492 0.05570833333333335
0 0.4615283018867925 0.5881354166666667 0.23107547169811327 0.06155208333333325
0 0.4670566037735849 0.5286979166666667 0.21515094339622648 0.058749999999999976
0 0.48322641509433967 0.4804791666666667 0.19750943396226428 0.07135416666666666
0 0.5169245283018868 0.4240833333333333 0.2232452830188678 0.07868749999999997
0 0.5578490566037736 0.3712708333333333 0.22962264150943404 0.0653229166666667
0 0.5669056603773585 0.3263020833333333 0.22618867924528302 0.049791666666666616
0 0.5660566037735849 0.28154166666666663 0.2083018867924528 0.05549999999999997
0 0.5393396226415095 0.23683333333333334 0.19801886792452839 0.0583645833333333
0 0.5163018867924528 0.18469791666666666 0.19505660377358489 0.04635416666666667
0 0.49486792452830186 0.14439583333333333 0.1791320754716982 0.043124999999999976
0 0.4806415094339623 0.11079166666666665 0.1732452830188678 0.045437500000000006
0 0.47084905660377363 0.06345833333333334 0.16345283018867923 0.05088541666666666
0 0.4723207547169812 0.03190625 0.17409433962264148 0.032552083333333336