0 0.49423841059602647 0.6618232819074333 0.23192052980132458 0.04548387096774187
0 0.48960264900662254 0.6069985974754558 0.21039735099337756 0.045553997194950936
0 0.4578145695364238 0.559382889200561 0.2015562913907285 0.04481065918653583
0 0.41804635761589404 0.526788218793829 0.1888410596026489 0.033548387096774136
0 0.45082781456953647 0.18806451612903227 0.13003311258278138 0.025750350631136065
0 0.45811258278145695 0.21838709677419357 0.1608278145695364 0.03454417952314165
0 0.4638741721854305 0.2520336605890603 0.1618543046357616 0.03277699859747546
0 0.44884105960264903 0.27894810659186536 0.1706622516556292 0.029088359046283322
0 0.41185430463576156 0.30429172510518937 0.15880794701986747 0.03051893408134641
0 0.3759602649006622 0.32994389901823284 0.15476821192052984 0.028751753155680224
0 0.34139072847682117 0.35189340813464237 0.15460264900662252 0.03443197755960731
0 0.30701986754966887 0.37444600280504914 0.15082781456953645 0.03224403927068725
0 0.2907615894039735 0.4056661991584853 0.1801986754966888 0.03555399719495094
0 0.3059271523178808 0.4408274894810659 0.19543046357615898 0.03213183730715283
0 0.3772516556291391 0.499859747545582 0.1552317880794702 0.03373071528751747
0 0.35225165562913907 0.4701262272089761 0.17248344370860938 0.03307152875175321
0 0.496953642384106 0.7042496493688639 0.1853642384105961 0.0446563814866759