0 0.35575679172056923 0.033203125 0.19146183699870634 0.04931640625
0 0.3738680465717982 0.0673828125 0.2018111254851229 0.0380859375
0 0.3984476067270375 0.10498046875 0.2108667529107374 0.0439453125
0 0.4501940491591203 0.1474609375 0.1979301423027167 0.04052734375
0 0.5097024579560155 0.1826171875 0.2108667529107374 0.046875
0 0.5433376455368694 0.22509765625 0.23415265200517466 0.052734375
0 0.5614489003880984 0.2724609375 0.25097024579560157 0.05419921875
0 0.5679172056921087 0.318359375 0.23673997412677877 0.0517578125
0 0.5679172056921087 0.36767578125 0.23673997412677877 0.05419921875
0 0.5472186287192755 0.41796875 0.23415265200517466 0.05908203125
0 0.5226390685640362 0.47119140625 0.2574385510996119 0.06396484375
0 0.4890038809831824 0.52734375 0.2574385510996119 0.0576171875
0 0.4579560155239327 0.59130859375 0.2535575679172057 0.06494140625
0 0.44372574385511 0.65673828125 0.2574385510996119 0.0673828125
0 0.4540750323415265 0.7265625 0.2897800776196636 0.06640625
0 0.47089262613195343 0.78515625 0.3648124191461837 0.0576171875
0 0.49935316946959896 0.83154296875 0.2884864165588616 0.0751953125