0 0.552188679245283 0.039531250000000004 0.2783018867924528 0.0515625
0 0.5739811320754716 0.07647916666666667 0.2627358490566038 0.05671875000000002
0 0.6206792452830189 0.11257291666666666 0.2502830188679245 0.05671874999999999
0 0.6479245283018867 0.15811458333333334 0.2580377358490566 0.06531249999999998
0 0.6852641509433962 0.18905208333333334 0.24247169811320754 0.06015625
0 0.7537358490566038 0.24662499999999998 0.27358490566037735 0.06359374999999995
0 0.7848679245283019 0.30291666666666667 0.2798113207547169 0.07476041666666665
0 0.7903207547169812 0.35361458333333334 0.2626792452830189 0.0696041666666666
0 0.7770943396226415 0.40990624999999997 0.26735849056603783 0.08078124999999996
0 0.7288490566037736 0.4653333333333334 0.24869811320754728 0.0867916666666666
0 0.6556792452830188 0.5211875 0.3265283018867923 0.08163541666666667
0 0.5389622641509434 0.5770416666666667 0.2736415094339622 0.08507291666666675
0 0.43935849056603776 0.6333333333333333 0.28922641509433955 0.08937499999999995
0 0.3817735849056604 0.6964895833333333 0.27679245283018866 0.07647916666666674
0 0.3623207547169811 0.7652395833333333 0.2876981132075471 0.0713229166666667
0 0.3755471698113207 0.837 0.3141509433962264 0.07906250000000009
0 0.41679245283018873 0.9057395833333334 0.3530377358490566 0.08421874999999991