0 0.4813396226415095 0.15205208333333334 0.2272641509433963 0.06023958333333332
0 0.4540566037735849 0.19135416666666666 0.22328301886792448 0.059500000000000004
0 0.418811320754717 0.23983333333333334 0.2565471698113207 0.06978125
0 0.3396603773584906 0.28134374999999995 0.21000000000000002 0.07052083333333338
0 0.2618301886792453 0.31329166666666663 0.2113396226415094 0.06978125
0 0.1919811320754717 0.34010416666666665 0.21003773584905658 0.061708333333333344
0 0.1720188679245283 0.38049999999999995 0.226 0.07345833333333332
0 0.16337735849056603 0.42752083333333335 0.22733962264150945 0.05288541666666665
0 0.19664150943396227 0.4719583333333333 0.24062264150943402 0.06831250000000004
0 0.3090566037735849 0.4991354166666666 0.2313018867924529 0.07859375000000005
0 0.40616981132075475 0.5314583333333334 0.22860377358490572 0.08594791666666665
0 0.5106037735849057 0.5582708333333334 0.3017547169811322 0.08227083333333335
0 0.6037358490566038 0.6038125 0.3043962264150944 0.08080208333333326
0 0.6582641509433962 0.6728645833333334 0.31235849056603765 0.08080208333333326
0 0.6762264150943396 0.7507291666666667 0.28707547169811315 0.08373958333333344
0 0.6522830188679245 0.833 0.33232075471698114 0.09695833333333326
0 0.5910943396226415 0.8994791666666667 0.31903773584905665 0.0947604166666667