0 0.5436415094339623 0.8175729166666666 0.3422641509433962 0.06858333333333325
0 0.5040566037735849 0.7569895833333333 0.24979245283018867 0.05095833333333341
0 0.46324528301886797 0.7020729166666667 0.26539622641509436 0.05697916666666671
0 0.4761320754716981 0.6402916666666666 0.26303773584905665 0.07327083333333324
0 0.4822641509433962 0.5706770833333333 0.22158490566037736 0.0625729166666666
0 0.48709433962264154 0.5125520833333334 0.205622641509434 0.06216666666666661
0 0.503056603773585 0.4670833333333333 0.2286037735849056 0.06492708333333337
0 0.508188679245283 0.41390625000000003 0.17362264150943393 0.048520833333333374
0 0.498377358490566 0.368 0.177811320754717 0.053250000000000006
0 0.48579245283018874 0.31745833333333334 0.1697735849056604 0.049135416666666626
0 0.4761698113207547 0.27207291666666666 0.16586792452830182 0.054447916666666644
0 0.4667169811320755 0.2204375 0.159754716981132 0.05429166666666667
0 0.4614716981132076 0.17527083333333332 0.15439622641509432 0.05153125000000003
0 0.4866415094339623 0.13291666666666666 0.16122641509433971 0.05582291666666664
0 0.5115471698113208 0.09438541666666667 0.15730188679245283 0.03527083333333332
0 0.5059245283018867 0.0560625 0.13071698113207542 0.030656249999999993
0 0.569 0.8841145833333334 0.3485660377358491 0.057291666666666664