0 0.47683018867924526 0.8779687500000001 0.31103773584905653 0.0724791666666666
0 0.49281132075471695 0.8065625 0.28683018867924526 0.06821875000000001
0 0.4713396226415094 0.7417291666666667 0.28801886792452824 0.0674895833333333
0 0.4671698113207547 0.6736458333333334 0.2656415094339623 0.05508333333333345
0 0.460811320754717 0.6053645833333333 0.24537735849056605 0.05504166666666658
0 0.46184905660377357 0.5434583333333334 0.2274150943396227 0.05127083333333336
0 0.4581509433962264 0.48521875 0.22001886792452832 0.050093750000000034
0 0.4442452830188679 0.4272395833333333 0.18362264150943405 0.05259375000000001
0 0.45164150943396225 0.3778229166666666 0.19843396226415086 0.053270833333333316
0 0.4579622641509434 0.32489583333333333 0.2079056603773585 0.051677083333333346
0 0.47 0.26725 0.20367924528301884 0.051895833333333384
0 0.47716981132075476 0.21120833333333333 0.20366037735849057 0.05701041666666669
0 0.4793396226415095 0.15754166666666666 0.22277358490566046 0.040395833333333304
0 0.4737358490566039 0.11825 0.21275471698113205 0.03822916666666668
0 0.47515094339622643 0.07225 0.22249056603773587 0.040854166666666664
0 0.5053018867924528 0.9556875 0.2989245283018867 0.0660833333333334