0 0.5534979423868313 0.2119140625 0.18930041152263374 0.0234375
0 0.5596707818930041 0.24267578125 0.17901234567901234 0.02197265625
0 0.5720164609053497 0.2724609375 0.2037037037037037 0.021484375
0 0.5781893004115226 0.2998046875 0.2139917695473251 0.02294921875
0 0.5864197530864198 0.32763671875 0.20164609053497942 0.02099609375
0 0.6111111111111112 0.357421875 0.21193415637860083 0.021484375
0 0.6213991769547325 0.38671875 0.20987654320987653 0.02294921875
0 0.6131687242798354 0.41845703125 0.22016460905349794 0.0283203125
0 0.5781893004115226 0.5224609375 0.29835390946502055 0.02978515625
0 0.5390946502057613 0.65478515625 0.2962962962962963 0.0380859375
0 0.5576131687242798 0.56103515625 0.32098765432098764 0.03662109375
0 0.5493827160493827 0.60400390625 0.31069958847736623 0.0361328125
0 0.5967078189300411 0.48681640625 0.27983539094650206 0.03564453125
0 0.6172839506172839 0.45068359375 0.25925925925925924 0.02783203125
0 0.5370370370370371 0.18359375 0.20164609053497942 0.0205078125
0 0.5349794238683128 0.15771484375 0.2037037037037037 0.02392578125
0 0.5349794238683128 0.693359375 0.2654320987654321 0.03271484375