0 0.5371698113207547 0.04330208333333333 0.18967924528301883 0.040520833333333325
0 0.5378867924528301 0.07786458333333333 0.1882452830188679 0.04448958333333334
0 0.5378867924528301 0.11560416666666667 0.17960377358490554 0.04846875
0 0.5407547169811321 0.16009375 0.1939811320754716 0.05800000000000001
0 0.5227735849056604 0.21134375 0.18392452830188682 0.05561458333333332
0 0.5119811320754717 0.26576041666666667 0.18535849056603776 0.05640624999999998
0 0.5155849056603773 0.3193958333333333 0.2126981132075472 0.0603854166666667
0 0.5055094339622642 0.37142708333333335 0.20983018867924536 0.06435416666666664
0 0.4896792452830188 0.42585416666666664 0.22998113207547166 0.0683229166666667
0 0.4580188679245283 0.47630208333333335 0.22998113207547166 0.06753125000000004
0 0.4148490566037736 0.53271875 0.2530188679245283 0.07547916666666671
0 0.38607547169811324 0.59865625 0.2674150943396227 0.07388541666666673
0 0.3795849056603774 0.6657916666666667 0.2889999999999999 0.07944791666666665
0 0.4018867924528302 0.7416666666666667 0.2817924528301887 0.08978125000000006
0 0.48318867924528297 0.8107916666666667 0.2947358490566038 0.09613541666666663
0 0.5774528301886792 0.88309375 0.27599999999999997 0.09295833333333334
0 0.6270943396226415 0.9490416666666667 0.2803018867924527 0.09136458333333337