0 0.40462264150943394 0.050854166666666666 0.24283018867924516 0.049437499999999995
0 0.40973584905660376 0.08864583333333333 0.23260377358490572 0.05580208333333333
0 0.40781132075471693 0.1243125 0.21852830188679234 0.04803125000000001
0 0.40716981132075475 0.16845833333333332 0.2326037735849056 0.05580208333333333
0 0.4359622641509434 0.21047916666666666 0.2594528301886792 0.06639583333333335
0 0.45641509433962263 0.2613333333333333 0.25433962264150944 0.062156249999999955
0 0.4736981132075472 0.3128958333333333 0.2581698113207548 0.05509374999999998
0 0.47816981132075476 0.35775 0.2313018867924529 0.05438541666666671
0 0.47177358490566035 0.4093125 0.264566037735849 0.06144791666666668
0 0.4589811320754717 0.4580416666666667 0.262 0.06144791666666668
0 0.44043396226415094 0.5120729166666667 0.24794339622641504 0.06357291666666663
0 0.4282830188679245 0.5699895833333334 0.2517735849056605 0.07769791666666657
0 0.4090943396226415 0.6392083333333333 0.2671320754716982 0.0706354166666666
0 0.42956603773584906 0.6981875 0.26969811320754716 0.06992708333333345
0 0.4928679245283019 0.7688229166666667 0.2990943396226415 0.07698958333333342
0 0.5446792452830189 0.8405104166666667 0.30035849056603764 0.08193750000000008
0 0.5424716981132075 0.9107187499999999 0.35526415094339614 0.08928125000000003