0 0.45258490566037735 0.0749375 0.23145283018867918 0.06423958333333335
0 0.44367924528301883 0.11777083333333334 0.23039622641509436 0.0653958333333333
0 0.45049056603773585 0.17332291666666666 0.24192452830188685 0.06770833333333333
0 0.4662075471698114 0.21354166666666666 0.23773584905660378 0.07291666666666667
0 0.4882075471698113 0.26186458333333335 0.23562264150943396 0.07002083333333337
0 0.5249245283018867 0.31279166666666663 0.26954716981132076 0.07117708333333338
0 0.552188679245283 0.3599583333333333 0.2968113207547171 0.06944791666666662
0 0.561622641509434 0.41059375000000004 0.29052830188679246 0.07002083333333337
0 0.5390377358490566 0.4655625 0.2848867924528302 0.07117708333333338
0 0.4966226415094339 0.51909375 0.254867924528302 0.07176041666666665
0 0.42237735849056607 0.5720520833333332 0.28845283018867923 0.0954895833333334
0 0.35352830188679246 0.6365729166666667 0.28492452830188675 0.07407291666666656
0 0.32890566037735847 0.7068854166666667 0.2733962264150943 0.08507291666666675
0 0.3666792452830189 0.7719895833333333 0.29256603773584905 0.09028125000000008
0 0.4400377358490566 0.8483750000000001 0.3093584905660377 0.10416666666666667
0 0.48805660377358495 0.9142395833333333 0.37156603773584895 0.10416666666666667
0 0.4618867924528302 0.04392708333333333 0.23645283018867935 0.05451041666666668