0 0.48401886792452825 0.10185416666666666 0.17694339622641506 0.04629166666666666
0 0.487188679245283 0.1383125 0.20247169811320767 0.055552083333333314
0 0.4882452830188679 0.18663541666666666 0.1919811320754717 0.05844791666666668
0 0.49296226415094335 0.23784375000000002 0.22237735849056606 0.06596874999999998
0 0.5018679245283019 0.2988958333333333 0.21715094339622648 0.0630833333333334
0 0.5133962264150944 0.348375 0.22343396226415085 0.06829166666666672
0 0.5149433962264152 0.40393749999999995 0.23877358490566028 0.0752291666666667
0 0.5007924528301887 0.4667291666666667 0.26707547169811335 0.07696874999999999
0 0.47352830188679246 0.5329895833333333 0.29013207547169817 0.07176041666666665
0 0.45152830188679244 0.5928854166666666 0.2922452830188679 0.07349999999999994
0 0.43266037735849056 0.6582708333333334 0.30271698113207535 0.08275000000000006
0 0.44837735849056604 0.7236666666666667 0.30899999999999994 0.08275000000000006
0 0.47615094339622643 0.78559375 0.27441509433962274 0.07581249999999998
0 0.5065849056603774 0.8579270833333333 0.2978490566037736 0.08507291666666675
0 0.5416603773584905 0.92621875 0.30060377358490575 0.078125
0 0.4806415094339623 0.06569791666666666 0.1953396226415094 0.040625
0 0.4659056603773585 0.034749999999999996 0.1958490566037735 0.0394375