0 0.6401698113207548 0.8732916666666667 0.27333962264150946 0.07193749999999995
0 0.615377358490566 0.8056145833333334 0.2724716981132075 0.09418750000000008
0 0.508 0.7429583333333334 0.22756603773584907 0.10901041666666676
0 0.43524528301886795 0.6837604166666666 0.21356603773584895 0.09480208333333333
0 0.31958490566037734 0.6263124999999999 0.19958490566037732 0.0771145833333333
0 0.2617169811320755 0.57075 0.2192452830188679 0.08721875000000003
0 0.23754716981132076 0.51590625 0.2275471698113207 0.061166666666666696
0 0.24641509433962264 0.45884375 0.23267924528301887 0.06163541666666662
0 0.28386792452830184 0.40399999999999997 0.19209433962264152 0.07345833333333332
0 0.33247169811320754 0.35940625 0.20352830188679247 0.07109375
0 0.3792075471698113 0.3186875 0.1901132075471698 0.07992708333333336
0 0.42066037735849054 0.2770208333333333 0.1986981132075473 0.07170833333333336
0 0.47641509433962265 0.23739583333333333 0.1958301886792452 0.05623958333333334
0 0.5115849056603773 0.19036458333333334 0.1655283018867925 0.05244791666666669
0 0.5231698113207547 0.14466666666666667 0.18239622641509426 0.05859375
0 0.5336037735849056 0.09439583333333333 0.18441509433962266 0.054958333333333324
0 0.5185283018867924 0.04967708333333333 0.17679245283018877 0.03845833333333335