0 0.5272277227722773 0.27783203125 0.18811881188118812 0.02490234375
0 0.5272277227722773 0.3037109375 0.1782178217821782 0.02490234375
0 0.5297029702970297 0.32861328125 0.18316831683168316 0.0244140625
0 0.5148514851485149 0.353515625 0.17326732673267325 0.02392578125
0 0.5074257425742574 0.38037109375 0.15841584158415842 0.02783203125
0 0.4975247524752475 0.40869140625 0.17326732673267325 0.0263671875
0 0.4975247524752475 0.43603515625 0.18316831683168316 0.02978515625
0 0.4801980198019802 0.46484375 0.18811881188118812 0.0263671875
0 0.4801980198019802 0.49560546875 0.20297029702970298 0.0283203125
0 0.4900990099009901 0.5283203125 0.22277227722772278 0.03369140625
0 0.5222772277227723 0.5654296875 0.2599009900990099 0.03466796875
0 0.5668316831683168 0.6015625 0.27722772277227725 0.0322265625
0 0.5816831683168316 0.6396484375 0.2698019801980198 0.0361328125
0 0.5618811881188119 0.6806640625 0.2698019801980198 0.0380859375
0 0.504950495049505 0.7197265625 0.28465346534653463 0.03662109375
0 0.45792079207920794 0.7607421875 0.32673267326732675 0.03564453125
0 0.4504950495049505 0.78173828125 0.3069306930693069 0.033203125