0 0.46339622641509437 0.06970833333333333 0.24573584905660378 0.05719791666666666
0 0.4472075471698113 0.10947916666666666 0.2716415094339622 0.05630208333333334
0 0.4269811320754717 0.14701041666666667 0.2603207547169812 0.05809374999999998
0 0.41160377358490574 0.19438541666666667 0.23279245283018868 0.061666666666666654
0 0.4035094339622642 0.24130208333333336 0.23603773584905666 0.05898958333333333
0 0.3832830188679245 0.2877708333333333 0.23118867924528297 0.05898958333333333
0 0.3832830188679245 0.33647916666666666 0.23766037735849063 0.06703125000000003
0 0.3816603773584905 0.38697916666666665 0.23443396226415095 0.06613541666666668
0 0.38166037735849057 0.4414895833333333 0.23766037735849052 0.06970833333333329
0 0.3800377358490566 0.5000312499999999 0.2765094339622642 0.0670312499999999
0 0.39054716981132076 0.5590208333333333 0.31373584905660373 0.07596875000000007
0 0.4148301886792453 0.6229166666666667 0.29107547169811315 0.07328124999999991
0 0.43749056603773584 0.69128125 0.274867924528302 0.06345833333333341
0 0.4609622641509434 0.7618854166666666 0.30886792452830175 0.07775000000000011
0 0.48281132075471694 0.83159375 0.31694339622641515 0.0813229166666666
0 0.48200000000000004 0.8981770833333333 0.35741509433962265 0.08401041666666677
0 0.4771509433962264 0.96740625 0.3995094339622642 0.06517708333333326