0 0.587754716981132 0.06761458333333333 0.2639999999999999 0.06035416666666667
0 0.5649245283018869 0.11001041666666667 0.24324528301886786 0.06264583333333335
0 0.5573207547169812 0.1527916666666667 0.23633962264150943 0.06111458333333335
0 0.5310188679245283 0.19404166666666667 0.24186792452830178 0.07028124999999998
0 0.5040566037735849 0.23643749999999997 0.24326415094339635 0.07563541666666668
0 0.48122641509433967 0.28113541666666664 0.23911320754716986 0.07639583333333337
0 0.4480188679245283 0.3300208333333333 0.2446603773584905 0.0779270833333334
0 0.4189622641509434 0.3800625 0.2668113207547169 0.07105208333333338
0 0.40926415094339624 0.42513541666666665 0.26681132075471703 0.07257291666666663
0 0.37883018867924534 0.47670833333333335 0.26958490566037735 0.08251041666666671
0 0.3663773584905661 0.5309479166666666 0.29449056603773593 0.07639583333333337
0 0.3643018867924529 0.5901458333333333 0.30141509433962266 0.0893854166666666
0 0.3719056603773585 0.6527916666666667 0.27788679245283016 0.08173958333333337
0 0.41341509433962265 0.7169687499999999 0.2834150943396227 0.07563541666666657
0 0.4410943396226415 0.7899270833333334 0.3027735849056603 0.07639583333333325
0 0.4756792452830189 0.8544791666666666 0.29169811320754724 0.07715624999999994
0 0.47152830188679246 0.9175 0.3027735849056603 0.07944791666666665