0 0.4551132075471698 0.10061458333333334 0.21439622641509434 0.05867708333333332
0 0.4662075471698114 0.14236458333333332 0.23564150943396223 0.06481249999999997
0 0.47145283018867923 0.19155208333333332 0.25030188679245274 0.06944791666666668
0 0.5113018867924528 0.239 0.2255283018867924 0.07407291666666668
0 0.5354150943396226 0.28009375 0.219245283018868 0.06596875000000005
0 0.5752264150943396 0.32465625000000004 0.21716981132075475 0.0625
0 0.5804716981132075 0.36863541666666666 0.24860377358490565 0.06018749999999997
0 0.5862452830188679 0.41261458333333334 0.2727169811320754 0.06712500000000006
0 0.5610943396226415 0.46990625 0.26222641509433964 0.07291666666666667
0 0.5343584905660377 0.5240208333333334 0.25907547169811335 0.07581249999999998
0 0.4950188679245283 0.5801458333333334 0.26601886792452833 0.08391666666666661
0 0.4530943396226415 0.64496875 0.2660377358490566 0.07581249999999998
0 0.4247924528301886 0.71209375 0.274433962264151 0.07465625000000008
0 0.40854716981132083 0.7783541666666667 0.2775660377358491 0.061343750000000107
0 0.39964150943396226 0.8517708333333334 0.3183018867924527 0.08354166666666671
0 0.4109811320754717 0.9165625 0.38320754716981137 0.08562500000000005
0 0.4708679245283019 0.06135416666666667 0.23318867924528308 0.05145833333333332