0 0.5123207547169811 0.11284374999999999 0.20837735849056613 0.059031249999999987
0 0.5186037735849057 0.15798958333333332 0.22724528301886804 0.06134374999999999
0 0.5778490566037736 0.20196874999999997 0.24756603773584912 0.098375
0 0.6533207547169811 0.23958333333333334 0.26224528301886796 0.10301041666666665
0 0.704679245283019 0.2818333333333333 0.2853207547169812 0.09606250000000002
0 0.7727924528301886 0.3313125 0.2622830188679245 0.08043750000000002
0 0.7749056603773584 0.38310416666666663 0.3063018867924529 0.07060416666666663
0 0.7628490566037736 0.43518749999999995 0.3387924528301888 0.0810208333333333
0 0.7502641509433962 0.49594791666666665 0.27171698113207543 0.10301041666666677
0 0.6658679245283019 0.5396458333333333 0.2429245283018868 0.10474999999999994
0 0.5720566037735849 0.59375 0.2440000000000001 0.10995833333333328
0 0.4698679245283019 0.63946875 0.23667924528301887 0.09837500000000006
0 0.38079245283018864 0.6984999999999999 0.25977358490566027 0.09028125000000008
0 0.32732075471698113 0.7641770833333333 0.29750943396226415 0.0792812499999999
0 0.32522641509433964 0.8388333333333333 0.3037924528301887 0.08275000000000006
0 0.34532075471698115 0.919875 0.3927547169811321 0.09558333333333333
0 0.5260566037735849 0.07298958333333333 0.2119056603773586 0.053312500000000006