0 0.6188802083333333 0.7078136200716847 0.22859375000000007 0.09203106332138587
0 0.556015625 0.6557108721624851 0.21296874999999993 0.08512544802867383
0 0.511484375 0.5953763440860215 0.1991145833333333 0.06770609318996411
0 0.486875 0.5383034647550776 0.2077864583333334 0.062389486260454034
0 0.5167708333333333 0.48465949820788534 0.19940104166666664 0.07084826762246112
0 0.5622135416666666 0.44272401433691755 0.19330729166666671 0.07040621266427712
0 0.6474479166666667 0.3942652329749104 0.17013020833333345 0.06106332138590205
0 0.6865104166666667 0.36174432497013137 0.14986979166666656 0.04646356033452806
0 0.7038802083333334 0.31593787335722817 0.1383072916666667 0.05309438470728786
0 0.7096614583333333 0.2787694145758662 0.14408854166666676 0.050442054958183956
0 0.690859375 0.23762246117084826 0.1527604166666666 0.04248506571087216
0 0.6546875 0.20243727598566308 0.14989583333333334 0.03849462365591401
0 0.6141927083333333 0.17256869772998806 0.12096354166666663 0.03451612903225805
0 0.5751302083333333 0.13606929510155316 0.1180729166666666 0.04381123058542412
0 0.550546875 0.10341696535244922 0.12010416666666668 0.04554360812425329
0 0.5179947916666666 0.07094384707287933 0.14942708333333332 0.044802867383512544
0 0.656171875 0.7521266427718041 0.2358072916666667 0.06704898446833918