0 0.4336241610738255 0.07701428571428572 0.2659731543624161 0.034371428571428574
0 0.44100671140939596 0.10937142857142858 0.2764429530201342 0.03661428571428571
0 0.4326174496644295 0.14262857142857144 0.24288590604026844 0.040628571428571424
0 0.446241610738255 0.17857142857142858 0.2785234899328859 0.04374285714285715
0 0.49026845637583893 0.21115714285714285 0.2785234899328859 0.04732857142857142
0 0.5395302013422819 0.24844285714285713 0.2806040268456376 0.04598571428571428
0 0.5720805369127516 0.2832571428571429 0.29946308724832216 0.037942857142857146
0 0.5857046979865772 0.3203142857142857 0.33093959731543626 0.044199999999999996
0 0.5259060402684563 0.3604857142857143 0.3288590604026846 0.05222857142857143
0 0.49973154362416106 0.40535714285714286 0.3561073825503356 0.050899999999999994
0 0.446241610738255 0.4484428571428572 0.34563758389261745 0.053128571428571345
0 0.4106040268456376 0.4984428571428572 0.3540268456375839 0.05491428571428563
0 0.3728187919463087 0.5484428571428572 0.37080536912751677 0.0584857142857142
0 0.3759731543624162 0.6029 0.36033557046979864 0.05579999999999992
0 0.39906040268456383 0.6640571428571428 0.4316107382550336 0.06830000000000008
0 0.4147651006711409 0.7129428571428571 0.412751677852349 0.05268571428571428
0 0.42006711409395975 0.7561857142857143 0.44979865771812066 0.05152857142857134