0 0.3588301886792453 0.8653645833333333 0.3824528301886791 0.07138541666666663
0 0.37128301886792453 0.7892083333333333 0.38428301886792454 0.07963541666666671
0 0.4012452830188679 0.72103125 0.3182264150943397 0.0669375
0 0.42583018867924527 0.6573541666666666 0.33624528301886797 0.08579166666666656
0 0.46467924528301885 0.5901979166666667 0.32228301886792454 0.06727083333333325
0 0.5095660377358491 0.52609375 0.3234716981132074 0.07124999999999998
0 0.5585283018867924 0.47503124999999996 0.2967735849056603 0.05799999999999995
0 0.5993018867924528 0.4228229166666667 0.28733962264150936 0.05407291666666663
0 0.6205471698113207 0.37466666666666665 0.28432075471698126 0.05243750000000003
0 0.6178490566037735 0.32657291666666666 0.26492452830188673 0.05286458333333333
0 0.6196037735849056 0.27534375 0.254433962264151 0.041218750000000054
0 0.6097169811320754 0.23123958333333333 0.24781132075471704 0.04463541666666669
0 0.6083396226415094 0.18342708333333332 0.2634150943396227 0.04867708333333335
0 0.6073773584905661 0.13364583333333335 0.26849056603773597 0.04960416666666667
0 0.6083773584905661 0.09120833333333334 0.27750943396226424 0.045864583333333334
0 0.6083396226415094 0.04242708333333333 0.28441509433962264 0.039125
0 0.3818867924528302 0.9308958333333333 0.40760377358490574 0.07479166666666662