0 0.42637735849056607 0.04311458333333333 0.25660377358490566 0.05266666666666667
0 0.42532075471698116 0.08825 0.2545094339622641 0.06539583333333333
0 0.44575471698113206 0.136 0.26813207547169815 0.07291666666666667
0 0.4405283018867925 0.18605208333333334 0.24716981132075472 0.07233333333333333
0 0.478811320754717 0.24132291666666664 0.2821132075471699 0.08448958333333335
0 0.5018679245283019 0.2936875 0.31147169811320763 0.07350000000000007
0 0.5039245283018867 0.33564583333333337 0.3068867924528301 0.0752291666666667
0 0.5076037735849056 0.40219791666666665 0.32471698113207553 0.07870833333333328
0 0.5207358490566038 0.45081249999999995 0.32615094339622647 0.08333333333333333
0 0.5700000000000001 0.47627083333333337 0.29052830188679246 0.08564583333333337
0 0.5977735849056603 0.5283541666666667 0.3335094339622641 0.06944791666666675
0 0.6003584905660377 0.5853541666666667 0.3236415094339622 0.0769687500000001
0 0.5830566037735849 0.6455416666666667 0.30373584905660383 0.0769687500000001
0 0.531188679245283 0.7239583333333334 0.30060377358490553 0.09143749999999998
0 0.5306603773584906 0.80034375 0.29326415094339636 0.08217708333333344
0 0.5279245283018869 0.8701041666666666 0.3365094339622642 0.09979166666666663
0 0.5349811320754717 0.9445833333333333 0.37952830188679243 0.09833333333333343