0 0.4198019801980198 0.2793165829145729 0.15376237623762376 0.028472361809045266
0 0.3936633663366337 0.3031859296482412 0.14551155115511544 0.03182914572864318
0 0.3847194719471947 0.3320804020100503 0.14689768976897688 0.03098492462311562
0 0.4033003300330033 0.35489447236180904 0.16201320132013203 0.0355979899497487
0 0.4500660066006601 0.37625125628140704 0.18999999999999997 0.048160804020100464
0 0.4995379537953796 0.39928643216080406 0.20924092409240916 0.05234170854271361
0 0.5882508250825083 0.41750753768844223 0.20514851485148505 0.053597989949748785
0 0.6507920792079208 0.44367839195979897 0.2037623762376238 0.04564824120603011
0 0.6886138613861387 0.46775879396984926 0.22990099009901 0.04103517587939703
0 0.7099339933993399 0.5023015075376884 0.23953795379537948 0.040623115577889404
0 0.6975577557755775 0.5324522613065327 0.19554455445544555 0.04396984924623116
0 0.6466666666666666 0.5651155778894472 0.18673267326732668 0.05485427135678385
0 0.5566006600660066 0.5973668341708542 0.20462046204620463 0.059045226130653265
0 0.4403960396039604 0.6216482412060301 0.1812541254125413 0.0573668341708542
0 0.3524092409240924 0.6578693467336684 0.20603960396039606 0.06113567839195973
0 0.3138943894389439 0.7028844221105528 0.21155115511551154 0.04731658291457279
0 0.3111221122112211 0.7349547738693467 0.2528052805280528 0.04105527638190946