0 0.3506415094339623 0.045083333333333336 0.23539622641509433 0.05112499999999998
0 0.38430188679245286 0.08597916666666668 0.24549056603773586 0.056697916666666674
0 0.4507924528301886 0.12780208333333334 0.24716981132075472 0.056697916666666674
0 0.5080377358490565 0.15754166666666666 0.24041509433962258 0.0622708333333333
0 0.5863018867924529 0.18775 0.25218867924528293 0.07250000000000002
0 0.6612075471698113 0.22539583333333332 0.2605849056603774 0.07714583333333333
0 0.7537924528301887 0.26675 0.2605660377358491 0.06878124999999997
0 0.774 0.32298958333333333 0.27066037735849063 0.06413541666666672
0 0.7891509433962264 0.37642708333333336 0.3009433962264151 0.0706354166666666
0 0.8085094339622642 0.429875 0.2891698113207547 0.07900000000000003
0 0.7874528301886793 0.502375 0.32450943396226417 0.07899999999999992
0 0.7537924528301887 0.5627916666666667 0.3211698113207548 0.08458333333333339
0 0.6906792452830188 0.6269166666666667 0.33294339622641517 0.09944791666666669
0 0.5871509433962264 0.6878020833333333 0.35149056603773576 0.10223958333333343
0 0.4709811320754717 0.7421770833333333 0.35152830188679235 0.10503124999999992
0 0.3817735849056603 0.8170000000000001 0.3582830188679245 0.10223958333333343
0 0.30349056603773583 0.8983229166666666 0.37345283018867925 0.09944791666666669