0 0.465 0.1623135271807838 0.18428057553956842 0.04211125158027813
0 0.44999999999999996 0.20092288242730721 0.19424460431654678 0.03685208596713019
0 0.4437769784172662 0.23513274336283188 0.1867625899280576 0.03685208596713019
0 0.4575179856115108 0.2702275600505689 0.19924460431654673 0.03860935524652341
0 0.493705035971223 0.3053223767383059 0.19672661870503597 0.040353982300884904
0 0.6035251798561151 0.3325158027812895 0.23165467625899294 0.04738305941845767
0 0.6796402877697841 0.3540202275600505 0.24910071942446044 0.0535145385587864
0 0.7433093525179856 0.37288242730720605 0.25158273381294965 0.052642225031605545
0 0.8007194244604317 0.3956890012642225 0.23661870503597132 0.04912768647281923
0 0.8419064748201439 0.43474083438685207 0.25906474820143877 0.05001264222503154
0 0.8469064748201439 0.477724399494311 0.25906474820143877 0.05001264222503154
0 0.8343884892086332 0.5237926675094816 0.2641007194244605 0.0543994943109987
0 0.7732374100719425 0.5606321112515803 0.27658273381294957 0.059658659924146575
0 0.6783812949640288 0.5944121365360303 0.2715827338129496 0.05702907711757271
0 0.5485971223021583 0.6400379266750948 0.34647482014388487 0.07633375474083452
0 0.44999999999999996 0.6904930467762326 0.32406474820143877 0.07194690265486736
0 0.3968705035971223 0.7434134007585335 0.3083812949640287 0.05917825537294557