0 0.49077181208053694 0.14862068965517242 0.16365771812080532 0.03978779840848806
0 0.5095302013422819 0.18216180371352783 0.16365771812080532 0.04603448275862066
0 0.511006711409396 0.22566312997347482 0.16463087248322147 0.054217506631299726
0 0.5258053691275167 0.26798408488063663 0.16661073825503347 0.05148541114058355
0 0.5825503355704698 0.30718832891246683 0.17942953020134217 0.05811671087533156
0 0.6018120805369127 0.34657824933687004 0.1606711409395973 0.05188328912466844
0 0.6180872483221477 0.3875464190981432 0.16362416107382546 0.05188328912466844
0 0.6121812080536913 0.4318169761273209 0.1912751677852349 0.05694960212201584
0 0.5919463087248322 0.4790185676392573 0.20013422818791943 0.06163129973474805
0 0.5593624161073826 0.5310875331564987 0.23765100671140937 0.07137931034482765
0 0.4878187919463087 0.5804376657824933 0.24063758389261738 0.06864721485411139
0 0.4246644295302013 0.6338726790450928 0.22879194630872485 0.07177718832891247
0 0.3802684563758389 0.6890716180371352 0.2544630872483221 0.07527851458885941
0 0.35953020134228186 0.7561671087533156 0.23275167785234893 0.07216180371352796
0 0.39406040268456377 0.8308620689655173 0.27815436241610736 0.07255968169761277
0 0.4838926174496644 0.11448275862068964 0.16758389261744966 0.03393899204244032
0 0.4222818791946309 0.8875331564986738 0.32080536912751667 0.057108753315649796