0 0.47773584905660377 0.07060416666666666 0.20418867924528308 0.057875
0 0.4834905660377358 0.114875 0.21571698113207555 0.0549791666666667
0 0.4740754716981132 0.15971875000000002 0.2010566037735848 0.06596874999999998
0 0.4620188679245283 0.21990625000000003 0.22724528301886804 0.06481250000000002
0 0.46883018867924525 0.25636458333333334 0.2199056603773585 0.06365625000000001
0 0.46883018867924525 0.30353125 0.205245283018868 0.061916666666666724
0 0.4735471698113208 0.35387500000000005 0.19790566037735846 0.07349999999999994
0 0.48035849056603774 0.4056666666666667 0.205245283018868 0.06481250000000002
0 0.48507547169811316 0.4583333333333333 0.2188679245283019 0.07176041666666665
0 0.49135849056603775 0.5153333333333333 0.2461132075471697 0.07349999999999994
0 0.5086415094339622 0.57378125 0.25554716981132064 0.07117708333333325
0 0.5091698113207548 0.63628125 0.2523962264150943 0.0769687500000001
0 0.5254150943396227 0.7051458333333334 0.2639245283018868 0.07349999999999994
0 0.5227924528301886 0.7740208333333333 0.2754528301886793 0.078125
0 0.5201698113207547 0.8431666666666667 0.2911698113207548 0.07754166666666672
0 0.5264716981132075 0.9065416666666667 0.32050943396226417 0.0769687500000001
0 0.5241698113207547 0.9671875 0.34096226415094344 0.06354166666666666