0 0.516737400530504 0.22640490797546015 0.10498673740053047 0.02273619631901844
0 0.5123342175066313 0.25028220858895706 0.0981167108753316 0.02591411042944786
0 0.5241114058355438 0.27550920245398774 0.10007957559681703 0.026368098159509214
0 0.5570291777188329 0.2986993865030675 0.1069496021220159 0.030920245398773062
0 0.6042175066312997 0.3161963190184049 0.10103448275862062 0.033190184049079696
0 0.6371352785145888 0.3377914110429448 0.10594164456233406 0.028184049079754636
0 0.6710344827586207 0.35188957055214726 0.13246684350132626 0.03364417177914105
0 0.6872413793103448 0.37553374233128833 0.13541114058355425 0.03910429447852761
0 0.6788859416445623 0.40485889570552147 0.1324668435013261 0.03865030674846626
0 0.6577718832891247 0.4269079754601227 0.14129973474801055 0.04001226993865032
0 0.6258355437665782 0.45258895705521474 0.15212201591511942 0.04774233128834352
0 0.5619628647214855 0.47146012269938653 0.13445623342175067 0.041828220858895745
0 0.5162599469496021 0.49328834355828216 0.14920424403183025 0.043644171779141164
0 0.47546419098143233 0.5244294478527608 0.14233421750663122 0.04137423312883439
0 0.4484350132625995 0.5607975460122699 0.1492307692307692 0.039558282208588966
0 0.46809018567639255 0.6058036809815951 0.1393899204244032 0.03773006134969325
0 0.47819628647214857 0.643325153374233 0.15615384615384617 0.045128834355828186