0 0.5249656750572083 0.17344793713163065 0.10965675057208242 0.03222003929273086
0 0.5275743707093822 0.1981728880157171 0.11139588100686501 0.029223968565815325
0 0.5336842105263158 0.22477406679764242 0.11313501144164759 0.03146365422396854
0 0.5799313501144165 0.245 0.11137299771167039 0.031463654223968594
0 0.6235697940503433 0.26522593320235754 0.10439359267734555 0.03296660117878187
0 0.665446224256293 0.28845776031434184 0.11485125858123556 0.03296660117878187
0 0.6750343249427918 0.3150589390962672 0.11311212814645298 0.03371316306483305
0 0.6706864988558352 0.3420235756385069 0.1288100686498855 0.03521611001964639
0 0.647116704805492 0.3705009823182711 0.15151029748283762 0.039705304518664004
0 0.6052402745995423 0.3985952848722986 0.16199084668192212 0.041954813359528526
0 0.5432723112128146 0.4259430255402751 0.14281464530892454 0.038212180746561866
0 0.5005263157894737 0.46041257367387034 0.16899313501144156 0.04420432220039293
0 0.4673684210526316 0.4982416502946954 0.1689931350114417 0.041954813359528526
0 0.4673684210526316 0.5387033398821218 0.1689931350114417 0.041954813359528526
0 0.48219679633867274 0.5832809430255402 0.16725400457665898 0.04120825147347745
0 0.501395881006865 0.62 0.17423340961098396 0.048703339882121735
0 0.5286498855835241 0.1487524557956778 0.10171624713958807 0.02612966601178784