0 0.4769433962264151 0.89375 0.27011320754716983 0.08333333333333333
0 0.39677358490566034 0.8302083333333333 0.294622641509434 0.09583333333333334
0 0.3203584905660377 0.7765625 0.2663018867924528 0.07395833333333333
0 0.29862264150943396 0.7015625 0.2525094339622641 0.07395833333333333
0 0.30145283018867924 0.6223958333333334 0.29213207547169806 0.09270833333333334
0 0.3806981132075472 0.5609375 0.2430566037735849 0.09895833333333333
0 0.4750188679245283 0.5067708333333333 0.22039622641509424 0.09270833333333334
0 0.5542641509433962 0.46510416666666665 0.21660377358490557 0.08645833333333333
0 0.6363207547169811 0.41822916666666665 0.21469811320754711 0.05520833333333333
0 0.609943396226415 0.3578125 0.2871320754716982 0.065625
0 0.5693962264150942 0.31614583333333335 0.36447169811320745 0.090625
0 0.5203396226415093 0.2677083333333333 0.2889999999999999 0.09583333333333334
0 0.3467358490566038 0.057291666666666664 0.21664150943396226 0.0375
0 0.33824528301886797 0.09895833333333333 0.2223207547169811 0.041666666666666664
0 0.3646603773584906 0.14427083333333332 0.2449433962264151 0.040625
0 0.43166037735849055 0.18489583333333334 0.2550188679245283 0.06979166666666667
0 0.48260377358490564 0.23020833333333332 0.2550188679245283 0.08125