0 0.45454716981132076 0.9179166666666667 0.29675471698113215 0.08740625000000009
0 0.469 0.8553333333333334 0.31933962264150945 0.07682291666666667
0 0.4659811320754717 0.7768854166666667 0.25673584905660374 0.07271874999999994
0 0.5027169811320754 0.7062604166666666 0.2861886792452829 0.08769791666666672
0 0.541320754716981 0.6398020833333333 0.2375849056603773 0.06591666666666664
0 0.5782075471698113 0.5719375 0.26103773584905665 0.06906249999999996
0 0.6256603773584906 0.51409375 0.21758490566037725 0.06794791666666669
0 0.6553962264150943 0.45939583333333334 0.22673584905660368 0.07315625000000002
0 0.6696792452830189 0.40029166666666666 0.19243396226415097 0.05562499999999997
0 0.6738301886792453 0.35096875 0.20701886792452837 0.05640624999999998
0 0.6573962264150943 0.2989583333333333 0.20558490566037743 0.05625
0 0.6390754716981132 0.25246875 0.2209811320754717 0.04818749999999999
0 0.6024905660377359 0.21175 0.19354716981132083 0.05702083333333334
0 0.5237169811320754 0.17710416666666667 0.21900000000000008 0.05370833333333334
0 0.47628301886792457 0.13828125 0.23043396226415094 0.05243750000000003
0 0.4569811320754717 0.08642708333333333 0.19469811320754707 0.042489583333333324
0 0.44313207547169814 0.043625000000000004 0.2014528301886792 0.045572916666666664