0 0.35694339622641513 0.8250208333333333 0.2415471698113207 0.08156249999999995
0 0.40516981132075475 0.75921875 0.2423962264150944 0.08491666666666665
0 0.49081132075471695 0.6935208333333333 0.1966792452830189 0.09802083333333324
0 0.5959056603773585 0.6451145833333333 0.1853018867924529 0.09630208333333339
0 0.6814716981132075 0.5967187500000001 0.21303773584905655 0.08699999999999998
0 0.7404716981132076 0.5413958333333333 0.22535849056603763 0.07636458333333328
0 0.7666981132075472 0.4849479166666667 0.17971698113207546 0.07179166666666663
0 0.7862452830188679 0.4217708333333333 0.188622641509434 0.057927083333333344
0 0.7775660377358491 0.37923958333333335 0.19856603773584908 0.05961458333333335
0 0.7398301886792453 0.32259375 0.19854716981132078 0.05542708333333337
0 0.6816981132075471 0.28167708333333336 0.17141509433962268 0.06526041666666664
0 0.6345471698113208 0.23830208333333333 0.1525283018867925 0.053489583333333354
0 0.5805283018867925 0.20363541666666668 0.1473396226415095 0.05082291666666669
0 0.5607735849056603 0.15314583333333334 0.15275471698113213 0.04568750000000001
0 0.5256226415094339 0.11052083333333333 0.1201886792452831 0.04377083333333334
0 0.5028867924528302 0.07060416666666666 0.1475849056603774 0.04513541666666665
0 0.4860754716981132 0.037322916666666664 0.15169811320754711 0.03183333333333334