0 0.42956603773584906 0.046260416666666665 0.22364150943396233 0.04732291666666667
0 0.4174150943396226 0.08476041666666667 0.20445283018867927 0.04943750000000001
0 0.41996226415094345 0.13455208333333332 0.219811320754717 0.05580208333333333
0 0.4481132075471698 0.18187499999999998 0.24539622641509423 0.06286458333333336
0 0.5069622641509434 0.2313125 0.2376981132075472 0.06427083333333332
0 0.5958679245283018 0.2705208333333333 0.22871698113207553 0.06497916666666666
0 0.7071509433962264 0.31713541666666667 0.26450943396226406 0.07204166666666663
0 0.7730377358490566 0.37222916666666667 0.27345283018867916 0.07204166666666663
0 0.7755849056603774 0.42661458333333335 0.2529811320754718 0.07628125000000002
0 0.7237735849056605 0.48559375 0.2542830188679245 0.07275000000000004
0 0.6201698113207547 0.523375 0.2517358490566037 0.07486458333333333
0 0.5216603773584906 0.5682291666666667 0.2850188679245282 0.08263541666666659
0 0.41932075471698116 0.6272083333333334 0.29271698113207545 0.07910416666666673
0 0.35792452830188676 0.6996041666666667 0.2697169811320753 0.07557291666666661
0 0.391188679245283 0.778 0.2978490566037736 0.08405208333333339
0 0.44043396226415094 0.8549895833333333 0.31447169811320747 0.08122916666666669
0 0.5088679245283019 0.9203229166666667 0.35411320754716974 0.08334375