0 0.6568047337278107 0.73974609375 0.31952662721893493 0.04296875
0 0.7041420118343196 0.69140625 0.27958579881656803 0.0458984375
0 0.7130177514792899 0.64208984375 0.28994082840236685 0.03515625
0 0.7041420118343196 0.603515625 0.30029585798816566 0.03076171875
0 0.6686390532544378 0.5654296875 0.2988165680473373 0.0361328125
0 0.6390532544378699 0.529296875 0.25443786982248523 0.03466796875
0 0.6094674556213018 0.494140625 0.22633136094674555 0.03173828125
0 0.6079881656804734 0.4619140625 0.20710059171597633 0.02880859375
0 0.6035502958579881 0.4287109375 0.17751479289940827 0.02880859375
0 0.6020710059171598 0.3974609375 0.15828402366863906 0.02734375
0 0.6109467455621301 0.369140625 0.16863905325443787 0.02734375
0 0.6183431952662722 0.34033203125 0.15680473372781065 0.02978515625
0 0.6124260355029586 0.3125 0.1849112426035503 0.029296875
0 0.613905325443787 0.28466796875 0.16863905325443787 0.0263671875
0 0.6272189349112426 0.2568359375 0.14644970414201183 0.02587890625
0 0.6375739644970414 0.23046875 0.14792899408284024 0.02587890625
0 0.6390532544378699 0.775390625 0.2529585798816568 0.03857421875