0 0.5586037735849056 0.9296770833333333 0.42598113207547167 0.07967708333333334
0 0.5490188679245284 0.8605416666666666 0.4011132075471699 0.06640625
0 0.4969811320754717 0.8105833333333333 0.35422641509433966 0.08108333333333324
0 0.4585283018867925 0.7532083333333334 0.3116415094339623 0.0600833333333334
0 0.4300943396226415 0.6978854166666667 0.3119245283018869 0.057083333333333285
0 0.4107924528301886 0.6364166666666667 0.31907547169811323 0.06954166666666665
0 0.37333962264150944 0.5661770833333333 0.31850943396226405 0.06795833333333334
0 0.3520377358490566 0.4893125 0.2930566037735849 0.07015625000000002
0 0.35260377358490563 0.42695833333333333 0.3285094339622642 0.04647916666666667
0 0.33773584905660375 0.37440625 0.270188679245283 0.06635416666666671
0 0.32458490566037734 0.3152916666666667 0.28392452830188675 0.048833333333333326
0 0.3283018867924528 0.25823958333333336 0.2513207547169811 0.049302083333333316
0 0.31186792452830187 0.20622916666666666 0.25275471698113205 0.045979166666666654
0 0.3101509433962264 0.16053125000000001 0.24360377358490568 0.05528124999999999
0 0.31243396226415093 0.112625 0.2767735849056604 0.05322916666666669
0 0.3197358490566038 0.06930208333333333 0.26849056603773586 0.03254166666666668
0 0.32615094339622647 0.03054166666666667 0.25139622641509435 0.04421875