0 0.40749056603773587 0.8412916666666667 0.3515094339622642 0.06864583333333343
0 0.39622641509433965 0.7625416666666667 0.34207547169811314 0.07556249999999996
0 0.42760377358490564 0.6927604166666667 0.34890566037735843 0.07755208333333338
0 0.4866415094339623 0.6206354166666667 0.35603773584905646 0.08856249999999997
0 0.596566037735849 0.5675729166666666 0.32432075471698113 0.07463541666666676
0 0.6752830188679245 0.5127083333333333 0.3268490566037736 0.08062499999999997
0 0.7894150943396226 0.4700520833333333 0.266867924528302 0.07393750000000002
0 0.8397358490566037 0.3974375 0.2999245283018869 0.05863541666666663
0 0.799245283018868 0.30463541666666666 0.2822075471698112 0.06182291666666669
0 0.7351698113207547 0.25135416666666666 0.29943396226415103 0.055916666666666615
0 0.6758867924528302 0.21170833333333333 0.2749811320754717 0.05038541666666667
0 0.6106981132075472 0.16890625 0.23843396226415095 0.05689583333333334
0 0.5600754716981131 0.1281145833333333 0.21426415094339635 0.04134375
0 0.5298301886792453 0.07879166666666666 0.20262264150943393 0.04333333333333333
0 0.5088301886792453 0.03796875 0.20215094339622638 0.03940625
0 0.8307735849056603 0.3509479166666667 0.2614150943396228 0.06437499999999995
0 0.42945283018867925 0.9164687499999999 0.3570377358490566 0.07794791666666659