0 0.5857258064516129 0.7751358695652174 0.23310483870967744 0.058423913043478264
0 0.5675806451612903 0.7275815217391305 0.2693951612903226 0.036684782608695655
0 0.5111693548387097 0.6847826086956522 0.2855241935483871 0.059782608695652176
0 0.4244758064516129 0.6345108695652174 0.24927419354838706 0.07880434782608696
0 0.3438306451612903 0.5910326086956522 0.24927419354838706 0.06521739130434782
0 0.3022177419354839 0.5334510869565218 0.21064516129032262 0.06114130434782609
0 0.3151612903225806 0.4828532608695652 0.22745967741935483 0.04451086956521738
0 0.3528629032258065 0.4491711956521739 0.2201612903225806 0.05595108695652167
0 0.40625 0.4132065217391304 0.22254032258064516 0.04955163043478265
0 0.47262096774193546 0.3812364130434782 0.21302419354838714 0.04635869565217392
0 0.5129435483870968 0.3496603260869566 0.18931451612903233 0.045557065217391265
0 0.5247983870967742 0.3093070652173913 0.18455645161290316 0.04315217391304347
0 0.5236290322580646 0.2713451086956522 0.1774193548387097 0.03756793478260866
0 0.5117741935483872 0.24256793478260869 0.1916532258064516 0.04076086956521739
0 0.4868548387096774 0.21179347826086956 0.17508064516129027 0.035163043478260866
0 0.4679032258064516 0.1774320652173913 0.17032258064516131 0.03676630434782609
0 0.4446370967741936 0.14130434782608695 0.16056451612903222 0.035326086956521736