0 0.5481698113207547 0.8628541666666667 0.35271698113207556 0.05777083333333337
0 0.5269056603773584 0.7977708333333333 0.3195283018867925 0.058333333333333334
0 0.5301320754716982 0.7309687500000001 0.2936037735849057 0.06255208333333329
0 0.5174716981132075 0.6610416666666666 0.26826415094339634 0.06252083333333332
0 0.510245283018868 0.591875 0.2653396226415094 0.05609374999999991
0 0.4936792452830188 0.5356458333333334 0.25813207547169803 0.0453125
0 0.4794339622641509 0.48181250000000003 0.2517358490566038 0.043135416666666634
0 0.46233962264150935 0.43085416666666665 0.23228301886792455 0.04951041666666664
0 0.4756603773584905 0.3727395833333333 0.22496226415094342 0.05479166666666669
0 0.475 0.32286458333333334 0.22364150943396222 0.04560416666666664
0 0.4960377358490566 0.2754270833333334 0.2081698113207548 0.04131249999999997
0 0.4960754716981132 0.23853125 0.20649056603773575 0.043802083333333346
0 0.5037547169811321 0.19195833333333334 0.20343396226415084 0.044395833333333336
0 0.5126037735849057 0.14865625000000002 0.18949056603773576 0.03723958333333333
0 0.5117735849056604 0.10760416666666667 0.2050943396226416 0.031406250000000004
0 0.5139245283018867 0.07863541666666667 0.20073584905660374 0.03067708333333332
0 0.5572075471698114 0.93815625 0.30141509433962266 0.06380208333333333