0 0.442622641509434 0.037322916666666664 0.23879245283018868 0.0445625
0 0.44 0.07233333333333333 0.20420754716981135 0.05323958333333335
0 0.452056603773585 0.114 0.18847169811320752 0.059031250000000014
0 0.45732075471698114 0.1594375 0.20141509433962265 0.06076041666666665
0 0.48247169811320756 0.21238541666666666 0.22656603773584902 0.067125
0 0.5039622641509435 0.2688125 0.24020754716981121 0.06655208333333332
0 0.5175849056603773 0.32205208333333335 0.24858490566037736 0.0653958333333333
0 0.5196603773584906 0.3723958333333333 0.23981132075471703 0.06770833333333333
0 0.5138867924528302 0.43315624999999996 0.2513396226415095 0.07581249999999998
0 0.5096981132075471 0.4892916666666667 0.2576415094339622 0.07696874999999999
0 0.47983018867924526 0.5486145833333332 0.2691698113207547 0.06944791666666675
0 0.44681132075471697 0.6125624999999999 0.24926415094339624 0.06770833333333333
0 0.4478490566037736 0.66840625 0.2974716981132075 0.061343750000000107
0 0.437377358490566 0.7123854166666667 0.2953773584905662 0.0625
0 0.44890566037735846 0.7766249999999999 0.2932830188679245 0.07176041666666677
0 0.4510377358490566 0.8521458333333333 0.30832075471698106 0.08622916666666663
0 0.4700377358490566 0.92825 0.33879245283018855 0.0810208333333333