0 0.47555066079295155 0.15634053367217282 0.267136563876652 0.041296060991105464
0 0.48814977973568285 0.1985387547649301 0.2419823788546256 0.05310038119440917
0 0.5180176211453744 0.23893265565438374 0.22625550660792956 0.05400254129606099
0 0.5542290748898678 0.27749682337992376 0.27973568281938327 0.058538754764930104
0 0.6352422907488986 0.32491740787801776 0.2944933920704847 0.06716645489199494
0 0.6942290748898678 0.3653113087674714 0.2646255506607929 0.06898348157560351
0 0.7209691629955947 0.4093265565438373 0.25453744493392083 0.05264294790343069
0 0.7469162995594714 0.4540279542566709 0.28440528634361234 0.061257941550190646
0 0.7343612334801761 0.5050825921219823 0.2812775330396477 0.06898348157560351
0 0.6918502202643172 0.5475095298602287 0.30017621145374446 0.06307496823379923
0 0.5982819383259912 0.5965184243964422 0.3615418502202643 0.08213468869123251
0 0.4826431718061674 0.6582465057179161 0.3631277533039648 0.08031766200762394
0 0.39215859030837 0.7190470139771283 0.3773127753303965 0.08123252858958077
0 0.3308370044052863 0.7873443456162643 0.3741409691629956 0.08531130876747153
0 0.30801762114537445 0.8651715374841169 0.40405286343612334 0.08123252858958077
0 0.3077092511013216 0.9264421855146124 0.41220264317180616 0.05763659466327815
0 0.27881057268722464 0.966569250317662 0.36132158590308366 0.05180432020330366