0 0.45336405529953916 0.1357142857142857 0.2691705069124424 0.044
0 0.44990783410138246 0.17257142857142857 0.26225806451612904 0.04114285714285714
0 0.46834101382488474 0.21257142857142858 0.23921658986175115 0.04342857142857143
0 0.48912442396313366 0.24914285714285714 0.295299539170507 0.04914285714285714
0 0.5294009216589861 0.2877142857142857 0.27373271889400913 0.05542857142857143
0 0.5616589861751152 0.3322857142857143 0.26451612903225796 0.05542857142857143
0 0.6019815668202765 0.37285714285714283 0.2944700460829492 0.05542857142857143
0 0.6803225806451613 0.4114285714285714 0.32672811059907825 0.05714285714285714
0 0.7552073732718894 0.44457142857142856 0.3474193548387096 0.052571428571428575
0 0.7932258064516129 0.494 0.36815668202764973 0.06457142857142857
0 0.7494470046082949 0.5434285714285715 0.3644700460829495 0.06971428571428571
0 0.6423041474654377 0.588 0.3751152073732718 0.07542857142857143
0 0.520184331797235 0.6302857142857143 0.40276497695852526 0.08228571428571428
0 0.41764976958525346 0.6842857142857143 0.40972350230414734 0.084
0 0.40036866359447004 0.7442857142857143 0.4304608294930874 0.07028571428571428
0 0.411889400921659 0.8134285714285714 0.41663594470046067 0.068
0 0.5164516129032257 0.85072 0.47705069124423954 0.07009142857142849