0 0.4172452830188679 0.06822916666666666 0.31354716981132086 0.048666666666666664
0 0.41032075471698115 0.10760416666666667 0.26688679245283015 0.04914583333333334
0 0.39433962264150946 0.14839583333333334 0.30058490566037727 0.05726041666666663
0 0.3977924528301887 0.19897916666666668 0.3316981132075472 0.06489583333333335
0 0.41075471698113203 0.23309375000000002 0.3075094339622642 0.05582291666666664
0 0.44445283018867926 0.2621979166666667 0.2815660377358491 0.06251041666666665
0 0.5114339622641509 0.3041875 0.28241509433962253 0.07014583333333337
0 0.5416792452830188 0.3404583333333333 0.2910566037735849 0.07109375
0 0.5593962264150943 0.3915104166666667 0.3109245283018867 0.0796875
0 0.5598301886792453 0.451875 0.28413207547169816 0.06776041666666661
0 0.5606981132075473 0.5131875 0.315245283018868 0.0720520833333333
0 0.5546415094339622 0.5785520833333333 0.3117924528301887 0.06345833333333341
0 0.556377358490566 0.6360520833333333 0.30315094339622634 0.06107291666666678
0 0.5498867924528302 0.7011875 0.3282075471698112 0.07395833333333333
0 0.5425471698113208 0.7627395833333334 0.32907547169811313 0.06345833333333341
0 0.5451320754716982 0.8264375 0.3480943396226415 0.06584375000000003
0 0.5492075471698112 0.8772291666666666 0.37411320754716976 0.07886458333333338