0 0.6090943396226415 0.057645833333333334 0.21983018867924525 0.04558333333333332
0 0.5937169811320755 0.09115625000000001 0.20850943396226412 0.050052083333333316
0 0.5759056603773586 0.13182291666666665 0.20526415094339615 0.052729166666666674
0 0.5483962264150943 0.17740625000000002 0.227943396226415 0.054520833333333366
0 0.5378679245283019 0.22163541666666667 0.23926415094339634 0.06077083333333331
0 0.5233018867924528 0.2864375 0.24898113207547176 0.07417708333333337
0 0.5152075471698113 0.3467604166666666 0.2781132075471698 0.06970833333333329
0 0.5354339622641509 0.3976979166666667 0.2764905660377358 0.07507291666666673
0 0.547566037735849 0.45623958333333337 0.3040188679245283 0.07954166666666668
0 0.5904716981132075 0.5116458333333334 0.3088490566037735 0.07774999999999999
0 0.6341698113207548 0.5777812499999999 0.302377358490566 0.0813229166666666
0 0.6665471698113207 0.65375 0.3217924528301886 0.08847916666666672
0 0.6511698113207547 0.7158645833333334 0.32341509433962257 0.08758333333333326
0 0.6034150943396226 0.7797604166666667 0.2926603773584906 0.0831145833333333
0 0.49820754716981136 0.8512604166666667 0.3185849056603774 0.10098958333333338
0 0.4399433962264151 0.9214166666666667 0.3477358490566038 0.08937499999999995
0 0.40233962264150946 0.9650312499999999 0.36607547169811316 0.06993750000000011