0 0.359667458432304 0.21196215139442232 0.10959619952494058 0.028017928286852584
0 0.36857482185273155 0.24028884462151395 0.12444180522565318 0.037350597609561755
0 0.3828028503562945 0.268097609561753 0.12353919239904985 0.04233067729083665
0 0.40802850356294534 0.2925796812749004 0.12254156769596193 0.043157370517928326
0 0.4520665083135392 0.31623505976095617 0.11793349168646075 0.044820717131474105
0 0.4822565320665083 0.3438346613545816 0.13674584323040379 0.0419123505976096
0 0.5060095011876484 0.3712250996015936 0.1426840855106888 0.041085657370517926
0 0.5267933491686461 0.3979880478087649 0.14467933491686466 0.04150398406374498
0 0.521852731591449 0.42786852589641433 0.13674584323040379 0.0398406374501992
0 0.5119477434679335 0.4652191235059761 0.14429928741092637 0.037350597609561755
0 0.47581947743467934 0.5021613545816733 0.14926365795724472 0.04648406374501988
0 0.43771971496437057 0.5229083665338645 0.1482660332541568 0.043157370517928215
0 0.4075296912114014 0.5581872509960158 0.18292161520190023 0.04564741035856566
0 0.38080760095011873 0.5926294820717132 0.17895486935866992 0.04564741035856566
0 0.3649881235154394 0.6370318725099602 0.17895486935866978 0.052290836653386456
0 0.3798099762470309 0.6862151394422311 0.18292161520190023 0.05685258964143419
0 0.3899287410926366 0.7383764940239044 0.2080997624703088 0.04984063745019917