0 0.44630188679245275 0.07928125 0.20209433962264153 0.05670833333333333
0 0.444188679245283 0.13079166666666667 0.19581132075471705 0.06829166666666667
0 0.4615094339622641 0.17794791666666668 0.2244716981132075 0.07233333333333333
0 0.4809056603773585 0.23061458333333332 0.2590566037735848 0.07233333333333339
0 0.5118301886792452 0.27980208333333334 0.26850943396226407 0.07696874999999999
0 0.5233584905660378 0.33478125 0.2789811320754717 0.06886458333333335
0 0.5348490566037737 0.386 0.28067924528301885 0.06944791666666662
0 0.5291320754716982 0.4395208333333333 0.29260377358490575 0.07350000000000007
0 0.5159811320754718 0.49189583333333337 0.28698113207547177 0.07060416666666663
0 0.5007924528301887 0.5529479166666668 0.30479245283018863 0.078125
0 0.49660377358490565 0.6151666666666666 0.29432075471698116 0.07060416666666663
0 0.49135849056603775 0.67303125 0.29432075471698116 0.07754166666666672
0 0.47930188679245284 0.7459479166666667 0.30007547169811327 0.0752291666666667
0 0.46907547169811326 0.8129375 0.3341509433962265 0.08912499999999994
0 0.46292452830188674 0.8909791666666667 0.3370377358490566 0.07797916666666656
0 0.46990566037735854 0.9357500000000001 0.4283207547169811 0.09576041666666674
0 0.4630943396226415 0.04288541666666667 0.20103773584905651 0.05457291666666668