0 0.625377358490566 0.8004895833333333 0.29016981132075464 0.06615624999999999
0 0.5123207547169811 0.7395520833333333 0.26933962264150946 0.06965624999999989
0 0.41262264150943395 0.6845208333333334 0.28256603773584904 0.07514583333333344
0 0.3787358490566037 0.61675 0.321433962264151 0.05805208333333335
0 0.3733584905660377 0.5568124999999999 0.2927358490566037 0.06112500000000007
0 0.39258490566037735 0.4985 0.26413207547169815 0.061385416666666616
0 0.4161320754716981 0.44283333333333336 0.23445283018867924 0.053697916666666616
0 0.44049056603773584 0.3936875 0.2578490566037736 0.045572916666666664
0 0.4570754716981132 0.3516666666666667 0.2366037735849056 0.05501041666666661
0 0.46354716981132077 0.29946875 0.23494339622641505 0.05871875000000001
0 0.4680754716981133 0.2474375 0.20662264150943394 0.050989583333333324
0 0.44843396226415094 0.2050625 0.18377358490566045 0.04215625000000003
0 0.4269811320754717 0.1634375 0.18605660377358493 0.04392708333333335
0 0.4096981132075471 0.11651041666666666 0.2089433962264151 0.04186458333333333
0 0.39254716981132076 0.07186458333333333 0.19313207547169814 0.039833333333333346
0 0.39232075471698113 0.03291666666666667 0.18035849056603778 0.034468750000000006
0 0.6606981132075472 0.8653541666666666 0.36090566037735844 0.07264583333333334