0 0.4370377358490566 0.09237500000000001 0.18186792452830186 0.04038541666666668
0 0.4284905660377358 0.1280416666666667 0.17096226415094343 0.04296875
0 0.4191509433962265 0.16370833333333332 0.17409433962264148 0.04554166666666663
0 0.43937735849056603 0.20322916666666666 0.19898113207547177 0.05069791666666668
0 0.4720566037735849 0.24706250000000002 0.18964150943396224 0.04726041666666667
0 0.48762264150943396 0.287875 0.2083018867924528 0.05499999999999995
0 0.5265283018867924 0.33084375 0.23320754716981137 0.06359374999999995
0 0.5529811320754716 0.3781041666666667 0.22384905660377355 0.058437500000000024
0 0.5716603773584906 0.4249375 0.20516981132075474 0.05757291666666665
0 0.5553207547169812 0.4769375 0.19428301886792457 0.07046874999999998
0 0.5086226415094339 0.5362291666666666 0.23164150943396222 0.07390625000000005
0 0.4502641509433962 0.5968125000000001 0.2518867924528302 0.0781979166666666
0 0.40435849056603773 0.65825 0.23790566037735855 0.07218749999999995
0 0.3708867924528302 0.7235625 0.25813207547169825 0.06875
0 0.3568867924528302 0.79015625 0.25503773584905665 0.0627291666666667
0 0.3802264150943397 0.8670729166666666 0.2799245283018868 0.0704687500000001
0 0.40435849056603773 0.9388229166666666 0.3281698113207546 0.0713229166666667