0 0.4291132075471698 0.8617916666666667 0.3529433962264152 0.08794791666666674
0 0.4653018867924529 0.7882083333333333 0.28683018867924526 0.07761458333333332
0 0.5000188679245283 0.7201666666666667 0.27535849056603784 0.08309374999999998
0 0.5643584905660377 0.6543958333333334 0.24569811320754723 0.06966666666666678
0 0.6102075471698114 0.597375 0.2282264150943397 0.0701562499999999
0 0.6491132075471697 0.53259375 0.25347169811320763 0.07351041666666672
0 0.6666037735849056 0.4771458333333333 0.25256603773584907 0.06534375000000002
0 0.6527924528301887 0.42007291666666663 0.2592452830188679 0.07539583333333333
0 0.6413207547169811 0.3656041666666667 0.251188679245283 0.06731250000000001
0 0.6202264150943396 0.31352083333333336 0.23722641509433964 0.06237499999999999
0 0.5790566037735848 0.27283333333333337 0.23237735849056598 0.06535416666666667
0 0.5488679245283018 0.22612500000000002 0.21966037735849048 0.05735416666666667
0 0.5228679245283019 0.18269791666666665 0.1872641509433962 0.04635416666666667
0 0.4833018867924528 0.13408333333333333 0.18964150943396224 0.050125
0 0.4780188679245283 0.09743750000000001 0.1816792452830189 0.044166666666666674
0 0.4413018867924528 0.9351979166666666 0.3072264150943397 0.06411458333333328
0 0.45549056603773586 0.04814583333333333 0.18247169811320751 0.04485416666666667