0 0.5909245283018868 0.8224270833333333 0.2927735849056603 0.07004166666666668
0 0.5999245283018868 0.8771145833333333 0.29190566037735854 0.06483333333333334
0 0.6270943396226415 0.9441979166666666 0.28333962264150936 0.060104166666666715
0 0.5639056603773585 0.7529791666666666 0.23243396226415106 0.07003125000000002
0 0.5757735849056604 0.6853437499999999 0.2373018867924528 0.06323958333333338
0 0.5844905660377357 0.6217291666666667 0.24845283018867936 0.06102083333333326
0 0.6042264150943396 0.56278125 0.23760377358490578 0.07158333333333336
0 0.6348113207547169 0.5074583333333333 0.21071698113207538 0.06858333333333337
0 0.6572452830188679 0.45079166666666665 0.21158490566037733 0.05247916666666666
0 0.6723962264150943 0.40517708333333335 0.2041509433962265 0.05846874999999999
0 0.6370943396226415 0.35751041666666666 0.17756603773584909 0.05278124999999996
0 0.5983584905660377 0.31166666666666665 0.1692641509433963 0.06240624999999997
0 0.5463207547169812 0.26983333333333337 0.15324528301886797 0.06082291666666665
0 0.5170188679245282 0.22769791666666667 0.18898113207547163 0.047239583333333356
0 0.484 0.19455208333333335 0.16924528301886801 0.05039583333333333
0 0.488433962264151 0.1474375 0.19469811320754726 0.049916666666666686
0 0.46760377358490574 0.10807291666666667 0.19296226415094336 0.041666666666666664