0 0.4887358490566037 0.08883333333333333 0.186377358490566 0.046875
0 0.4913773584905661 0.12760416666666666 0.1668301886792452 0.04918750000000003
0 0.4960754716981132 0.17273958333333334 0.1737924528301887 0.05613541666666665
0 0.49660377358490565 0.21354166666666666 0.16854716981132084 0.05670833333333333
0 0.49816981132075466 0.25665625 0.16960377358490564 0.057291666666666664
0 0.5018490566037737 0.30121875000000004 0.17903773584905658 0.05382291666666662
0 0.49032075471698117 0.34780208333333335 0.19790566037735846 0.05903124999999996
0 0.4599245283018868 0.3978541666666667 0.19790566037735846 0.06655208333333332
0 0.4132830188679245 0.44357291666666665 0.22201886792452832 0.07117708333333338
0 0.37239622641509434 0.4942083333333333 0.2409056603773586 0.06596875000000005
0 0.3372830188679245 0.5529479166666668 0.24405660377358496 0.0642395833333334
0 0.33256603773584903 0.609375 0.2283396226415094 0.06944791666666675
0 0.36928301886792453 0.6660833333333334 0.2684716981132076 0.08795833333333339
0 0.4232641509433962 0.7236666666666667 0.2653396226415094 0.08159374999999992
0 0.49924528301886795 0.7844374999999999 0.27479245283018866 0.0908541666666667
0 0.5458113207547169 0.8456458333333334 0.3456415094339624 0.09659375000000002
0 0.4839245283018868 0.05359375 0.2009245283018868 0.048489583333333315