0 0.2653396226415094 0.0466875 0.23922641509433967 0.048749999999999995
0 0.32145283018867926 0.08717708333333334 0.23771698113207548 0.057010416666666654
0 0.37158490566037733 0.12353125000000001 0.2152641509433963 0.05536458333333331
0 0.4643584905660378 0.16442708333333333 0.24816981132075466 0.06444791666666667
0 0.5541509433962264 0.19871875 0.22120754716981134 0.0685833333333333
0 0.6117735849056604 0.23466666666666666 0.23766037735849063 0.06280208333333336
0 0.672377358490566 0.2735 0.272056603773585 0.059489583333333346
0 0.7187735849056603 0.3255520833333333 0.2690566037735849 0.06776041666666661
0 0.7516792452830189 0.37307291666666664 0.27801886792452835 0.06692708333333333
0 0.7748867924528302 0.4325625 0.27950943396226413 0.07684374999999997
0 0.7644150943396226 0.4932916666666667 0.2884905660377358 0.07766666666666673
0 0.7509433962264151 0.5498958333333334 0.3184339622641509 0.07518750000000006
0 0.6880943396226415 0.6188854166666666 0.2885094339622641 0.0859375
0 0.5825849056603774 0.6920104166666667 0.308 0.08841666666666655
0 0.46735849056603773 0.7581145833333333 0.3080188679245283 0.08841666666666678
0 0.36333962264150943 0.8378541666666667 0.33647169811320765 0.09915625000000006
0 0.2862830188679245 0.9138750000000001 0.34996226415094334 0.09915625000000006