0 0.41709433962264153 0.8951875 0.2973207547169812 0.06972916666666672
0 0.3877924528301887 0.8251875 0.2701509433962264 0.05819791666666655
0 0.37420754716981136 0.7742083333333334 0.2744528301886792 0.04651041666666676
0 0.36677358490566037 0.7066458333333333 0.2721509433962264 0.07112499999999997
0 0.37549056603773584 0.6340416666666666 0.22041509433962253 0.06480208333333337
0 0.45741509433962263 0.5757187500000001 0.1881132075471699 0.08042708333333337
0 0.5271698113207547 0.5219791666666667 0.19669811320754718 0.08373958333333344
0 0.5967924528301887 0.47541666666666665 0.2290188679245283 0.09478125000000001
0 0.6603962264150943 0.42554166666666665 0.19900000000000004 0.07141666666666661
0 0.707566037735849 0.3725833333333333 0.20760377358490562 0.0668333333333333
0 0.705566037735849 0.32523958333333336 0.251622641509434 0.047885416666666694
0 0.6796981132075471 0.27369791666666665 0.2061509433962264 0.059395833333333314
0 0.6357924528301887 0.22832291666666665 0.21498113207547181 0.05544791666666669
0 0.5867735849056603 0.18862500000000001 0.20899999999999996 0.05591666666666668
0 0.5304528301886792 0.15327083333333333 0.18441509433962266 0.047708333333333346
0 0.5123018867924528 0.10796875 0.1921320754716982 0.040437499999999994
0 0.5098679245283019 0.06985416666666668 0.16839622641509433 0.04406250000000001