0 0.4836792452830189 0.8563333333333334 0.30507547169811333 0.0875
0 0.41815094339622644 0.7986041666666667 0.2786415094339624 0.07252083333333345
0 0.3399811320754717 0.725375 0.2816037735849057 0.07971874999999998
0 0.29337735849056606 0.6538020833333333 0.26303773584905654 0.0745208333333333
0 0.3195660377358491 0.5817395833333333 0.25513207547169814 0.07101041666666674
0 0.37109433962264154 0.52721875 0.22281132075471705 0.06482291666666669
0 0.42045283018867924 0.48096875 0.22160377358490563 0.07236458333333336
0 0.4720754716981132 0.42975 0.22535849056603763 0.06941666666666665
0 0.49805660377358496 0.3841458333333333 0.19581132075471694 0.07047916666666663
0 0.5069811320754717 0.32932291666666663 0.20401886792452828 0.05927083333333331
0 0.5073584905660377 0.27998958333333335 0.19911320754716977 0.047885416666666694
0 0.5047547169811321 0.23554166666666668 0.20739622641509425 0.06028125
0 0.5253018867924529 0.19103124999999999 0.1782264150943397 0.05408333333333335
0 0.5343207547169811 0.14635416666666667 0.17416981132075482 0.05134375000000002
0 0.5459622641509434 0.10134375000000001 0.18258490566037733 0.04227083333333335
0 0.5499622641509434 0.9086979166666667 0.23066037735849057 0.06806249999999991
0 0.5428113207547169 0.066 0.18077358490566048 0.036822916666666664