0 0.4179999999999999 0.09316666666666666 0.20420754716981135 0.04745833333333334
0 0.411188679245283 0.13483333333333333 0.19267924528301889 0.052083333333333336
0 0.44367924528301883 0.19039583333333335 0.1947735849056604 0.06365625000000001
0 0.4934905660377359 0.239 0.21294339622641512 0.0752291666666667
0 0.6040566037735848 0.28269791666666666 0.25594339622641504 0.07928125000000001
0 0.7172452830188679 0.32002083333333337 0.22664150943396227 0.08448958333333335
0 0.7549811320754717 0.36950000000000005 0.2476037735849057 0.08159375000000005
0 0.7743773584905661 0.4250625 0.2486603773584905 0.0653958333333333
0 0.7271698113207546 0.4707708333333333 0.28588679245283016 0.08622916666666663
0 0.6087358490566037 0.5185208333333333 0.27543396226415096 0.08333333333333333
0 0.5091698113207548 0.5651041666666666 0.29013207547169806 0.08507291666666675
0 0.429 0.6209479166666667 0.30796226415094347 0.07291666666666667
0 0.3839245283018868 0.6883645833333334 0.28071698113207555 0.0792812499999999
0 0.4028301886792453 0.7682291666666666 0.281056603773585 0.0920104166666666
0 0.4620566037735849 0.84259375 0.31984905660377355 0.08912499999999994
0 0.5422264150943397 0.9094374999999999 0.3733207547169812 0.10011458333333323
0 0.4279811320754718 0.05397916666666666 0.20566037735849058 0.04563541666666667