0 0.420811320754717 0.07216666666666667 0.17843396226415092 0.03760416666666666
0 0.4310754716981133 0.11264583333333333 0.2082830188679245 0.03984375
0 0.4408679245283018 0.15587499999999999 0.21554716981132077 0.040437499999999994
0 0.42930188679245285 0.20001041666666666 0.2557169811320755 0.05354166666666664
0 0.437622641509434 0.25317708333333333 0.27132075471698125 0.060104166666666715
0 0.42232075471698116 0.29471875000000003 0.27111320754716983 0.05069791666666663
0 0.4184905660377359 0.34434375 0.2541509433962263 0.05235416666666666
0 0.4231132075471698 0.40352083333333333 0.2695283018867925 0.05983333333333339
0 0.39152830188679244 0.45007291666666666 0.2513773584905661 0.06088541666666671
0 0.34024528301886797 0.5027395833333334 0.251566037735849 0.06078125000000002
0 0.32675471698113207 0.54715625 0.28398113207547165 0.0652500000000001
0 0.2574528301886792 0.6108125 0.33471698113207543 0.06400000000000006
0 0.23499999999999996 0.6800104166666666 0.3548490566037736 0.06559375000000003
0 0.249188679245283 0.7489895833333333 0.34071698113207555 0.07419791666666668
0 0.35730188679245284 0.8104479166666666 0.3343584905660378 0.07308333333333342
0 0.4666981132075472 0.8824791666666666 0.2599056603773585 0.08229166666666667
0 0.5226037735849057 0.95165625 0.2913773584905662 0.0767187500000001