0 0.42535849056603775 0.04040625 0.2544150943396227 0.040072916666666666
0 0.43333962264150944 0.07164583333333334 0.24335849056603767 0.041427083333333344
0 0.4579433962264151 0.11239583333333333 0.2408867924528302 0.04821875000000002
0 0.48684905660377353 0.14602083333333335 0.25686792452830187 0.044822916666666636
0 0.4954528301886792 0.18370833333333333 0.286377358490566 0.05229166666666665
0 0.523132075471698 0.22547916666666667 0.31958490566037734 0.05568749999999998
0 0.616 0.28660416666666666 0.3257169811320755 0.0651979166666667
0 0.6615094339622642 0.34194791666666663 0.3429245283018868 0.060447916666666636
0 0.6676603773584906 0.39085416666666667 0.30111320754716986 0.05772916666666662
0 0.6596603773584906 0.44077083333333333 0.2924905660377358 0.0706354166666666
0 0.6006226415094339 0.4961145833333333 0.2851320754716981 0.08217708333333344
0 0.5163773584905661 0.5582604166666666 0.3011320754716982 0.08013541666666674
0 0.4720943396226415 0.6187083333333334 0.31099999999999994 0.0815
0 0.4542452830188679 0.6920520833333333 0.29500000000000004 0.06791666666666671
0 0.4739245283018868 0.7535104166666666 0.30730188679245285 0.060447916666666636
0 0.508377358490566 0.82040625 0.33926415094339635 0.07470833333333336
0 0.5464905660377358 0.8961354166666666 0.38600000000000007 0.07945833333333331