0 0.32647169811320753 0.8294479166666666 0.28988679245283017 0.09071874999999992
0 0.4275283018867925 0.7705729166666667 0.23643396226415095 0.09481249999999998
0 0.5237358490566038 0.7094166666666666 0.22128301886792448 0.09401041666666667
0 0.631811320754717 0.6510937499999999 0.2739056603773584 0.07806250000000006
0 0.6819811320754717 0.5893020833333333 0.24218867924528303 0.06906249999999996
0 0.6942830188679245 0.5233229166666666 0.22903773584905657 0.062114583333333445
0 0.6592452830188679 0.47115625 0.2533207547169811 0.06541666666666662
0 0.6342452830188678 0.41346875 0.23473584905660372 0.05767708333333334
0 0.6100754716981132 0.37282291666666667 0.24301886792452843 0.06319791666666662
0 0.5837735849056603 0.316 0.21558490566037733 0.05371875000000005
0 0.574622641509434 0.27046875 0.2224339622641509 0.05640624999999998
0 0.561188679245283 0.22840625 0.2207169811320755 0.05213541666666668
0 0.5546037735849056 0.17781249999999998 0.18241509433962255 0.05860416666666666
0 0.5451698113207547 0.12919791666666666 0.20128301886792443 0.051645833333333314
0 0.5404528301886793 0.0985 0.17641509433962263 0.04990625
0 0.5470377358490566 0.052572916666666664 0.18613207547169808 0.04706250000000001
0 0.31313207547169813 0.8847708333333333 0.3085471698113208 0.06380208333333333