0 0.5049811320754717 0.0625 0.22724528301886804 0.049770833333333334
0 0.5086603773584906 0.10097916666666666 0.21571698113207555 0.053822916666666686
0 0.5096981132075471 0.14467708333333332 0.2450566037735849 0.055552083333333314
0 0.5049811320754717 0.193 0.2523962264150943 0.07465625000000002
0 0.5254528301886793 0.23321874999999997 0.25383018867924523 0.059031250000000014
0 0.5385471698113208 0.26678125 0.24441509433962258 0.05555208333333338
0 0.5563396226415095 0.31076041666666665 0.2314150943396226 0.0625
0 0.5903962264150944 0.3599583333333333 0.2429433962264151 0.07291666666666667
0 0.6097924528301887 0.4088541666666667 0.23560377358490567 0.07002083333333337
0 0.6328490566037737 0.46469791666666665 0.2439811320754718 0.07870833333333328
0 0.6360188679245282 0.51678125 0.26958490566037735 0.06944791666666675
0 0.6244528301886793 0.5685729166666668 0.2628490566037737 0.07002083333333337
0 0.5987735849056605 0.6255833333333333 0.2764716981132075 0.06944791666666675
0 0.572622641509434 0.6843125000000001 0.28318867924528307 0.0792812499999999
0 0.5395660377358491 0.7523125 0.29220754716981134 0.07870833333333328
0 0.5290754716981133 0.8284166666666667 0.3152830188679246 0.08043750000000002
0 0.5392264150943397 0.9017812500000001 0.36732075471698106 0.08612500000000006