0 0.43414225941422596 0.09352284263959391 0.27811715481171545 0.03553299492385787
0 0.44376569037656904 0.12534010152284264 0.24267782426778242 0.03904568527918782
0 0.45506276150627617 0.15306598984771574 0.2330543933054394 0.04060913705583756
0 0.49447698744769875 0.19054822335025381 0.2764853556485355 0.04607106598984771
0 0.5097489539748954 0.2327208121827411 0.2812970711297071 0.05232487309644672
0 0.5877824267782427 0.26766497461928934 0.3633472803347279 0.06442639593908633
0 0.6497907949790795 0.3076954314720812 0.35594142259414224 0.0616954314720812
0 0.678744769874477 0.3555228426395939 0.35594142259414224 0.06911675126903558
0 0.6875732217573223 0.3906700507614213 0.3704184100418411 0.04959390862944165
0 0.619163179916318 0.4228832487309645 0.37460251046025117 0.0616954314720812
0 0.5419246861924687 0.46368527918781727 0.3456485355648536 0.07068020304568529
0 0.43815899581589957 0.49980710659898475 0.3472803347280335 0.07730964467005073
0 0.3826359832635983 0.5253807106598984 0.3843096234309623 0.06208121827411177
0 0.281255230125523 0.5552487309644669 0.42297071129707114 0.06482233502538062
0 0.22493723849372388 0.5960609137055838 0.36179916317991634 0.06208121827411177
0 0.2402092050209205 0.6448629441624366 0.4374476987447699 0.07536040609137058
0 0.2893305439330544 0.7106598984771574 0.42669456066945616 0.08121827411167512