0 0.39067010309278355 0.1487945205479452 0.23128865979381447 0.038397260273972604
0 0.40268041237113406 0.186 0.24335051546391756 0.0392054794520548
0 0.4087113402061856 0.2163972602739726 0.255360824742268 0.040794520547945246
0 0.437319587628866 0.2491917808219178 0.24634020618556696 0.0392054794520548
0 0.48845360824742273 0.2783972602739726 0.27041237113402067 0.041602739726027405
0 0.6013402061855669 0.2963972602739726 0.2914432989690723 0.044000000000000004
0 0.6931443298969072 0.3187945205479452 0.26432989690721664 0.044000000000000004
0 0.7262371134020618 0.34079452054794523 0.26432989690721637 0.04479452054794519
0 0.747319587628866 0.3715890410958904 0.27036082474226797 0.04879452054794521
0 0.7518556701030928 0.4155890410958904 0.2854123711340206 0.044000000000000004
0 0.7096907216494845 0.4547945205479452 0.3034536082474227 0.045602739726027346
0 0.6284536082474227 0.49398630136986305 0.3335567010309279 0.05039726027397255
0 0.5321134020618556 0.533986301369863 0.31556701030927836 0.058397260273972594
0 0.4553608247422681 0.5815890410958904 0.3727319587628866 0.06400000000000004
0 0.39969072164948455 0.6343835616438357 0.38180412371134015 0.0607945205479452
0 0.3966494845360825 0.7055753424657535 0.36974226804123705 0.06879452054794524
0 0.4162371134020619 0.7625205479452054 0.422319587628866 0.06973972602739738