0 0.47797927461139894 0.22509765625 0.12046632124352331 0.0263671875
0 0.4792746113989637 0.24951171875 0.11528497409326424 0.03125
0 0.4883419689119171 0.27734375 0.12953367875647667 0.02978515625
0 0.4896373056994819 0.30029296875 0.12435233160621761 0.0302734375
0 0.48704663212435234 0.328125 0.12823834196891193 0.03515625
0 0.49222797927461137 0.357421875 0.12435233160621761 0.03369140625
0 0.49093264248704666 0.3857421875 0.12953367875647667 0.0341796875
0 0.4844559585492228 0.41748046875 0.12046632124352331 0.033203125
0 0.48575129533678757 0.44677734375 0.12953367875647667 0.033203125
0 0.4844559585492228 0.4775390625 0.133419689119171 0.0341796875
0 0.47797927461139894 0.5107421875 0.14637305699481865 0.04052734375
0 0.47150259067357514 0.5478515625 0.14766839378238342 0.03759765625
0 0.46632124352331605 0.5869140625 0.15544041450777202 0.04833984375
0 0.46243523316062174 0.6298828125 0.16062176165803108 0.0419921875
0 0.4676165803108808 0.6748046875 0.16062176165803108 0.04541015625
0 0.4961139896373057 0.720703125 0.2033678756476684 0.0478515625
0 0.5297927461139896 0.75439453125 0.20466321243523317 0.0439453125