0 0.4788732394366197 0.2607421875 0.11549295774647887 0.02685546875
0 0.4676056338028169 0.2841796875 0.11267605633802817 0.029296875
0 0.46619718309859154 0.30859375 0.1323943661971831 0.0302734375
0 0.47183098591549294 0.3359375 0.11549295774647887 0.025390625
0 0.4676056338028169 0.3583984375 0.1323943661971831 0.03369140625
0 0.44929577464788734 0.38623046875 0.12253521126760564 0.0302734375
0 0.4507042253521127 0.41357421875 0.14225352112676057 0.0302734375
0 0.4507042253521127 0.44140625 0.14366197183098592 0.03466796875
0 0.4507042253521127 0.47412109375 0.16056338028169015 0.03515625
0 0.4323943661971831 0.5078125 0.1563380281690141 0.037109375
0 0.4126760563380282 0.54443359375 0.16619718309859155 0.03515625
0 0.4098591549295775 0.58203125 0.16338028169014085 0.0400390625
0 0.4112676056338028 0.62451171875 0.16338028169014085 0.0419921875
0 0.44084507042253523 0.66796875 0.20140845070422536 0.0517578125
0 0.4971830985915493 0.70654296875 0.2056338028169014 0.04931640625
0 0.5380281690140845 0.748046875 0.2056338028169014 0.03955078125
0 0.4802816901408451 0.23486328125 0.12253521126760564 0.02197265625