0 0.5107547169811321 0.06279166666666666 0.21781132075471688 0.05266666666666667
0 0.5028867924528302 0.10445833333333333 0.22094339622641515 0.05844791666666668
0 0.4986981132075472 0.14728124999999997 0.19579245283018865 0.05497916666666664
0 0.4876981132075472 0.19010416666666666 0.20943396226415095 0.057291666666666664
0 0.4866415094339623 0.2366875 0.20103773584905651 0.06018750000000003
0 0.49032075471698117 0.28211458333333334 0.21675471698113208 0.0630833333333334
0 0.5133584905660377 0.33419791666666665 0.2251509433962265 0.06655208333333332
0 0.5333207547169811 0.38049999999999995 0.2339245283018868 0.0642395833333333
0 0.542188679245283 0.4270833333333333 0.24715094339622642 0.06596875000000005
0 0.5364150943396226 0.48206249999999995 0.25449056603773584 0.07291666666666667
0 0.5217547169811321 0.5321145833333333 0.2586792452830189 0.07117708333333338
0 0.5007924528301887 0.5931666666666667 0.23771698113207548 0.07754166666666672
0 0.4793018867924529 0.6600104166666667 0.2639245283018868 0.0792812499999999
0 0.4698679245283019 0.72425 0.2576415094339623 0.08159374999999992
0 0.4651509433962264 0.7948541666666666 0.26079245283018865 0.07349999999999994
0 0.5007924528301887 0.8677708333333333 0.29432075471698116 0.0792812499999999
0 0.5156415094339623 0.93903125 0.3549622641509434 0.08785416666666658