0 0.4965471698113208 0.06858333333333334 0.1927924528301886 0.04296875
0 0.5092641509433963 0.10907291666666666 0.20326415094339625 0.04792708333333332
0 0.542188679245283 0.14832291666666667 0.19726415094339614 0.04875000000000001
0 0.5810943396226416 0.19087500000000002 0.21222641509433965 0.05122916666666667
0 0.6155094339622642 0.23342708333333334 0.19724528301886785 0.052052083333333304
0 0.6596603773584906 0.27515625 0.22866037735849068 0.059489583333333346
0 0.6903396226415094 0.31977083333333334 0.21818867924528298 0.0495729166666667
0 0.6866037735849057 0.36521875000000004 0.1957358490566038 0.05784374999999997
0 0.6678867924528302 0.40901041666666665 0.19124528301886795 0.05784374999999997
0 0.6289811320754717 0.4536354166666667 0.21520754716981122 0.0661041666666667
0 0.564622641509434 0.5085833333333334 0.23018867924528302 0.08345833333333322
0 0.48681132075471695 0.5569166666666666 0.24816981132075466 0.07602083333333336
0 0.4164716981132075 0.6193020833333333 0.245188679245283 0.07354166666666657
0 0.3835471698113208 0.6829270833333333 0.24220754716981133 0.07354166666666657
0 0.39328301886792455 0.7597708333333333 0.2676415094339623 0.07022916666666675
0 0.44266037735849056 0.8266979166666667 0.28558490566037736 0.07518750000000006
0 0.4885849056603773 0.8973229166666666 0.30137735849056607 0.08631249999999989