0 0.42245283018867924 0.02603125 0.2930566037735849 0.043791666666666666
0 0.42320754716981135 0.06280208333333333 0.2945471698113208 0.05122916666666666
0 0.45462264150943393 0.10659375 0.28856603773584893 0.05288541666666668
0 0.49801886792452826 0.15244791666666666 0.2765849056603774 0.05536458333333331
0 0.5503962264150943 0.19913541666666665 0.28852830188679235 0.054531250000000024
0 0.5953018867924528 0.24498958333333334 0.3124716981132076 0.06362500000000004
0 0.6057735849056604 0.29581250000000003 0.3034905660377359 0.05122916666666662
0 0.5960377358490566 0.34580208333333334 0.319943396226415 0.06362500000000004
0 0.5953018867924528 0.40116666666666667 0.3094716981132075 0.07188541666666666
0 0.5466603773584906 0.4540416666666667 0.35886792452830196 0.07684374999999997
0 0.5114905660377358 0.5102291666666667 0.35439622641509444 0.07684374999999997
0 0.47183018867924525 0.5763333333333333 0.3678679245283019 0.07684374999999997
0 0.4508867924528302 0.6449166666666667 0.36188679245283023 0.07022916666666675
0 0.44264150943396224 0.7205208333333334 0.37235849056603765 0.07106250000000003
0 0.43741509433962267 0.792 0.3708679245283019 0.07022916666666675
0 0.451622641509434 0.8638854166666667 0.4082830188679245 0.07518750000000006
0 0.4568679245283019 0.9328749999999999 0.4367169811320755 0.08262499999999993