0 0.4728679245283019 0.8874791666666667 0.25567924528301883 0.0657812500000001
0 0.4488301886792453 0.8153020833333334 0.2682830188679246 0.06354166666666666
0 0.43681132075471696 0.7402291666666667 0.2264905660377358 0.06437499999999995
0 0.45473584905660375 0.6712812499999999 0.22213207547169814 0.0685729166666666
0 0.4858867924528302 0.6086354166666667 0.2409056603773586 0.0653958333333333
0 0.5446415094339623 0.55 0.2499811320754717 0.07691666666666658
0 0.5957169811320755 0.487375 0.22811320754716977 0.05791666666666669
0 0.632056603773585 0.43890625 0.21730188679245274 0.053916666666666654
0 0.6507735849056604 0.38701041666666663 0.20837735849056593 0.05065624999999999
0 0.6591509433962265 0.33315625 0.1848867924528302 0.05803125000000004
0 0.6317358490566037 0.28791666666666665 0.18979245283018875 0.058124999999999954
0 0.5827358490566038 0.24601041666666668 0.16386792452830193 0.049374999999999974
0 0.5036603773584906 0.21625 0.1581509433962265 0.04801041666666664
0 0.4703584905660378 0.17542708333333332 0.16560377358490563 0.05096875000000001
0 0.44767924528301883 0.13129166666666667 0.1565660377358491 0.0539375
0 0.43824528301886795 0.08968749999999999 0.143566037735849 0.0436875
0 0.4301132075471698 0.0520625 0.19513207547169814 0.03692708333333334