0 0.5081320754716981 0.056427083333333336 0.2461132075471697 0.06308333333333334
0 0.49713207547169813 0.09635416666666667 0.22828301886792454 0.0491875
0 0.4866415094339623 0.13715624999999998 0.20524528301886788 0.0543958333333333
0 0.48298113207547166 0.182 0.20418867924528297 0.057291666666666664
0 0.48298113207547166 0.22540624999999997 0.19581132075471705 0.050343749999999986
0 0.48507547169811316 0.26678125 0.18322641509433965 0.05439583333333336
0 0.4945094339622641 0.3125 0.2062830188679246 0.05787499999999994
0 0.5123207547169811 0.3567708333333333 0.2062830188679246 0.05497916666666664
0 0.5186037735849057 0.40190624999999996 0.20837735849056613 0.05149999999999994
0 0.5149433962264152 0.44936458333333335 0.22199999999999995 0.05844791666666668
0 0.5002641509433962 0.50115625 0.24715094339622642 0.06134374999999999
0 0.49711320754716987 0.5596041666666667 0.25135849056603776 0.06596874999999992
0 0.4960754716981132 0.6241354166666666 0.24924528301886797 0.06655208333333344
0 0.4934528301886792 0.6846041666666667 0.2691698113207547 0.06596874999999992
0 0.5034150943396226 0.7502916666666667 0.2953584905660377 0.07581249999999998
0 0.5002641509433962 0.82146875 0.28907547169811326 0.0769687500000001
0 0.5123207547169811 0.88071875 0.34898113207547177 0.07445833333333335