0 0.5340294117647059 0.23897058823529413 0.13579411764705887 0.031512605042016806
0 0.5548529411764707 0.2647899159663866 0.12844117647058828 0.03413865546218487
0 0.578764705882353 0.28163865546218486 0.13747058823529415 0.04070378151260504
0 0.6051176470588235 0.29959033613445374 0.1387058823529411 0.049453781512605086
0 0.6486176470588235 0.32365546218487395 0.14973529411764713 0.04682773109243702
0 0.6964117647058824 0.34051470588235294 0.11788235294117642 0.04288865546218492
0 0.741735294117647 0.36480042016806724 0.12770588235294106 0.04332983193277311
0 0.7521470588235295 0.3893067226890756 0.1338235294117647 0.034579831932773065
0 0.7613529411764707 0.41688025210084034 0.14976470588235283 0.03632352941176475
0 0.7466470588235294 0.4481827731092437 0.1693529411764707 0.04026260504201685
0 0.7221176470588235 0.4689705882352941 0.16885294117647065 0.03894957983193282
0 0.6559117647058823 0.47531512605042014 0.151764705882353 0.04902310924369744
0 0.554235294117647 0.5007037815126051 0.20073529411764707 0.05427521008403357
0 0.4623235294117647 0.520609243697479 0.1835882352941177 0.06084033613445386
0 0.4053529411764706 0.5573844537815126 0.22649999999999998 0.0547058823529411
0 0.38147058823529406 0.5987394957983193 0.21547058823529408 0.04989495798319328
0 0.37620588235294117 0.6364075630252101 0.22147058823529414 0.04201680672268908