0 0.45047169811320753 0.07841666666666666 0.2545094339622641 0.05266666666666667
0 0.4431509433962264 0.11920833333333333 0.25660377358490566 0.06365625000000001
0 0.4478679245283019 0.16551041666666666 0.2555660377358491 0.06365625000000001
0 0.44996226415094337 0.21152083333333332 0.3163396226415095 0.07233333333333333
0 0.44837735849056604 0.2630208333333333 0.273377358490566 0.06655208333333332
0 0.44156603773584907 0.3203125 0.26184905660377367 0.06886458333333335
0 0.437377358490566 0.37326041666666665 0.2765094339622643 0.0798645833333333
0 0.44681132075471697 0.42592708333333335 0.24298113207547165 0.07870833333333328
0 0.4573018867924528 0.4869791666666667 0.24088679245283012 0.07349999999999994
0 0.4557169811320754 0.5419583333333333 0.27547169811320754 0.07581249999999998
0 0.4662075471698113 0.5963541666666666 0.2922264150943396 0.0792812499999999
0 0.4971698113207547 0.65278125 0.3502452830188679 0.08680208333333325
0 0.5170754716981132 0.7193333333333333 0.3775094339622642 0.08217708333333344
0 0.5474716981132076 0.7858750000000001 0.3670377358490566 0.07291666666666667
0 0.5568490566037736 0.8585104166666666 0.347754716981132 0.0769687500000001
0 0.4478679245283019 0.042708333333333334 0.25771698113207553 0.04560416666666667
0 0.5529245283018868 0.9180520833333333 0.4603207547169812 0.07962500000000006