0 0.5216415094339624 0.8938229166666667 0.25660377358490566 0.0957187500000001
0 0.44975471698113206 0.82190625 0.23600000000000007 0.08336458333333331
0 0.3990754716981132 0.7503958333333334 0.23728301886792452 0.062343749999999906
0 0.3888679245283019 0.6810833333333334 0.22626415094339625 0.07476041666666665
0 0.39543396226415095 0.6129166666666667 0.23313207547169812 0.07385416666666676
0 0.4486792452830189 0.5581666666666667 0.19811320754716982 0.08240624999999989
0 0.5127924528301886 0.5060208333333333 0.17854716981132074 0.06838541666666677
0 0.5692641509433962 0.4560416666666667 0.16567924528301897 0.0673854166666666
0 0.6230188679245283 0.41394791666666664 0.1468113207547171 0.05849999999999997
0 0.6479622641509434 0.36313541666666665 0.19728301886792465 0.062124999999999986
0 0.6628867924528301 0.31375 0.16741509433962268 0.05362500000000002
0 0.6495094339622641 0.2634166666666667 0.18324528301886794 0.05018749999999995
0 0.6064150943396226 0.21880208333333334 0.16566037735849048 0.04949999999999998
0 0.5723207547169811 0.17785416666666667 0.14894339622641498 0.050937499999999976
0 0.5345094339622641 0.13461458333333332 0.17424528301886796 0.05820833333333333
0 0.5001320754716981 0.09066666666666667 0.17696226415094332 0.046718749999999996
0 0.47783018867924526 0.04542708333333333 0.18383018867924542 0.03782291666666667