0 0.5772995780590717 0.1040156709108717 0.18202531645569614 0.0453183153770813
0 0.5974261603375528 0.13646425073457397 0.18168776371308018 0.04439764936336923
0 0.6171097046413502 0.1736826640548482 0.159198312236287 0.050930460333006855
0 0.5917932489451476 0.21253672869735554 0.1839662447257385 0.05419196865817824
0 0.5580379746835443 0.24975514201762977 0.20928270042194103 0.07117531831537705
0 0.4856118143459916 0.2748971596474045 0.2106962025316456 0.07573947110675812
0 0.3709915611814346 0.30296767874632713 0.21210970464135026 0.07573947110675812
0 0.30559071729957804 0.35063663075416257 0.20510548523206745 0.07705190989226245
0 0.28871308016877634 0.39732615083251716 0.21917721518987338 0.05942213516160623
0 0.28871308016877634 0.4541332027424094 0.21917721518987338 0.06725759059745344
0 0.32668776371308017 0.5083251714005876 0.21635021097046417 0.07769833496571982
0 0.3822573839662447 0.5667678746327129 0.21820675105485232 0.0901077375122429
0 0.44905063291139247 0.6258570029382958 0.22525316455696198 0.08553379040156701
0 0.4982700421940928 0.6931145935357492 0.21400843881856527 0.0842311459353575
0 0.5376582278481012 0.7606953966699314 0.2196413502109705 0.08227228207639568
0 0.5489029535864979 0.8223996082272281 0.2533966244725739 0.06464250734573947
0 0.540464135021097 0.07442703232125367 0.1737552742616034 0.0544368266405485