0 0.5623869801084991 0.7635564240351734 0.27848101265822783 0.04396678065461651
0 0.5605786618444847 0.7249633610161211 0.244122965641953 0.04152418172936004
0 0.5334538878842676 0.6761113825109917 0.2603978300180832 0.04054714215925745
0 0.4918625678119349 0.6331216414264778 0.21880650994575046 0.04836345872007816
0 0.4810126582278481 0.5911089399120665 0.189873417721519 0.0356619443087445
0 0.4755877034358047 0.5510503175378603 0.20614828209764918 0.039081582804103565
0 0.47377938517179025 0.5139228138739619 0.189873417721519 0.038104543234000976
0 0.48282097649186256 0.47972642892037126 0.19349005424954793 0.038104543234000976
0 0.49547920433996384 0.4450415241817294 0.17540687160940324 0.038104543234000976
0 0.5099457504520796 0.41817293600390815 0.17540687160940324 0.030288226673180263
0 0.5171790235081374 0.3883732291157792 0.18083182640144665 0.0356619443087445
0 0.488245931283906 0.3595505617977528 0.162748643761302 0.02882266731802638
0 0.46112115732368897 0.3312164142647777 0.15913200723327306 0.02784562774792379
0 0.4267631103074141 0.3038593063019052 0.14647377938517178 0.03126526624328285
0 0.40325497287522605 0.27699071812408405 0.1301989150090416 0.03224230581338544
0 0.3887884267631103 0.25158768930141673 0.15551537070524413 0.03224230581338544
0 0.3924050632911392 0.22716170004885197 0.14828209764918626 0.024425989252564728