0 0.5139245283018867 0.8980312500000001 0.3689622641509433 0.06113541666666673
0 0.5139245283018867 0.8342291666666667 0.296 0.07141666666666661
0 0.5142830188679245 0.7676145833333333 0.2861509433962264 0.06871875000000002
0 0.5065471698113208 0.6951354166666667 0.30596226415094335 0.062114583333333445
0 0.5086603773584906 0.6333645833333333 0.2748867924528301 0.051572916666666656
0 0.4994905660377359 0.57590625 0.27067924528301895 0.05355208333333342
0 0.5037358490566038 0.5203125 0.27209433962264157 0.06122916666666664
0 0.4905471698113208 0.45766666666666667 0.26067924528301883 0.04615624999999994
0 0.4877358490566038 0.40610416666666665 0.22373584905660385 0.04128125
0 0.4764528301886793 0.3515833333333333 0.21754716981132077 0.05499999999999995
0 0.46641509433962264 0.30252083333333335 0.22971698113207548 0.04785416666666661
0 0.461188679245283 0.2581979166666667 0.17994339622641511 0.04357291666666671
0 0.4664339622641509 0.20203125 0.24645283018867925 0.05560416666666666
0 0.482 0.15244791666666666 0.25686792452830187 0.04445833333333334
0 0.4755660377358491 0.11788541666666667 0.23324528301886793 0.053104166666666654
0 0.46950943396226413 0.07859375 0.23188679245283025 0.036125000000000004
0 0.4740754716981132 0.04375 0.20266037735849052 0.03759375