0 0.5049811320754717 0.08159374999999999 0.2335283018867924 0.05555208333333335
0 0.5427358490566038 0.12413541666666665 0.24649056603773584 0.06191666666666666
0 0.5857169811320755 0.16840624999999998 0.24022641509433973 0.06481249999999997
0 0.6344528301886793 0.21383333333333335 0.2538679245283018 0.07465625000000002
0 0.7141132075471699 0.2560729166666667 0.2601698113207547 0.07581250000000003
0 0.7738490566037736 0.3015 0.2476037735849057 0.06481250000000002
0 0.7927169811320754 0.3521458333333333 0.24132075471698108 0.0653958333333333
0 0.7743773584905661 0.41174999999999995 0.2423773584905661 0.07581249999999998
0 0.7318867924528302 0.46759375 0.25967924528301883 0.09259374999999999
0 0.6270754716981133 0.515625 0.2764716981132075 0.10416666666666667
0 0.5133584905660377 0.5633645833333334 0.2712641509433962 0.09433333333333328
0 0.3965094339622642 0.6177708333333333 0.29539622641509433 0.0966458333333333
0 0.3068867924528302 0.6770833333333334 0.29647169811320756 0.08680208333333325
0 0.2922264150943396 0.7575208333333333 0.28388679245283027 0.08217708333333344
0 0.32316981132075473 0.83246875 0.310377358490566 0.0908541666666667
0 0.47150943396226414 0.9479166666666666 0.3722075471698114 0.08851041666666669
0 0.4006603773584906 0.8948229166666667 0.36745283018867925 0.09205208333333322