0 0.7533773584905661 0.056427083333333336 0.2942452830188678 0.08854166666666667
0 0.7103962264150944 0.10590625000000001 0.2607169811320756 0.09490624999999998
0 0.6815849056603773 0.15538541666666666 0.2492075471698114 0.09780208333333332
0 0.6145094339622641 0.20659375000000002 0.24083018867924524 0.10995833333333334
0 0.5395660377358491 0.24653124999999998 0.2335283018867924 0.10069791666666668
0 0.4562452830188679 0.2760416666666667 0.26184905660377356 0.11342708333333332
0 0.3687358490566038 0.31365625 0.25452830188679243 0.11920833333333339
0 0.3032264150943396 0.35271875 0.2849433962264152 0.109375
0 0.2350943396226415 0.39698958333333334 0.29124528301886793 0.09259374999999999
0 0.22356603773584907 0.45283333333333337 0.3268867924528302 0.08738541666666665
0 0.1994528301886792 0.5043437500000001 0.34366037735849053 0.08622916666666663
0 0.16539622641509433 0.5627916666666667 0.30279245283018863 0.0792812499999999
0 0.17226415094339623 0.6290520833333333 0.3292075471698113 0.08217708333333344
0 0.1779811320754717 0.6837395833333333 0.34052830188679245 0.09433333333333328
0 0.22622641509433963 0.7268541666666667 0.294622641509434 0.11573958333333323
0 0.33837735849056605 0.78009375 0.32399999999999995 0.10416666666666667
0 0.39179245283018865 0.8431666666666667 0.3320754716981132 0.10301041666666677