0 0.43930188679245286 0.8502604166666666 0.24484905660377365 0.06510416666666667
0 0.42869811320754725 0.7760416666666666 0.2283396226415094 0.06770833333333333
0 0.42869811320754725 0.7044270833333334 0.20475471698113204 0.0703125
0 0.4581698113207548 0.64128125 0.2023962264150943 0.07421875
0 0.47586792452830196 0.5703125 0.17173584905660375 0.07291666666666667
0 0.4982641509433962 0.5143229166666666 0.18350943396226413 0.059895833333333336
0 0.5112452830188678 0.46810416666666665 0.18586792452830186 0.06380208333333333
0 0.5312830188679245 0.4127604166666667 0.18350943396226413 0.06510416666666667
0 0.5430754716981132 0.3645833333333333 0.18350943396226413 0.0703125
0 0.5371698113207547 0.31706249999999997 0.15284905660377357 0.06640625
0 0.5442452830188679 0.2721354166666667 0.13869811320754716 0.0546875
0 0.5525094339622642 0.2233125 0.14577358490566036 0.05078125
0 0.5619433962264151 0.1764375 0.1410566037735849 0.05859375
0 0.5583962264150943 0.13151041666666666 0.11983018867924526 0.044270833333333336
0 0.5536792452830188 0.08723958333333333 0.14341509433962263 0.052083333333333336
0 0.4581698113207548 0.91796875 0.3014339622641509 0.059895833333333336
0 0.548188679245283 0.044645833333333336 0.16009433962264155 0.0386875