0 0.42420547945205483 0.7459861932938856 0.16598630136986295 0.09157790927021686
0 0.4506164383561644 0.6706114398422091 0.16010958904109587 0.08171597633136085
0 0.4946438356164383 0.6008777120315582 0.16205479452054788 0.09157790927021686
0 0.5543287671232877 0.5487475345167653 0.14052054794520555 0.10002958579881663
0 0.614013698630137 0.4881656804733728 0.1542054794520547 0.09720907297830368
0 0.6658630136986302 0.4374457593688363 0.14831506849315065 0.06903353057199212
0 0.6991232876712329 0.3832051282051282 0.14047945205479445 0.07044378698224847
0 0.707931506849315 0.33319526627218937 0.13852054794520532 0.060581854043392454
0 0.6981506849315068 0.28458579881656804 0.12679452054794513 0.06199211045364893
0 0.6707534246575342 0.23598619329388562 0.13071232876712338 0.06621301775147928
0 0.6257534246575343 0.19441814595660747 0.10723287671232873 0.05354043392504933
0 0.5875890410958904 0.15568047337278107 0.11312328767123293 0.054940828402366845
0 0.5602054794520548 0.12186390532544378 0.10920547945205483 0.06903353057199212
0 0.4251780821917808 0.8206508875739645 0.19924657534246581 0.07185404339250483
0 0.4171917808219178 0.8872189349112426 0.1894657534246576 0.0760749506903354
0 0.5345479452054794 0.06944773175542407 0.10250684931506855 0.05670611439842209
0 0.41350684931506854 0.9553747534516766 0.1892054794520548 0.05670611439842209