0 0.4462641509433962 0.8164791666666668 0.3736415094339623 0.07888541666666668
0 0.44313207547169814 0.7478750000000001 0.3544528301886793 0.05603124999999996
0 0.4363584905660377 0.6809583333333333 0.31743396226415094 0.058677083333333255
0 0.43571698113207546 0.6162291666666667 0.34909433962264147 0.06313541666666657
0 0.4534150943396226 0.5392916666666667 0.3210188679245283 0.06856249999999993
0 0.4823396226415094 0.47238541666666667 0.31207547169811317 0.054625000000000055
0 0.5285849056603773 0.4173854166666667 0.28764150943396233 0.04420833333333327
0 0.5633018867924529 0.367875 0.2769056603773585 0.04478125000000001
0 0.5509056603773586 0.31018749999999995 0.25158490566037744 0.05070833333333328
0 0.551433962264151 0.2636354166666666 0.2565094339622642 0.05207291666666668
0 0.5400754716981132 0.21303124999999998 0.24049056603773591 0.050458333333333334
0 0.5040943396226415 0.16798958333333333 0.24533962264150938 0.04704166666666669
0 0.4606603773584906 0.12390625000000001 0.244 0.04715625000000001
0 0.42235849056603775 0.07893750000000001 0.2355471698113207 0.04783333333333335
0 0.40992452830188675 0.03338541666666666 0.25075471698113205 0.03971875
0 0.4744528301886793 0.8827708333333334 0.409245283018868 0.07231250000000007
0 0.47035849056603773 0.9523020833333333 0.4443962264150944 0.09310416666666678