0 0.4652830188679245 0.8332291666666667 0.32271698113207553 0.06790625000000006
0 0.4413207547169811 0.7611979166666667 0.27550943396226424 0.06293750000000008
0 0.4336981132075472 0.6941458333333334 0.260943396226415 0.06684375000000008
0 0.45475471698113207 0.6302187499999999 0.2127169811320755 0.058864583333333324
0 0.4977358490566038 0.5650625 0.24120754716981138 0.06671874999999995
0 0.5458867924528302 0.5069375 0.23060377358490572 0.05344791666666673
0 0.5902452830188679 0.45 0.23590566037735844 0.047989583333333384
0 0.6168301886792453 0.3969479166666667 0.26786792452830194 0.04854166666666669
0 0.6317358490566037 0.3543541666666667 0.27201886792452823 0.04989583333333331
0 0.6041320754716981 0.29822916666666666 0.2424150943396227 0.04779166666666666
0 0.5593396226415094 0.25978124999999996 0.20518867924528303 0.04426041666666668
0 0.5255849056603774 0.22272916666666667 0.2128490566037737 0.04786458333333332
0 0.4799245283018868 0.18703125 0.21398113207547165 0.05427083333333336
0 0.4732264150943396 0.14240625 0.19794339622641505 0.04309375000000001
0 0.4569811320754717 0.10405208333333334 0.18396226415094338 0.047031250000000004
0 0.4772641509433962 0.9103958333333334 0.3310377358490565 0.06652083333333322
0 0.4508301886792453 0.06651041666666667 0.1938301886792453 0.03852083333333334