0 0.5191044776119403 0.7288481141692151 0.16739872068230274 0.04332313965341488
0 0.5084434968017059 0.6829765545361876 0.15675906183368865 0.04841997961264016
0 0.49110874200426446 0.6383792048929664 0.1594243070362473 0.04841997961264016
0 0.4666098081023454 0.5871559633027523 0.15893390191897658 0.04892966360856269
0 0.47373134328358213 0.5507951070336392 0.14471215351812367 0.04553516819571873
0 0.498592750533049 0.5178389398572885 0.1290831556503199 0.054362895005096765
0 0.5490618336886993 0.4855555555555555 0.13046908315565042 0.045535168195718616
0 0.5376972281449893 0.2619775739041794 0.10490405117270798 0.027859327217125425
0 0.5561620469083155 0.29018348623853213 0.08501066098081024 0.027186544342507602
0 0.5867164179104478 0.3136289500509684 0.1034754797441364 0.02514780835881749
0 0.6144349680170575 0.34454638124362896 0.09921108742004259 0.0326197757390418
0 0.6393176972281449 0.3737716615698267 0.09778251599147124 0.02854230377166157
0 0.6393176972281449 0.40196738022426093 0.09494669509594877 0.03058103975535168
0 0.6321961620469083 0.4284709480122324 0.10914712153518136 0.03330275229357794
0 0.6123027718550107 0.4475025484199796 0.1262046908315564 0.034658511722731905
0 0.5888486140724947 0.46211009174311923 0.1304904051172709 0.04485219164118247
0 0.5311727078891259 0.23737003058103978 0.10176972281449898 0.029123343527013245