0 0.4066812227074236 0.6876683417085427 0.1961135371179039 0.05043216080402017
0 0.38921397379912664 0.6373768844221106 0.17205240174672493 0.04490452261306539
0 0.4027510917030568 0.5865829145728643 0.18779475982532748 0.046371859296482514
0 0.4405240174672489 0.5412864321608041 0.17266375545851526 0.04410050251256292
0 0.4825764192139739 0.5030050251256282 0.16076419213973797 0.0426331658291458
0 0.5208078602620088 0.46239195979899494 0.17637554585152845 0.045055276381909586
0 0.5467903930131005 0.4249547738693467 0.15748908296943231 0.04052261306532668
0 0.5609606986899563 0.39312562814070356 0.15318777292576413 0.04064321608040195
0 0.5632532751091703 0.35736683417085424 0.1639737991266376 0.04148743718592962
0 0.552117903930131 0.32371859296482414 0.12692139737991265 0.03854271356783922
0 0.5396069868995633 0.29304522613065326 0.1328602620087337 0.04386934673366832
0 0.5153930131004367 0.26078391959798997 0.15196506550218344 0.031386934673366854
0 0.5008515283842795 0.23071356783919597 0.15668122270742357 0.038643216080402
0 0.49013100436681223 0.19988944723618088 0.18100436681222715 0.03876381909547738
0 0.48037117903930127 0.17158793969849245 0.14938864628820964 0.02974874371859299
0 0.4731659388646288 0.1473065326633166 0.15323144104803496 0.03259296482412061
0 0.43299126637554586 0.7282814070351759 0.20777292576419207 0.03872361809045224