0 0.4665013054830287 0.6811793855302279 0.1884073107049609 0.05564915758176421
0 0.40926892950391647 0.6377205153617443 0.18642297650130543 0.052606541129831444
0 0.44642297650130547 0.29465807730426163 0.10005221932114881 0.02667988107036666
0 0.4554569190600522 0.324390485629336 0.13018276762402092 0.02820614469772055
0 0.47451697127937337 0.35221010901883054 0.13219321148825064 0.03049554013875122
0 0.4835770234986945 0.37661050545094155 0.11812010443864232 0.024400396432111005
0 0.49861618798955615 0.4067195242814668 0.12817232375979107 0.03125867195242811
0 0.4845691906005222 0.43264618434093166 0.14422976501305484 0.03125867195242811
0 0.46248041775456916 0.4627552031714569 0.15227154046997388 0.036590683845391436
0 0.4233159268929504 0.49020812685827553 0.14224543080939953 0.03506442021803777
0 0.3771279373368146 0.5172646184340931 0.1663446475195822 0.03735381565906844
0 0.3781201044386423 0.559583746283449 0.18441253263707572 0.03811694747274533
0 0.3731070496083551 0.599603567888999 0.190443864229765 0.04193260654112978
0 0.4183028720626632 0.26949454905847375 0.10407310704960838 0.02820614469772055
0 0.500626631853786 0.7135777998017839 0.18840731070496075 0.02896927651139744
0 0.40389033942558744 0.22413280475718533 0.13543080939947783 0.02663032705649158
0 0.40864229765013055 0.2471060455896928 0.11276762402088772 0.025104063429137746