0 0.6789622641509434 0.056427083333333336 0.19994339622641513 0.06423958333333332
0 0.656433962264151 0.10127083333333334 0.20099999999999996 0.06365625000000001
0 0.6192264150943396 0.14264583333333333 0.2712075471698113 0.06308333333333334
0 0.6139811320754718 0.19126041666666668 0.292188679245283 0.06770833333333333
0 0.6207924528301887 0.24855208333333334 0.3099999999999999 0.07465624999999995
0 0.6113962264150944 0.2942708333333333 0.3125471698113207 0.07002083333333337
0 0.5972452830188679 0.3457708333333333 0.3052075471698113 0.06655208333333332
0 0.565811320754717 0.3990208333333333 0.3005094339622641 0.08738541666666665
0 0.5526981132075471 0.44646875 0.24754716981132063 0.10358333333333339
0 0.4473396226415094 0.47309375000000004 0.20209433962264153 0.11632291666666662
0 0.3430566037735849 0.5130208333333334 0.18011320754716978 0.1105312499999999
0 0.25345283018867926 0.5596041666666667 0.22101886792452827 0.10416666666666667
0 0.20941509433962263 0.6247083333333333 0.25666037735849057 0.09316666666666672
0 0.21990566037735845 0.70746875 0.250377358490566 0.09895833333333333
0 0.27862264150943394 0.7826979166666667 0.24013207547169807 0.11747916666666663
0 0.356188679245283 0.8576354166666668 0.25273584905660373 0.13194791666666675
0 0.47435849056603774 0.9108541666666666 0.3116792452830189 0.11938541666666656