0 0.47871698113207545 0.8578541666666666 0.3513584905660377 0.07493750000000006
0 0.48871698113207546 0.7891979166666666 0.30849056603773584 0.07650000000000005
0 0.5024339622641509 0.7173854166666668 0.298188679245283 0.07176041666666677
0 0.543188679245283 0.6486458333333334 0.28533962264150947 0.07664583333333326
0 0.5460377358490566 0.5732812500000001 0.2910566037735849 0.08216666666666654
0 0.5627547169811321 0.5172500000000001 0.2804716981132075 0.07426041666666663
0 0.5826415094339623 0.4536354166666667 0.2636037735849057 0.0720520833333333
0 0.5903584905660377 0.39918750000000003 0.2538867924528301 0.06730208333333335
0 0.559622641509434 0.35033333333333333 0.22386792452830184 0.07030208333333335
0 0.5294528301886793 0.30621875000000004 0.23845283018867924 0.060666666666666674
0 0.5228867924528302 0.2555520833333334 0.25730188679245286 0.057822916666666654
0 0.479 0.20890625000000002 0.21356603773584915 0.06902083333333332
0 0.4565471698113207 0.16147916666666667 0.2126981132075472 0.05022916666666664
0 0.44539622641509435 0.12526041666666668 0.177811320754717 0.043760416666666656
0 0.4275283018867925 0.0795625 0.17352830188679239 0.0530625
0 0.44124528301886795 0.04152083333333333 0.1632452830188679 0.05337500000000001
0 0.4734905660377358 0.9296875 0.39811320754716983 0.06510416666666667