0 0.4390188679245283 0.07981250000000001 0.19166037735849065 0.046614583333333334
0 0.4468301886792453 0.11442708333333333 0.19422641509433952 0.04943749999999998
0 0.4545094339622641 0.15538541666666666 0.2018867924528302 0.06215625000000002
0 0.4916037735849057 0.204125 0.21467924528301882 0.06073958333333333
0 0.5184716981132076 0.25144791666666666 0.21722641509433963 0.05650000000000001
0 0.5702830188679245 0.2987708333333333 0.2338490566037737 0.06639583333333335
0 0.5965094339622641 0.3538645833333333 0.22999999999999995 0.06357291666666663
0 0.6137735849056604 0.4078958333333333 0.22616981132075473 0.06851041666666664
0 0.610566037735849 0.4594583333333333 0.20952830188679236 0.07133333333333335
0 0.5830754716981131 0.5152604166666667 0.2312830188679246 0.07557291666666661
0 0.5146226415094339 0.5650520833333333 0.25049056603773584 0.08334375
0 0.4397924528301887 0.6233229166666666 0.23900000000000002 0.07416666666666671
0 0.4218867924528302 0.6868854166666666 0.26715094339622636 0.06851041666666664
0 0.4327547169811321 0.7455104166666667 0.28632075471698115 0.07557291666666661
0 0.4545094339622641 0.8165 0.32213207547169814 0.09464583333333323
0 0.4999245283018868 0.8881875 0.3029433962264152 0.07698958333333342
0 0.5357358490566038 0.9552916666666668 0.30292452830188693 0.08263541666666659