0 0.525399129172714 0.74462890625 0.23076923076923078 0.041015625
0 0.521044992743106 0.7099609375 0.1988388969521045 0.0439453125
0 0.5094339622641509 0.66552734375 0.20754716981132076 0.04541015625
0 0.5108853410740203 0.62548828125 0.18577648766328012 0.05029296875
0 0.5036284470246735 0.57861328125 0.16690856313497823 0.04296875
0 0.49782293178519593 0.541015625 0.16690856313497823 0.03662109375
0 0.4862119013062409 0.50244140625 0.15239477503628446 0.03662109375
0 0.4818577648766328 0.46826171875 0.14658925979680695 0.03271484375
0 0.48911465892597966 0.43896484375 0.15239477503628446 0.03564453125
0 0.5007256894049347 0.4091796875 0.1320754716981132 0.03173828125
0 0.525399129172714 0.3828125 0.12772133526850507 0.0380859375
0 0.5312046444121916 0.35693359375 0.13062409288824384 0.03271484375
0 0.5268505079825835 0.32958984375 0.10885341074020319 0.03662109375
0 0.5181422351233672 0.302734375 0.10304789550072568 0.03173828125
0 0.5108853410740203 0.2744140625 0.09869375907111756 0.02587890625
0 0.5123367198838897 0.25048828125 0.13062409288824384 0.03076171875
0 0.5079825834542816 0.22705078125 0.1378809869375907 0.02587890625