0 0.39252830188679244 0.08180208333333333 0.2062641509433962 0.04792708333333332
0 0.4134905660377359 0.12394791666666666 0.2062641509433962 0.05288541666666668
0 0.44190566037735857 0.16938541666666668 0.23020754716981132 0.07932291666666665
0 0.5174905660377358 0.21069791666666668 0.2077358490566038 0.06940624999999999
0 0.6087735849056604 0.24003125 0.21069811320754708 0.08345833333333334
0 0.7097924528301887 0.26234375 0.22715094339622638 0.08510416666666666
0 0.7965849056603773 0.29375 0.24807547169811325 0.09171874999999995
0 0.8347358490566038 0.34621875 0.25554716981132064 0.07932291666666665
0 0.8295094339622642 0.39951041666666665 0.25405660377358485 0.07684374999999997
0 0.7861132075471697 0.44206249999999997 0.26903773584905666 0.08758333333333337
0 0.6993018867924529 0.4990729166666667 0.2810188679245284 0.10245833333333323
0 0.5983018867924529 0.5370833333333334 0.29152830188679246 0.0974999999999999
0 0.4913018867924528 0.6015416666666666 0.27507547169811314 0.09585416666666664
0 0.44566037735849057 0.6709479166666666 0.28256603773584904 0.09419791666666673
0 0.4359245283018867 0.7428333333333333 0.29903773584905663 0.09419791666666673
0 0.48605660377358495 0.8341354166666667 0.3154905660377359 0.10989583333333333
0 0.5047547169811321 0.9072604166666667 0.3409245283018869 0.08923958333333341