0 0.45416981132075473 0.07342708333333332 0.18320754716981125 0.040895833333333326
0 0.47352830188679246 0.11711458333333334 0.19160377358490568 0.05577083333333335
0 0.47773584905660377 0.1607916666666667 0.17983018867924538 0.05205208333333336
0 0.5113962264150944 0.20727083333333332 0.1798113207547169 0.05577083333333335
0 0.5273962264150943 0.2583854166666667 0.17477358490566036 0.0557708333333333
0 0.5316037735849056 0.30765625 0.1831886792452831 0.05762500000000005
0 0.535811320754717 0.357375 0.19160377358490557 0.06413541666666672
0 0.5189811320754717 0.40989583333333335 0.20169811320754713 0.06691666666666668
0 0.4810943396226415 0.45821875 0.21349056603773592 0.0706354166666666
0 0.41545283018867923 0.505625 0.2135094339622641 0.07621875000000007
0 0.3582075471698113 0.5609270833333333 0.21352830188679248 0.07342708333333334
0 0.32790566037735847 0.620875 0.227 0.06878124999999997
0 0.37505660377358496 0.6803645833333333 0.23371698113207548 0.0706354166666666
0 0.4432264150943396 0.7356666666666667 0.2589622641509434 0.08086458333333345
0 0.5290754716981133 0.7928333333333334 0.2623018867924528 0.07435416666666654
0 0.5534716981132075 0.8750833333333333 0.3111132075471698 0.09387500000000013
0 0.5343962264150943 0.9427083333333334 0.31213207547169824 0.09375