0 0.42024999999999996 0.81546875 0.29387500000000005 0.06078125000000014
0 0.37596875 0.74775 0.26070312500000004 0.040390625000000034
0 0.361078125 0.6835625000000001 0.20551562500000004 0.051671875000000075
0 0.36859375 0.6205625 0.202640625 0.06420312500000006
0 0.41370312499999995 0.5548124999999999 0.24087499999999995 0.047812500000000036
0 0.47353125 0.49771875000000004 0.21626562499999996 0.05106249999999992
0 0.5048125 0.445 0.19000000000000003 0.05482812500000005
0 0.526984375 0.395890625 0.15754687500000006 0.04659375000000008
0 0.530453125 0.3451875 0.16867187500000008 0.04215625000000003
0 0.5511874999999999 0.296484375 0.18128124999999998 0.04084374999999998
0 0.558078125 0.257578125 0.17848437500000003 0.041953125000000036
0 0.5355624999999999 0.21106250000000001 0.17084375000000004 0.03873437500000003
0 0.5025625 0.172875 0.18137500000000006 0.034296874999999984
0 0.470515625 0.133625 0.1985468749999999 0.04626562499999998
0 0.45540624999999996 0.0973125 0.18653124999999998 0.05625
0 0.433890625 0.051531249999999994 0.18109374999999997 0.040999999999999995
0 0.47639062499999996 0.876515625 0.22456250000000005 0.06682812499999997