0 0.31258490566037733 0.04668750000000001 0.2197924528301887 0.05159375
0 0.30962264150943397 0.09272916666666667 0.21862264150943397 0.05485416666666666
0 0.3137735849056604 0.13583333333333333 0.20560377358490572 0.050937499999999976
0 0.3362452830188679 0.18088541666666666 0.23871698113207543 0.056156250000000026
0 0.37764150943396224 0.22137500000000002 0.22450943396226417 0.06268750000000001
0 0.44328301886792454 0.26088541666666665 0.22332075471698115 0.06464583333333339
0 0.5071509433962265 0.29941666666666666 0.22801886792452836 0.06072916666666662
0 0.5526792452830189 0.34642708333333333 0.2173773584905661 0.06072916666666662
0 0.5544528301886793 0.4006354166666667 0.22801886792452836 0.058114583333333296
0 0.5225094339622641 0.45221875 0.21856603773584912 0.07248958333333337
0 0.4651509433962264 0.5087083333333333 0.2599622641509435 0.08619791666666667
0 0.39833962264150946 0.5629062499999999 0.2706226415094341 0.08489583333333334
0 0.3451132075471698 0.6298437499999999 0.26828301886792455 0.0685729166666666
0 0.3610754716981132 0.7000416666666667 0.29075471698113214 0.06921875000000005
0 0.4550943396226415 0.7630625 0.32028301886792454 0.08815625000000012
0 0.5745471698113207 0.8273854166666667 0.35101886792452824 0.08751041666666666
0 0.6733018867924528 0.8936666666666666 0.3379811320754717 0.0855416666666668