0 0.5236051502145923 0.2158203125 0.13161659513590845 0.03271484375
0 0.5007153075822603 0.24365234375 0.12732474964234622 0.025390625
0 0.5021459227467812 0.2685546875 0.12303290414878398 0.037109375
0 0.5278969957081545 0.29296875 0.12160228898426323 0.0341796875
0 0.5793991416309013 0.3134765625 0.12589413447782546 0.03662109375
0 0.6180257510729614 0.33740234375 0.13590844062947066 0.03271484375
0 0.630901287553648 0.3623046875 0.1630901287553648 0.03515625
0 0.6294706723891274 0.390625 0.16165951359084407 0.03369140625
0 0.6208869814020028 0.421875 0.15593705293276108 0.03662109375
0 0.5994277539341917 0.4541015625 0.1888412017167382 0.0439453125
0 0.5650929899856938 0.48779296875 0.1859799713876967 0.046875
0 0.5321888412017167 0.52880859375 0.18741058655221746 0.04638671875
0 0.5207439198855508 0.5712890625 0.1888412017167382 0.0419921875
0 0.5236051502145923 0.6162109375 0.19456366237482117 0.048828125
0 0.542203147353362 0.6630859375 0.20743919885550788 0.04638671875
0 0.5765379113018598 0.70751953125 0.20743919885550788 0.05517578125
0 0.5937052932761088 0.74609375 0.2246065808297568 0.044921875