0 0.39169811320754716 0.8543645833333334 0.36094339622641514 0.08076041666666664
0 0.39058490566037735 0.9294270833333333 0.4317735849056604 0.07665624999999991
0 0.4093396226415094 0.778625 0.37467924528301894 0.07809375000000003
0 0.4691320754716981 0.7195937499999999 0.3433207547169812 0.08800000000000002
0 0.5470566037735849 0.6501458333333333 0.3050943396226414 0.08897916666666675
0 0.6248679245283019 0.58846875 0.3259433962264151 0.09063541666666666
0 0.674 0.5282916666666666 0.31100000000000005 0.0893125
0 0.7394339622641509 0.4831875 0.3124716981132076 0.07946874999999996
0 0.7593962264150944 0.36748958333333337 0.2823396226415094 0.059375
0 0.7525471698113207 0.42604166666666665 0.3009622641509434 0.0693541666666667
0 0.7496037735849057 0.32157291666666665 0.2627358490566038 0.05385416666666672
0 0.7002264150943396 0.2679479166666667 0.2340566037735848 0.06375000000000004
0 0.662 0.2166875 0.2762075471698113 0.05539583333333334
0 0.6018301886792453 0.15934375 0.26907547169811324 0.05380208333333331
0 0.5824716981132075 0.12526041666666668 0.2734905660377357 0.05707291666666669
0 0.5622452830188679 0.07866666666666666 0.2600188679245282 0.05019791666666666
0 0.5214528301886793 0.040864583333333336 0.24849056603773592 0.06090625