0 0.5873094170403588 0.35704743465634076 0.10098654708520172 0.04053242981606971
0 0.5219058295964126 0.7046369796708616 0.12957399103139017 0.03973862536302029
0 0.5295739910313901 0.662352371732817 0.11894618834080707 0.03464666021297189
0 0.5460986547085201 0.6271926427879961 0.11423766816143507 0.037705711519845156
0 0.5596636771300448 0.5915295256534365 0.1271973094170404 0.0407647628267182
0 0.5832511210762332 0.5591771539206195 0.11540358744394624 0.04025169409486924
0 0.6003811659192825 0.5281026137463698 0.10950672645739917 0.0371926427879962
0 0.6221973094170403 0.5031364956437561 0.0988789237668162 0.03515972894482085
0 0.6416591928251121 0.47536302032913846 0.10948430493273552 0.0295546950629235
0 0.6481614349775784 0.4483639883833495 0.10594170403587444 0.024453049370764753
0 0.6452017937219731 0.4261955469506292 0.10477578475336327 0.030058083252662106
0 0.6269282511210763 0.4027589545014521 0.08470852017937214 0.02292352371732812
0 0.6145291479820627 0.38085188770571154 0.10004484304932737 0.023949661181026146
0 0.5284080717488788 0.7454017424975798 0.1496412556053812 0.03872216844143272
0 0.5331165919282511 0.783107454017425 0.14255605381165914 0.03973862536302029
0 0.5649775784753363 0.3319264278799613 0.10461883408071755 0.034636979670861545
0 0.5295964125560538 0.31318489835430785 0.09047085201793727 0.026727976766698948