0 0.44547169811320747 0.061010416666666664 0.18279245283018866 0.05059375000000001
0 0.4589433962264151 0.10639583333333333 0.1773962264150943 0.052083333333333336
0 0.49398113207547173 0.14955208333333334 0.18816981132075475 0.055062500000000014
0 0.5343962264150943 0.19196875 0.17737735849056602 0.05952083333333332
0 0.5896603773584905 0.23065625 0.18545283018867917 0.05952083333333332
0 0.6476037735849057 0.27157291666666666 0.21509433962264152 0.06696874999999997
0 0.7082452830188679 0.3177083333333333 0.21237735849056594 0.06993749999999999
0 0.7513584905660378 0.3660729166666667 0.21775471698113202 0.06547916666666669
0 0.7648301886792453 0.4203854166666667 0.21235849056603764 0.07291666666666667
0 0.7473207547169811 0.4776770833333333 0.2042830188679245 0.0684479166666667
0 0.7190188679245283 0.5290208333333334 0.21237735849056616 0.07886458333333338
0 0.6395094339622641 0.5848229166666666 0.25820754716981137 0.08333333333333333
0 0.5667358490566038 0.6383958333333334 0.2528301886792453 0.10118750000000011
0 0.46701886792452835 0.6927083333333334 0.2636415094339622 0.09375
0 0.37943396226415094 0.7604166666666666 0.2717547169811321 0.08928125000000003
0 0.3268679245283019 0.8378020833333333 0.2636792452830189 0.0952395833333334
0 0.3152075471698113 0.91903125 0.28954716981132084 0.05776041666666672