0 0.46557971014492755 0.23486328125 0.18297101449275363 0.02294921875
0 0.46195652173913043 0.259765625 0.15942028985507245 0.025390625
0 0.463768115942029 0.283203125 0.1431159420289855 0.0263671875
0 0.47101449275362317 0.30859375 0.13768115942028986 0.03076171875
0 0.4945652173913043 0.3369140625 0.1358695652173913 0.03076171875
0 0.5072463768115942 0.36572265625 0.1431159420289855 0.03125
0 0.5144927536231884 0.39453125 0.15760869565217392 0.02880859375
0 0.5253623188405797 0.423828125 0.15217391304347827 0.03369140625
0 0.532608695652174 0.4541015625 0.14673913043478262 0.03125
0 0.5362318840579711 0.48388671875 0.16304347826086957 0.0302734375
0 0.5398550724637681 0.51904296875 0.17028985507246377 0.03564453125
0 0.5253623188405797 0.55615234375 0.20652173913043478 0.041015625
0 0.48188405797101447 0.591796875 0.21920289855072464 0.048828125
0 0.4076086956521739 0.62890625 0.20108695652173914 0.05029296875
0 0.36594202898550726 0.6669921875 0.20652173913043478 0.04296875
0 0.3894927536231884 0.703125 0.23731884057971014 0.0400390625
0 0.42028985507246375 0.73291015625 0.28804347826086957 0.033203125