0 0.48977186311787074 0.17906598984771574 0.08340304182509506 0.027553299492385774
0 0.48211026615969577 0.20698477157360406 0.08480988593155896 0.02829441624365483
0 0.48140684410646395 0.23751269035532993 0.09176806083650187 0.02829441624365483
0 0.4904562737642586 0.2661827411167513 0.10431558935361218 0.03052791878172594
0 0.5183460076045627 0.2941015228426396 0.09874524714828908 0.03126903553299488
0 0.5497148288973384 0.3216446700507614 0.10570342205323198 0.0357360406091371
0 0.5727186311787072 0.36148223350253805 0.11545627376425859 0.034994923857868045
0 0.574809885931559 0.3968527918781726 0.1280038022813689 0.03276142131979694
0 0.5608745247148289 0.42179695431472086 0.1252091254752852 0.036487309644670105
0 0.5329847908745248 0.4541827411167513 0.1335931558935361 0.03722842639593905
0 0.5065019011406845 0.49289340101522844 0.128022813688213 0.0387208121827411
0 0.48 0.5360812182741116 0.13918250950570338 0.04169543147208116
0 0.48140684410646384 0.5844771573604062 0.1363878326996198 0.04169543147208116
0 0.48140684410646395 0.6347411167512691 0.1447528517110266 0.04690355329949243
0 0.4995247148288973 0.6857360406091371 0.155893536121673 0.049137055837563545
0 0.5218250950570342 0.73897461928934 0.1670532319391635 0.04690355329949243
0 0.5187642585551331 0.7747106598984772 0.18319391634980992 0.050253807106598984