0 0.5100917431192661 0.732421875 0.2036697247706422 0.0302734375
0 0.46788990825688076 0.6982421875 0.21284403669724772 0.03466796875
0 0.41834862385321103 0.654296875 0.23486238532110093 0.0419921875
0 0.3834862385321101 0.6083984375 0.23486238532110093 0.04345703125
0 0.4 0.56591796875 0.22568807339449543 0.0458984375
0 0.4073394495412844 0.5341796875 0.23119266055045873 0.03857421875
0 0.44770642201834865 0.50390625 0.181651376146789 0.03955078125
0 0.48807339449541287 0.47265625 0.1761467889908257 0.0361328125
0 0.5119266055045871 0.4462890625 0.163302752293578 0.02685546875
0 0.5302752293577981 0.41748046875 0.13211009174311927 0.025390625
0 0.5229357798165137 0.39013671875 0.1669724770642202 0.02880859375
0 0.5137614678899083 0.361328125 0.14128440366972478 0.02685546875
0 0.5082568807339449 0.3359375 0.15412844036697249 0.0263671875
0 0.48807339449541287 0.31103515625 0.1596330275229358 0.0263671875
0 0.48990825688073397 0.28662109375 0.1577981651376147 0.0302734375
0 0.47706422018348627 0.2626953125 0.15229357798165138 0.02978515625
0 0.47706422018348627 0.23681640625 0.1614678899082569 0.025390625