0 0.4674528301886792 0.07864583333333333 0.23118867924528297 0.060770833333333336
0 0.47960377358490563 0.12378125 0.22309433962264152 0.05809375000000001
0 0.4990188679245283 0.167125 0.22956603773584897 0.05719791666666663
0 0.5297735849056603 0.2180625 0.26192452830188667 0.06613541666666668
0 0.5734716981132075 0.26319791666666664 0.2586792452830189 0.061666666666666654
0 0.597754716981132 0.30788541666666663 0.24896226415094327 0.0634583333333333
0 0.601 0.3543541666666667 0.2424905660377358 0.06703125000000003
0 0.567811320754717 0.4048541666666667 0.2635283018867924 0.06613541666666668
0 0.5273396226415095 0.45534375 0.25060377358490554 0.06881249999999994
0 0.48849056603773583 0.5103125 0.2732641509433963 0.08401041666666677
0 0.45126415094339617 0.56259375 0.2570943396226415 0.07417708333333337
0 0.4237547169811321 0.6269375 0.26681132075471703 0.07775000000000011
0 0.4027169811320755 0.6935208333333333 0.2732830188679246 0.08221875000000006
0 0.4431698113207547 0.7618854166666666 0.28300000000000003 0.0813229166666666
0 0.4868679245283019 0.8302604166666666 0.2829811320754717 0.08043750000000002
0 0.5343962264150943 0.890625 0.29058490566037737 0.09077083333333344
0 0.5424905660377358 0.9561041666666666 0.31213207547169824 0.08184374999999994