0 0.5179811320754717 0.12858333333333333 0.20258490566037737 0.05142708333333334
0 0.5150377358490567 0.16959375000000002 0.19905660377358492 0.05794791666666666
0 0.5126792452830189 0.21940625 0.2037735849056604 0.05859375
0 0.5162264150943396 0.27148958333333334 0.20141509433962265 0.06770833333333333
0 0.5221132075471698 0.32227083333333334 0.19669811320754718 0.06380208333333333
0 0.5209433962264152 0.37435416666666665 0.20139622641509436 0.0625
0 0.5191698113207548 0.42676041666666664 0.20730188679245284 0.06445833333333333
0 0.5156226415094339 0.4801458333333333 0.21437735849056605 0.06966666666666667
0 0.5067924528301887 0.53971875 0.22262264150943398 0.06901041666666667
0 0.5014716981132075 0.5983125 0.24267924528301887 0.06770833333333333
0 0.482622641509434 0.6634166666666667 0.25918867924528305 0.07291666666666667
0 0.4519622641509434 0.72721875 0.25684905660377355 0.07161458333333333
0 0.4295471698113208 0.7939479166666668 0.2639245283018868 0.07487500000000011
0 0.41481132075471705 0.85775 0.2816037735849057 0.08268750000000011
0 0.41481132075471705 0.92740625 0.30754716981132074 0.07747916666666678
0 0.5070377358490566 0.08814583333333334 0.19735849056603777 0.03973958333333334
0 0.4235849056603774 0.9750833333333334 0.27373584905660386 0.04439583333333322