0 0.5903962264150944 0.08652083333333334 0.18843396226415096 0.0804375
0 0.5123207547169811 0.11197916666666667 0.17064150943396236 0.07928125000000001
0 0.41956603773584905 0.14033333333333334 0.19058490566037734 0.0735
0 0.33256603773584903 0.1851875 0.23462264150943402 0.08448958333333335
0 0.26758490566037735 0.22077083333333333 0.23464150943396228 0.08159374999999998
0 0.23615094339622641 0.2676458333333333 0.25350943396226416 0.07002083333333337
0 0.24824528301886792 0.32638541666666665 0.26528301886792455 0.0787083333333334
0 0.27705660377358493 0.37529166666666663 0.2621509433962264 0.08854166666666667
0 0.360377358490566 0.41030208333333335 0.24645283018867925 0.09490625000000001
0 0.45209433962264156 0.46498958333333335 0.2433396226415095 0.08391666666666661
0 0.5086792452830189 0.5289375 0.2601132075471698 0.0763854166666666
0 0.5458867924528302 0.5946145833333334 0.29260377358490575 0.0653958333333333
0 0.5526603773584906 0.6588541666666666 0.2764905660377358 0.06655208333333344
0 0.5526603773584906 0.7265625 0.31211320754716976 0.07581249999999998
0 0.5180754716981132 0.7896458333333333 0.3708301886792452 0.06886458333333323
0 0.5081320754716981 0.8489583333333334 0.34043396226415085 0.06712500000000006
0 0.5110188679245282 0.9054791666666666 0.36141509433962277 0.08469791666666661