0 0.4420131291028446 0.2431640625 0.2275711159737418 0.03271484375
0 0.43544857768052514 0.2705078125 0.22975929978118162 0.03076171875
0 0.43326039387308535 0.2998046875 0.2100656455142232 0.03369140625
0 0.43544857768052514 0.33349609375 0.22319474835886213 0.03759765625
0 0.437636761487965 0.35888671875 0.22538293216630198 0.0380859375
0 0.4617067833698031 0.39111328125 0.24507658643326038 0.044921875
0 0.45951859956236324 0.4267578125 0.24726477024070023 0.03759765625
0 0.4617067833698031 0.46240234375 0.23413566739606126 0.0361328125
0 0.4638949671772429 0.49853515625 0.27571115973741794 0.04052734375
0 0.4551422319474836 0.53466796875 0.2844638949671772 0.04052734375
0 0.45076586433260396 0.5751953125 0.28227571115973743 0.0439453125
0 0.4288840262582057 0.62060546875 0.3041575492341357 0.0498046875
0 0.4135667396061269 0.66748046875 0.3150984682713348 0.0517578125
0 0.40043763676148797 0.71728515625 0.3282275711159737 0.0546875
0 0.4201312910284464 0.7705078125 0.3435448577680525 0.05224609375
0 0.4726477024070022 0.81982421875 0.3610503282275711 0.0615234375
0 0.5557986870897156 0.8525390625 0.33260393873085337 0.05126953125