0 0.5309056603773585 0.08515625 0.18752830188679243 0.05677083333333333
0 0.5252641509433962 0.1171875 0.18600000000000008 0.053125
0 0.5214716981132076 0.15494791666666666 0.18375471698113205 0.06197916666666667
0 0.5271320754716982 0.20677083333333332 0.18941509433962261 0.06354166666666666
0 0.5252264150943396 0.25885416666666666 0.22903773584905657 0.07291666666666667
0 0.5441320754716981 0.3184895833333333 0.23505660377358498 0.06822916666666666
0 0.5374905660377358 0.37083333333333335 0.20450943396226412 0.07395833333333333
0 0.5323018867924528 0.42864583333333334 0.20356603773584903 0.07395833333333333
0 0.5398490566037736 0.490625 0.22809433962264147 0.07916666666666666
0 0.5450377358490566 0.55703125 0.24224528301886789 0.07552083333333333
0 0.5606037735849057 0.6197916666666666 0.23184905660377358 0.07916666666666666
0 0.5672075471698114 0.6794270833333333 0.24883018867924528 0.07760416666666667
0 0.5700377358490566 0.7434895833333334 0.23939622641509434 0.07447916666666667
0 0.5596603773584906 0.8122395833333333 0.23184905660377358 0.0796875
0 0.5346603773584906 0.8848958333333333 0.2573396226415094 0.07708333333333334
0 0.513622641509434 0.9443229166666666 0.3056037735849057 0.07120833333333323
0 0.5383396226415095 0.043375000000000004 0.1958301886792452 0.04280208333333334