0 0.49818867924528304 0.08311458333333334 0.21820754716981128 0.06256250000000001
0 0.4609622641509434 0.11305208333333333 0.23116981132075468 0.061666666666666654
0 0.4229245283018868 0.15282291666666667 0.22956603773584908 0.06792708333333332
0 0.3970377358490566 0.17963541666666666 0.22309433962264152 0.05898958333333333
0 0.3500943396226415 0.20779166666666665 0.2263396226415094 0.0688125
0 0.2942452830188679 0.24666666666666667 0.2247358490566038 0.08043750000000002
0 0.23113207547169812 0.29760416666666667 0.2668301886792452 0.08043750000000002
0 0.22141509433962264 0.34452083333333333 0.27330188679245276 0.09026041666666665
0 0.2270754716981132 0.3968125 0.2652075471698113 0.07149999999999998
0 0.26107547169811324 0.44775 0.2619622641509435 0.0947291666666666
0 0.3557547169811321 0.4888645833333334 0.2894528301886792 0.09115625
0 0.4463962264150943 0.5295208333333333 0.27001886792452834 0.09384375000000003
0 0.5653584905660377 0.5751041666666666 0.2651320754716981 0.08668750000000003
0 0.6657169811320754 0.61665625 0.27483018867924525 0.0750729166666666
0 0.7239811320754717 0.6783229166666668 0.2812830188679246 0.0750729166666666
0 0.7555471698113208 0.7471458333333333 0.2666981132075472 0.08221875000000006
0 0.7506981132075472 0.8186354166666666 0.2990754716981132 0.09115625