0 0.4541509433962264 0.14091666666666666 0.19896226415094348 0.06308333333333334
0 0.4478679245283019 0.193 0.19896226415094348 0.06308333333333334
0 0.4593962264150943 0.23958333333333334 0.20105660377358492 0.06018749999999997
0 0.46620754716981133 0.29225 0.21047169811320757 0.06365625000000001
0 0.4630566037735849 0.3431666666666667 0.21258490566037738 0.06596875000000005
0 0.4541509433962264 0.38917708333333334 0.2199245283018869 0.07002083333333337
0 0.3996603773584905 0.43200000000000005 0.2450754716981132 0.08043750000000002
0 0.4038490566037735 0.4892916666666667 0.247188679245283 0.06886458333333335
0 0.4180188679245283 0.5509270833333333 0.2779056603773584 0.07291666666666667
0 0.44213207547169814 0.6090833333333333 0.2590566037735849 0.08391666666666661
0 0.49139622641509434 0.6637708333333333 0.30728301886792453 0.07291666666666667
0 0.5710377358490566 0.72771875 0.2800377358490565 0.0769687500000001
0 0.6003962264150943 0.7988958333333334 0.2695660377358491 0.08507291666666675
0 0.5437547169811321 0.8709479166666667 0.29220754716981134 0.08912499999999994
0 0.4756415094339623 0.9392395833333332 0.2880377358490567 0.08217708333333344
0 0.45549056603773586 0.10269791666666667 0.20820754716981127 0.049302083333333316
0 0.4620377358490566 0.06294791666666667 0.2179056603773585 0.04766666666666667