0 0.453 0.8980625 0.318566037735849 0.05490625000000004
0 0.46907547169811326 0.8360416666666667 0.2982452830188678 0.06846875000000002
0 0.4967735849056604 0.7623541666666667 0.2894528301886792 0.06511458333333332
0 0.5004339622641509 0.6863541666666666 0.2807358490566037 0.06730208333333323
0 0.5055283018867924 0.6193020833333333 0.2849056603773585 0.06570833333333326
0 0.5092830188679246 0.555875 0.2630943396226414 0.054427083333333334
0 0.4839622641509434 0.49391666666666667 0.2574150943396228 0.05809374999999998
0 0.4957169811320755 0.44746874999999997 0.2552452830188679 0.04317708333333338
0 0.5041509433962263 0.39969791666666665 0.2656415094339622 0.0442291666666667
0 0.5156037735849056 0.35408333333333336 0.22094339622641515 0.04106249999999996
0 0.5283962264150943 0.30695833333333333 0.2210943396226414 0.05455208333333334
0 0.5397924528301886 0.26198958333333333 0.22356603773584907 0.04684375000000003
0 0.5457169811320755 0.21008333333333334 0.21079245283018874 0.04861458333333335
0 0.5655283018867925 0.16823958333333333 0.23899999999999993 0.049479166666666664
0 0.5633207547169812 0.11770833333333333 0.22675471698113198 0.04816666666666668
0 0.5612641509433963 0.07063541666666667 0.23869811320754716 0.04616666666666666
0 0.45433962264150946 0.959 0.34001886792452835 0.07140624999999995