0 0.5550467289719626 0.6958429561200924 0.4722429906542056 0.0544226327944574
0 0.6257476635514019 0.6425981524249422 0.471588785046729 0.04435334872979224
0 0.6692056074766356 0.5938914549653579 0.4712616822429905 0.04696304849884535
0 0.6501869158878504 0.5013163972286374 0.4518691588785046 0.052494226327944614
0 0.5339719626168224 0.46213625866050806 0.38532710280373833 0.04080831408775985
0 0.4611682242990654 0.4290415704387991 0.4012616822429907 0.049515011547344105
0 0.6775233644859814 0.5427367205542725 0.3889252336448599 0.04734411085450346
0 0.37845794392523363 0.40173210161662815 0.43485981308411215 0.05278290993071598
0 0.29102803738317756 0.36578521939953806 0.3507943925233645 0.037459584295612074
0 0.2497196261682243 0.33245958429561207 0.3222897196261682 0.03601616628175526
0 0.3791588785046729 0.23065819861431872 0.3364485981308411 0.0373441108545035
0 0.30934579439252335 0.26083140877598154 0.2691121495327103 0.040357967667436476
0 0.25200934579439255 0.28363741339491916 0.34453271028037386 0.03784064665127019
0 0.25280373831775704 0.31155889145496535 0.3225233644859813 0.035115473441108505
0 0.4411682242990654 0.20363741339491917 0.26682242990654204 0.031928406466512675
0 0.5220093457943925 0.170554272517321 0.3005140186915888 0.02543879907621244
0 0.511588785046729 0.746743648960739 0.4034112149532711 0.043822170900692896