0 0.39604562737642585 0.770607424071991 0.284296577946768 0.05029246344206978
0 0.4406463878326996 0.7240494938132733 0.2778707224334601 0.055916760404949424
0 0.5050570342205324 0.6678852643419573 0.29380228136882125 0.0562429696287964
0 0.5390494296577947 0.6081664791901013 0.2593916349809885 0.06203599550056253
0 0.5784410646387832 0.5610236220472441 0.2453992395437263 0.053104611923509605
0 0.633384030418251 0.5047806524184477 0.23673003802281364 0.047806524184476944
0 0.6547528517110266 0.4668166479190101 0.26999999999999996 0.05061867266591676
0 0.6547528517110266 0.42956130483689536 0.21296577946768058 0.04921259842519685
0 0.6476425855513308 0.3880764904386952 0.2272243346007604 0.03655793025871766
0 0.6357414448669201 0.35082114735658043 0.20346007604562735 0.04077615298087739
0 0.6048669201520913 0.3177727784026997 0.20821292775665395 0.05061867266591676
0 0.6001140684410647 0.2798087739032621 0.2272243346007604 0.03655793025871766
0 0.5763498098859317 0.2495838020247469 0.1892015209125475 0.03233970753655793
0 0.5549809885931559 0.22005624296962878 0.17498098859315583 0.03515185601799775
0 0.5407224334600761 0.18771653543307087 0.18448669201520906 0.03796400449943757
0 0.5392395437262357 0.11397075365579303 0.21395437262357409 0.039482564679415064
0 0.5306844106463878 0.14887514060742407 0.17851711026615966 0.03838020247469067