0 0.5434905660377358 0.8459583333333334 0.28935849056603774 0.07386458333333341
0 0.498811320754717 0.7732395833333333 0.269245283018868 0.07019791666666678
0 0.48484905660377364 0.6999479166666667 0.25790566037735857 0.08070833333333335
0 0.5049245283018868 0.6340625000000001 0.22273584905660368 0.07772916666666656
0 0.5333207547169811 0.5611875000000001 0.22586792452830196 0.08350000000000009
0 0.576245283018868 0.5121249999999999 0.19916981132075484 0.06732291666666654
0 0.6074339622641509 0.44564583333333335 0.17594339622641508 0.05754166666666668
0 0.6239622641509434 0.38966666666666666 0.18760377358490557 0.05863541666666663
0 0.6176603773584906 0.33608333333333335 0.16673584905660377 0.054500000000000055
0 0.6083962264150943 0.27740625 0.17132075471698105 0.060322916666666636
0 0.5635849056603773 0.23063541666666668 0.16600000000000004 0.05206250000000002
0 0.5553773584905661 0.18984375 0.21045283018867916 0.07089583333333334
0 0.5239433962264151 0.1515625 0.1741886792452831 0.05362500000000002
0 0.5016981132075471 0.09721874999999999 0.16533962264150942 0.05252083333333332
0 0.5046037735849056 0.06220833333333333 0.15471698113207547 0.035531250000000014
0 0.5865094339622642 0.91715625 0.26064150943396225 0.07040624999999992
0 0.4862264150943396 0.027979166666666666 0.159754716981132 0.03273958333333334