0 0.48535117056856186 0.15185622317596567 0.14244147157190645 0.0305793991416309
0 0.4917056856187291 0.18295064377682402 0.15515050167224076 0.029560085836909885
0 0.5044147157190635 0.21046137339055795 0.17421404682274258 0.029560085836909885
0 0.5266555183946489 0.24053648068669528 0.17418060200668892 0.032618025751072935
0 0.5854180602006689 0.2624463519313304 0.1646488294314382 0.03363733905579402
0 0.6426086956521738 0.2894527896995708 0.17100334448160534 0.034656652360514975
0 0.6950167224080268 0.32053648068669527 0.18050167224080277 0.03567596566523605
0 0.6981939799331104 0.3506008583690987 0.17414715719063542 0.034656652360514975
0 0.687056856187291 0.38271459227467813 0.19638795986622082 0.037714592274678084
0 0.6362541806020067 0.4107403433476395 0.1900334448160535 0.03873390557939917
0 0.5727090301003345 0.4408047210300429 0.2091304347826086 0.04179184549356228
0 0.5123411371237458 0.47648068669527893 0.22819397993311044 0.04179184549356228
0 0.4869565217391304 0.5192811158798284 0.2218394648829431 0.04586909871244635
0 0.5091638795986623 0.5636158798283262 0.24090301003344472 0.04281115879828336
0 0.5679598662207358 0.605912017167382 0.231371237458194 0.04586909871244635
0 0.6489297658862876 0.6441416309012876 0.2662876254180602 0.05503218884120168
0 0.6961204013377926 0.683862660944206 0.2706688963210703 0.0531652360515021