0 0.46884905660377363 0.047093750000000004 0.21224528301886794 0.04627083333333334
0 0.48158490566037737 0.08056250000000001 0.22571698113207547 0.04379166666666666
0 0.4748490566037736 0.11691666666666665 0.21822641509433968 0.04709375000000001
0 0.4726037735849056 0.15204166666666669 0.2077547169811321 0.05122916666666667
0 0.48158490566037737 0.19252083333333334 0.21075471698113216 0.05288541666666665
0 0.4748490566037736 0.23342708333333334 0.22720754716981134 0.050406249999999986
0 0.4710943396226415 0.27969791666666666 0.23169811320754707 0.05866666666666672
0 0.4875660377358491 0.327625 0.21973584905660384 0.060322916666666636
0 0.4905471698113208 0.3776145833333333 0.22271698113207541 0.05784374999999997
0 0.49728301886792453 0.42884375 0.215245283018868 0.0628020833333333
0 0.5025283018867924 0.48461458333333335 0.22869811320754724 0.06858333333333337
0 0.4995283018867924 0.55071875 0.25264150943396224 0.07022916666666675
0 0.5002830188679245 0.6056666666666667 0.2541509433962265 0.07436458333333344
0 0.5085094339622641 0.6783854166666666 0.26162264150943393 0.08097916666666667
0 0.5085094339622641 0.747375 0.2556415094339623 0.07518750000000006
0 0.5047735849056604 0.8213333333333334 0.27809433962264146 0.0628020833333333
0 0.5070188679245283 0.8866041666666666 0.2915471698113207 0.07270833333333329