0 0.49711320754716987 0.11023958333333334 0.24924528301886797 0.05497916666666667
0 0.5223018867924528 0.15538541666666666 0.22449056603773587 0.0549791666666667
0 0.5317358490566038 0.19705208333333332 0.24126415094339623 0.05960416666666664
0 0.5207358490566038 0.24073958333333334 0.24230188679245276 0.07754166666666672
0 0.5165471698113208 0.30382291666666666 0.28632075471698115 0.08448958333333335
0 0.5018301886792453 0.34982291666666665 0.2649811320754718 0.07350000000000007
0 0.5123207547169811 0.39959375 0.2712641509433962 0.07117708333333338
0 0.5028867924528302 0.45196875 0.3173584905660378 0.06712500000000006
0 0.4855849056603774 0.510125 0.33937735849056605 0.078125
0 0.452056603773585 0.57465625 0.3561509433962264 0.0763854166666666
0 0.4269056603773585 0.6365729166666667 0.3603396226415095 0.07754166666666672
0 0.4447169811320755 0.7016770833333333 0.3708490566037737 0.078125
0 0.5008301886792452 0.7592604166666667 0.4057924528301888 0.09606250000000002
0 0.5873018867924528 0.83825 0.44041509433962256 0.10474999999999994
0 0.6396981132075472 0.9169583333333333 0.44460377358490566 0.0954895833333334
0 0.48335849056603775 0.07831250000000001 0.2427735849056603 0.05359374999999999
0 0.4634528301886792 0.042520833333333334 0.22767924528301878 0.05548958333333333