0 0.519472049689441 0.6910869565217391 0.32518633540372666 0.05196640316205525
0 0.4383540372670808 0.6512450592885375 0.2533229813664596 0.05463438735177862
0 0.37885093167701867 0.6101086956521738 0.27291925465838507 0.0632114624505929
0 0.35835403726708076 0.5660671936758893 0.26096273291925465 0.05082015810276686
0 0.3605590062111801 0.5237154150197628 0.24763975155279505 0.05082015810276686
0 0.4161490683229814 0.48666996047430827 0.2220186335403727 0.05295454545454537
0 0.48698757763975153 0.4573715415019763 0.19881987577639745 0.05082015810276675
0 0.582360248447205 0.4291403162055336 0.15888198757763983 0.045167984189723356
0 0.6156521739130435 0.4016106719367589 0.18105590062111804 0.040938735177865566
0 0.6355900621118012 0.3698517786561265 0.17661490683229816 0.03388339920948613
0 0.6378260869565218 0.33949604743083 0.20767080745341615 0.026818181818181804
0 0.6216459627329192 0.3140415019762846 0.21385093167701869 0.03644268774703557
0 0.5818322981366459 0.29366600790513836 0.18788819875776397 0.03397233201581027
0 0.5488198757763975 0.27204545454545453 0.14518633540372672 0.036432806324110674
0 0.5032298136645963 0.2482707509881423 0.14714285714285713 0.03705533596837945
0 0.45372670807453414 0.228201581027668 0.1452173913043478 0.035197628458498026
0 0.42462732919254653 0.19886363636363635 0.14909937888198754 0.033349802371541504