0 0.557171052631579 0.08392546583850932 0.29144736842105273 0.03448447204968943
0 0.5429605263157895 0.1084472049689441 0.2955263157894738 0.031428571428571445
0 0.52875 0.13603726708074534 0.28335526315789467 0.028360248447204986
0 0.524671052631579 0.16171428571428573 0.29144736842105273 0.027590062111801216
0 0.5226315789473684 0.19275776397515526 0.2874342105263158 0.031428571428571445
0 0.524671052631579 0.22417391304347828 0.3158552631578947 0.031428571428571445
0 0.5469736842105263 0.26019875776397516 0.3117763157894738 0.031428571428571445
0 0.6017763157894737 0.29889440993788824 0.3076973684210527 0.03372670807453413
0 0.6382894736842105 0.33568944099378883 0.32388157894736835 0.03525465838509316
0 0.6890131578947369 0.3732422360248447 0.3442105263157894 0.03678260869565219
0 0.7194736842105263 0.4119503105590062 0.36447368421052634 0.03908074534161495
0 0.725592105263158 0.4533291925465839 0.35230263157894726 0.040621118012422415
0 0.7174342105263157 0.49549068322981366 0.35230263157894726 0.03908074534161495
0 0.6444078947368421 0.5410807453416149 0.3604605263157894 0.03985093167701868
0 0.5733552631578948 0.5912919254658385 0.40506578947368416 0.0452173913043478
0 0.49019736842105266 0.6426335403726708 0.4173026315789474 0.04828571428571415
0 0.43335526315789474 0.7035652173913044 0.45789473684210524 0.050583850931677055