0 0.40816326530612246 0.7904250122129947 0.291156462585034 0.05471421592574499
0 0.3782312925170068 0.7493893502686859 0.3006802721088435 0.05031753786028334
0 0.3414965986394558 0.6971177332681974 0.28843537414965986 0.048851978505129456
0 0.32108843537414966 0.6365412799218368 0.2612244897959184 0.06546165119687347
0 0.35374149659863946 0.5842696629213483 0.2802721088435374 0.06448461162677088
0 0.42857142857142855 0.5363947239863215 0.22993197278911565 0.06448461162677088
0 0.49795918367346936 0.48949682462139715 0.2217687074829932 0.06106497313141182
0 0.5687074829931973 0.4499267220322423 0.21904761904761905 0.05862237420615535
0 0.6095238095238096 0.40937957987298484 0.1891156462585034 0.04054714215925745
0 0.6353741496598639 0.36687835857352225 0.19727891156462585 0.045432340009770394
0 0.6299319727891156 0.336590131900342 0.19319727891156463 0.044455300439667805
0 0.5863945578231292 0.30434782608695654 0.18503401360544217 0.049829018075232046
0 0.5251700680272109 0.2774792379091353 0.19183673469387755 0.05129457743038593
0 0.45850340136054424 0.25061064973131414 0.18231292517006803 0.04396678065461651
0 0.4 0.22911577918905715 0.16462585034013605 0.04396678065461651
0 0.37006802721088433 0.20273571079628724 0.18231292517006803 0.038104543234000976
0 0.3401360544217687 0.1719589643380557 0.1782312925170068 0.0361504640937958