0 0.6432296650717704 0.2088867376573088 0.13803827751196182 0.031403678606001934
0 0.6432296650717704 0.23347531461761858 0.13803827751196182 0.03140367860600188
0 0.6457655502392344 0.26077444336882866 0.13633971291866032 0.04095837366892541
0 0.6474401913875598 0.29558567279767667 0.13973684210526308 0.04232333010648599
0 0.652511961722488 0.32459825750242016 0.14308612440191373 0.037541142303968995
0 0.6651435406698564 0.35601161665053244 0.14478468899521527 0.03891577928363993
0 0.6685167464114833 0.38570183930300095 0.14141148325358854 0.03686350435624399
0 0.6718899521531101 0.417783155856728 0.1279186602870814 0.035498547918683405
0 0.6659808612440191 0.4529428848015489 0.1295933014354066 0.03481122942884805
0 0.6550239234449761 0.4863891577928364 0.14478468899521527 0.043000968054211
0 0.6406937799043062 0.5253049370764763 0.14985645933014352 0.047105517909002984
0 0.6195933014354067 0.5648983543078412 0.1717942583732056 0.052565343659244874
0 0.5942822966507176 0.6065440464666021 0.16504784688995217 0.05393030009680545
0 0.5715071770334927 0.6495450145208131 0.1768421052631578 0.055295256534365816
0 0.548755980861244 0.6959632139399806 0.17519138755980865 0.052565343659244874
0 0.5386363636363637 0.744433688286544 0.19203349282296647 0.05120038722168451
0 0.5361004784688994 0.7847144240077445 0.19373205741626798 0.047105517909002984