0 0.5180943396226415 0.08998958333333333 0.17798113207547178 0.05266666666666667
0 0.5380188679245282 0.13107291666666665 0.18466037735849058 0.057291666666666664
0 0.5600377358490566 0.17158333333333334 0.16369811320754715 0.05613541666666665
0 0.5888490566037735 0.21295833333333333 0.2129811320754717 0.06018749999999997
0 0.6166415094339622 0.25636458333333334 0.22241509433962264 0.06481250000000002
0 0.6292075471698113 0.30555208333333334 0.2349999999999999 0.05670833333333327
0 0.6412264150943396 0.34751041666666665 0.22720754716981123 0.06076041666666671
0 0.6380943396226415 0.3938125 0.2041509433962265 0.06770833333333333
0 0.6124150943396226 0.4458958333333333 0.23245283018867932 0.07465624999999995
0 0.5479622641509434 0.49623958333333335 0.22932075471698107 0.08159374999999992
0 0.4730188679245283 0.5428229166666667 0.24086792452830183 0.08912499999999994
0 0.4190377358490566 0.6044583333333333 0.24822641509433963 0.0792812499999999
0 0.3933584905660377 0.6698541666666666 0.25766037735849057 0.07233333333333339
0 0.39441509433962263 0.7366875 0.2723396226415094 0.08217708333333344
0 0.43528301886792453 0.8078749999999999 0.28700000000000003 0.08912499999999994
0 0.4881132075471698 0.8890625 0.32628301886792443 0.08229166666666667
0 0.5059622641509435 0.04708333333333334 0.18713207547169802 0.05