0 0.4205298013245033 0.708984375 0.2632450331125828 0.046875
0 0.423841059602649 0.7587890625 0.3344370860927152 0.06396484375
0 0.4288079470198676 0.66552734375 0.2582781456953642 0.05615234375
0 0.4652317880794702 0.619140625 0.2582781456953642 0.0546875
0 0.4652317880794702 0.57666015625 0.2052980132450331 0.0419921875
0 0.5049668874172185 0.5390625 0.18874172185430463 0.04833984375
0 0.5314569536423841 0.5029296875 0.20033112582781457 0.0458984375
0 0.5745033112582781 0.4716796875 0.18874172185430463 0.0419921875
0 0.5927152317880795 0.44189453125 0.17880794701986755 0.03369140625
0 0.597682119205298 0.41259765625 0.1490066225165563 0.02880859375
0 0.5778145695364238 0.3828125 0.15397350993377484 0.03125
0 0.5513245033112583 0.35595703125 0.173841059602649 0.033203125
0 0.5182119205298014 0.33154296875 0.152317880794702 0.03173828125
0 0.478476821192053 0.30908203125 0.1490066225165563 0.03173828125
0 0.4552980132450331 0.283203125 0.15066225165562913 0.029296875
0 0.4503311258278146 0.2568359375 0.152317880794702 0.03076171875
0 0.4519867549668874 0.23193359375 0.16225165562913907 0.03369140625