0 0.454661558109834 0.22227650219833903 0.12005108556832694 0.02882266731802638
0 0.4521072796934866 0.24767953102100634 0.12132822477650064 0.02882266731802638
0 0.45338441890166026 0.27259404005862237 0.10855683269476372 0.030288226673180263
0 0.454661558109834 0.30190522716170004 0.10983397190293742 0.03175378602833415
0 0.47126436781609193 0.3258426966292135 0.10855683269476372 0.03126526624328285
0 0.4891443167305236 0.3551538837322912 0.12005108556832694 0.033707865168539325
0 0.5070242656449553 0.38202247191011235 0.13154533844189017 0.03663898387884709
0 0.5159642401021711 0.41084513922813876 0.12643678160919541 0.033707865168539325
0 0.5223499361430396 0.441133365901319 0.13282247765006386 0.03419638495359062
0 0.51213282247765 0.46995603321934537 0.13154533844189017 0.0356619443087445
0 0.4955300127713921 0.5036638983878847 0.14303959131545338 0.03761602344894968
0 0.4661558109833972 0.5363947239863215 0.13793103448275862 0.04201270151441133
0 0.44572158365261816 0.5744992672203224 0.13282247765006386 0.04201270151441133
0 0.438058748403576 0.613580850024426 0.140485312899106 0.03712750366389839
0 0.44699872286079184 0.6570591108939912 0.15197956577266922 0.04201270151441133
0 0.47126436781609193 0.6990718124084025 0.15197956577266922 0.04592085979482169
0 0.4955300127713921 0.7445041524181729 0.18135376756066413 0.046409379579872984