0 0.3259245283018868 0.0751875 0.2975660377358491 0.054531249999999996
0 0.3753207547169811 0.11319791666666666 0.27362264150943405 0.06280208333333333
0 0.4269433962264151 0.15988541666666667 0.28707547169811326 0.06692708333333333
0 0.4890377358490566 0.19955208333333332 0.28554716981132083 0.06362499999999999
0 0.5234716981132076 0.25697916666666665 0.3005094339622641 0.07932291666666665
0 0.5152264150943396 0.307375 0.29601886792452825 0.06776041666666661
0 0.5189811320754717 0.3648020833333333 0.27656603773584915 0.06858333333333337
0 0.4927924528301887 0.4230625 0.281056603773585 0.07270833333333329
0 0.4471509433962264 0.48296875 0.27958490566037747 0.07850000000000001
0 0.4030000000000001 0.547 0.3080188679245283 0.08428125000000009
0 0.3753018867924528 0.6073229166666666 0.3394528301886793 0.08428125000000009
0 0.39101886792452833 0.6717708333333333 0.34992452830188686 0.08428125000000009
0 0.43666037735849056 0.73209375 0.3304716981132075 0.07106250000000003
0 0.48005660377358494 0.7816666666666666 0.33643396226415107 0.08923958333333341
0 0.5526415094339622 0.8411562499999999 0.3498867924528303 0.08758333333333326
0 0.6237169811320754 0.90809375 0.4082452830188679 0.09089583333333333
0 0.6138867924528302 0.9635416666666666 0.42800000000000005 0.07291666666666667