0 0.48294339622641513 0.08893749999999999 0.1958490566037736 0.04554166666666667
0 0.510188679245283 0.12889583333333332 0.20984905660377365 0.04640624999999998
0 0.5265283018867924 0.16670833333333332 0.18962264150943398 0.04640625000000001
0 0.546754716981132 0.21010416666666665 0.18649056603773592 0.05069791666666668
0 0.5701132075471699 0.2509270833333333 0.198943396226415 0.04984375000000003
0 0.5918867924528302 0.2951875 0.20205660377358498 0.052416666666666716
0 0.5895660377358491 0.34202083333333333 0.2036037735849056 0.05499999999999995
0 0.5693207547169812 0.384125 0.21605660377358488 0.06015625
0 0.5350754716981132 0.43181250000000004 0.23164150943396222 0.06788541666666663
0 0.47983018867924526 0.4765 0.24877358490566043 0.07304166666666667
0 0.423811320754717 0.524625 0.25499999999999995 0.0730416666666668
0 0.3895660377358491 0.5757604166666667 0.2550188679245283 0.058437499999999906
0 0.430811320754717 0.6268854166666666 0.25656603773584896 0.0627291666666667
0 0.5187358490566037 0.6741458333333333 0.27988679245283027 0.0713229166666667
0 0.5802075471698113 0.72528125 0.2783207547169811 0.0618750000000001
0 0.6152264150943396 0.7893020833333334 0.3172075471698113 0.07304166666666655
0 0.6031132075471698 0.8549062500000001 0.32020754716981137 0.07291666666666667