0 0.4006514657980456 0.24658203125 0.13192182410423453 0.0224609375
0 0.40553745928338764 0.26953125 0.11889250814332247 0.02783203125
0 0.4153094462540717 0.29541015625 0.12866449511400652 0.02978515625
0 0.4218241042345277 0.32275390625 0.12214983713355049 0.02880859375
0 0.42996742671009774 0.34765625 0.12866449511400652 0.03271484375
0 0.4527687296416938 0.37646484375 0.13029315960912052 0.03466796875
0 0.4755700325732899 0.404296875 0.13355048859934854 0.03271484375
0 0.49185667752442996 0.43505859375 0.14006514657980457 0.03271484375
0 0.49022801302931596 0.466796875 0.15798045602605862 0.0322265625
0 0.4788273615635179 0.5009765625 0.1758957654723127 0.03857421875
0 0.46416938110749184 0.5380859375 0.19381107491856678 0.041015625
0 0.4543973941368078 0.5791015625 0.18729641693811075 0.044921875
0 0.4576547231270358 0.62158203125 0.19055374592833876 0.044921875
0 0.48859934853420195 0.666015625 0.20521172638436483 0.04931640625
0 0.5276872964169381 0.7109375 0.21335504885993486 0.05078125
0 0.5765472312703583 0.75341796875 0.249185667752443 0.04052734375
0 0.3941368078175896 0.22265625 0.15798045602605862 0.0263671875