0 0.5068301886792453 0.8272083333333333 0.2901132075471698 0.06259374999999992
0 0.45439622641509436 0.7555416666666667 0.28613207547169817 0.060249999999999915
0 0.43199999999999994 0.68725 0.2634528301886792 0.06618749999999997
0 0.45037735849056604 0.6166354166666667 0.28518867924528296 0.06332291666666663
0 0.49816981132075466 0.55621875 0.27943396226415096 0.06635416666666671
0 0.5624339622641509 0.5019895833333333 0.2861132075471698 0.06090625000000003
0 0.6049811320754717 0.45190625 0.27013207547169804 0.06118750000000001
0 0.6223773584905661 0.40157291666666667 0.2323396226415094 0.06491666666666672
0 0.6290754716981133 0.3540625 0.22694339622641505 0.05880208333333338
0 0.6219622641509434 0.30644791666666665 0.20060377358490555 0.049781249999999964
0 0.6128490566037735 0.2615625 0.19139622641509424 0.05081250000000003
0 0.5870754716981131 0.220125 0.194811320754717 0.05116666666666667
0 0.5451698113207547 0.17688541666666666 0.2001509433962265 0.050572916666666676
0 0.5173584905660377 0.13694791666666667 0.2093773584905661 0.05360416666666665
0 0.49201886792452826 0.09380208333333333 0.20354716981132073 0.056812499999999995
0 0.48292452830188676 0.055364583333333335 0.19873584905660385 0.051250000000000004
0 0.530622641509434 0.8848125 0.2832452830188679 0.060770833333333246