0 0.5075471698113208 0.07992708333333334 0.16920754716981143 0.05487500000000001
0 0.4703962264150943 0.11117708333333334 0.17613207547169815 0.056302083333333315
0 0.45137735849056604 0.14482291666666666 0.15884905660377358 0.05010416666666669
0 0.4453396226415095 0.1868125 0.16749056603773582 0.05487500000000001
0 0.4561509433962264 0.22880208333333335 0.16866037735849054 0.06632291666666669
0 0.48641509433962266 0.2636354166666667 0.1876792452830189 0.07872916666666666
0 0.5373962264150943 0.30013541666666665 0.21881132075471704 0.08207291666666663
0 0.6315849056603774 0.3468958333333333 0.2188301886792453 0.07539583333333333
0 0.6678867924528302 0.3833958333333333 0.18254716981132074 0.07491666666666662
0 0.693377358490566 0.4320729166666667 0.17477358490566036 0.0720520833333333
0 0.6851698113207547 0.49314583333333334 0.18601886792452837 0.06537499999999999
0 0.6644339622641509 0.5518333333333333 0.19464150943396222 0.07872916666666659
0 0.6069245283018868 0.6095729166666667 0.18992452830188672 0.08827083333333334
0 0.5468679245283018 0.6720833333333334 0.21328301886792447 0.08922916666666675
0 0.481188679245283 0.7376874999999999 0.20464150943396223 0.08875000000000005
0 0.43669811320754715 0.8063958333333333 0.2141698113207547 0.07347916666666662
0 0.43928301886792454 0.8789270833333334 0.22971698113207548 0.07634374999999996