0 0.47246861924686195 0.09424827586206896 0.16012552301255234 0.03954482758620688
0 0.45364016736401674 0.12689655172413794 0.18104602510460255 0.036786206896551744
0 0.43205020920502096 0.15655172413793103 0.16849372384937242 0.043682758620689675
0 0.4034309623430962 0.19148965517241381 0.1643096234309624 0.041834482758620666
0 0.39158995815899583 0.2271310344827586 0.18246861924686197 0.04230344827586209
0 0.36092050209205023 0.26299310344827587 0.20196652719665276 0.041379310344827586
0 0.33439330543933055 0.2960965517241379 0.19083682008368194 0.04689655172413793
0 0.31138075313807534 0.33402758620689654 0.2089539748953975 0.041834482758620666
0 0.29259414225941427 0.3714896551724138 0.19640167364016736 0.042303448275862014
0 0.2995397489539749 0.4096551724137931 0.20757322175732223 0.04873103448275868
0 0.3302092050209205 0.4510344827586207 0.22430962343096228 0.056096551724137876
0 0.3929707112970711 0.49079999999999996 0.2717154811715481 0.06206896551724138
0 0.46271966527196656 0.5321793103448276 0.2721757322175733 0.07126896551724132
0 0.5227196652719666 0.5728689655172413 0.2582426778242679 0.060689655172413794
0 0.5589539748953976 0.6179310344827587 0.26941422594142256 0.05424827586206902
0 0.5750209205020921 0.6747172413793103 0.28757322175732225 0.05379310344827586
0 0.5805439330543933 0.7266620689655173 0.3093305439330544 0.050110344827586105