0 0.4575849056603774 0.07514583333333333 0.1962641509433962 0.049104166666666685
0 0.4751132075471698 0.11458333333333333 0.18816981132075475 0.05655208333333336
0 0.514188679245283 0.15625 0.17469811320754722 0.05357291666666667
0 0.5465283018867925 0.20163541666666665 0.17467924528301895 0.052083333333333336
0 0.5856037735849057 0.24628125 0.19892452830188692 0.06993749999999999
0 0.6314339622641509 0.2938958333333333 0.17735849056603772 0.06101041666666672
0 0.6287358490566038 0.3355625 0.19352830188679232 0.06101041666666672
0 0.6260377358490566 0.3854166666666667 0.20432075471698105 0.06547916666666669
0 0.5923396226415094 0.4322916666666667 0.19622641509433963 0.05803125000000004
0 0.5505660377358491 0.4776770833333333 0.20433962264150934 0.07738541666666662
0 0.4966792452830189 0.5342291666666666 0.21513207547169808 0.07738541666666662
0 0.4562452830188679 0.5915208333333334 0.23669811320754724 0.07291666666666667
0 0.45354716981132076 0.6614583333333334 0.2582641509433962 0.0639895833333334
0 0.47241509433962264 0.7366041666666666 0.2474716981132075 0.07142708333333327
0 0.4899245283018868 0.8080312500000001 0.2609433962264152 0.06547916666666656
0 0.5263207547169811 0.8809479166666667 0.2744150943396225 0.07142708333333327
0 0.5411320754716982 0.9479166666666666 0.3309999999999999 0.0952395833333334