0 0.5416037735849056 0.04821875 0.23105660377358497 0.05840625000000001
0 0.5901886792452831 0.09440625 0.22981132075471689 0.05840624999999999
0 0.6516792452830188 0.13243749999999999 0.23962264150943396 0.061125000000000006
0 0.7137924528301887 0.17521875 0.24822641509433974 0.06247916666666668
0 0.755622641509434 0.2152916666666667 0.2383773584905661 0.06384375000000002
0 0.7888301886792453 0.25909375 0.253132075471698 0.06315625
0 0.8091320754716981 0.30459375000000005 0.2445094339622642 0.06859375000000002
0 0.813433962264151 0.35111458333333334 0.2383584905660378 0.07198958333333334
0 0.7943584905660377 0.39764583333333337 0.2445094339622642 0.07673958333333329
0 0.7580754716981132 0.44246874999999997 0.24083018867924524 0.08217708333333332
0 0.7033396226415094 0.48660416666666667 0.2543773584905659 0.08489583333333334
0 0.6436792452830188 0.5392395833333333 0.2679245283018868 0.09371875000000003
0 0.5784905660377359 0.5986666666666667 0.28024528301886786 0.09168749999999998
0 0.5065471698113208 0.6665833333333333 0.2839433962264151 0.09711458333333335
0 0.4419622641509434 0.7365312500000001 0.2630566037735848 0.09576041666666674
0 0.4204339622641509 0.8126041666666667 0.27903773584905656 0.08761458333333323
0 0.4388867924528302 0.88153125 0.31839622641509435 0.06791666666666671