0 0.33875471698113213 0.7868958333333332 0.3153207547169811 0.07018749999999987
0 0.31633962264150944 0.71340625 0.31133962264150944 0.07948958333333328
0 0.3134716981132075 0.6383541666666667 0.26783018867924524 0.07512500000000012
0 0.3594339622641509 0.5758854166666667 0.2538679245283018 0.07335416666666675
0 0.4612452830188679 0.5206875 0.2323773584905661 0.06563541666666665
0 0.5325849056603773 0.46275 0.22199999999999995 0.06124999999999995
0 0.6154150943396227 0.41863541666666665 0.22273584905660368 0.06361458333333339
0 0.6712452830188679 0.38004166666666667 0.2665094339622642 0.07465624999999995
0 0.697188679245283 0.3203020833333333 0.2735283018867925 0.0660833333333334
0 0.6902075471698114 0.2673125 0.22443396226415102 0.054500000000000055
0 0.6377169811320755 0.22008333333333333 0.23239622641509428 0.05550000000000003
0 0.5920188679245283 0.176125 0.21183018867924525 0.053427083333333354
0 0.5343018867924528 0.13698958333333333 0.18360377358490576 0.04474999999999998
0 0.4982452830188679 0.10358333333333333 0.194811320754717 0.053208333333333316
0 0.48175471698113215 0.05434375 0.2344716981132075 0.04593749999999999
0 0.4169433962264151 0.8468125000000001 0.2918679245283019 0.06962499999999991
0 0.4423962264150944 0.9139375 0.29766037735849055 0.06233333333333325