0 0.5655283018867925 0.88471875 0.33639622641509426 0.06630208333333343
0 0.549622641509434 0.8159166666666666 0.3094905660377358 0.06643749999999997
0 0.5424716981132075 0.7411770833333333 0.2757169811320755 0.06062500000000005
0 0.548 0.6697291666666667 0.2614528301886793 0.06375000000000004
0 0.5808867924528301 0.6013958333333334 0.2683584905660378 0.05809374999999998
0 0.632943396226415 0.5419166666666667 0.2972452830188679 0.053489583333333236
0 0.6822452830188679 0.47978125 0.26649056603773585 0.05247916666666666
0 0.7163207547169811 0.41958333333333336 0.28577358490566046 0.05174999999999995
0 0.755 0.3696979166666667 0.2871886792452831 0.04389583333333332
0 0.7585094339622641 0.32296875 0.2956415094339624 0.04705208333333329
0 0.7202830188679246 0.27147916666666666 0.22011320754716976 0.04647916666666667
0 0.6606603773584905 0.22910416666666666 0.2202075471698114 0.04282291666666668
0 0.5879245283018868 0.18990625 0.20950943396226407 0.04458333333333334
0 0.5573207547169812 0.14756249999999999 0.21907547169811323 0.04029166666666668
0 0.5225094339622641 0.10745833333333334 0.23149056603773574 0.03925000000000001
0 0.5327169811320754 0.06754166666666667 0.22026415094339624 0.03444791666666666
0 0.5478679245283019 0.95725 0.3225849056603774 0.0693020833333333