0 0.35525993883792056 0.20024183796856107 0.14165137614678897 0.03570737605804115
0 0.354434250764526 0.23371221281741233 0.1464831804281345 0.03252720677146309
0 0.36412844036697245 0.2671946795646917 0.1432721712538227 0.03315598548972191
0 0.3923547400611621 0.29876662636033857 0.14486238532110093 0.04145102781136642
0 0.4391131498470948 0.3245949214026602 0.13840978593272169 0.038258766626360324
0 0.5011926605504586 0.35551390568319224 0.1529051987767584 0.04016928657799278
0 0.517308868501529 0.3915477629987908 0.1529051987767584 0.038258766626360324
0 0.5197247706422018 0.4269407496977025 0.15452599388379196 0.03889963724304711
0 0.5052293577981651 0.4639298669891173 0.16743119266055045 0.042720677146312024
0 0.45360856269113153 0.49996372430471586 0.17064220183486242 0.04209189842805314
0 0.3996024464831804 0.5379081015719468 0.18516819571865448 0.049105199516324076
0 0.3552599388379205 0.5787182587666264 0.20293577981651373 0.05037484885126961
0 0.3431498470948012 0.6265417170495767 0.21100917431192662 0.049105199516323944
0 0.31171253822629974 0.6750060459492141 0.22229357798165136 0.049105199516323944
0 0.35122324159021406 0.7244256348246675 0.21422018348623856 0.049746070133011
0 0.4084709480122324 0.7773639661426844 0.22550458715596333 0.05229746070133011
0 0.4592660550458716 0.8373035066505442 0.2464525993883793 0.05611850060459502