0 0.5404147465437787 0.7662420382165606 0.4063133640552995 0.04713375796178344
0 0.46211981566820276 0.7025477707006369 0.3510138248847927 0.06496815286624204
0 0.4344700460829493 0.643312101910828 0.37866359447004616 0.0535031847133758
0 0.3976036866359447 0.5923566878980892 0.369447004608295 0.0535031847133758
0 0.48281105990783413 0.5356687898089172 0.2802304147465438 0.06751592356687898
0 0.5795391705069125 0.4961783439490446 0.2894470046082949 0.062420382165605096
0 0.6694009216589861 0.4573248407643312 0.24797235023041475 0.05605095541401274
0 0.7100921658986176 0.4182547770700637 0.26695852534562214 0.059452229299363
0 0.7170046082949308 0.3738853503184713 0.33972350230414733 0.04118471337579623
0 0.6670967741935483 0.33608917197452226 0.3289400921658986 0.043732484076433174
0 0.6548387096774193 0.3087006369426752 0.3320276497695853 0.048407643312101914
0 0.5764976958525345 0.2762165605095542 0.27672811059907837 0.04713375796178344
0 0.5288479262672812 0.2445859872611465 0.25520737327188936 0.0526496815286624
0 0.49350230414746543 0.2070063694267516 0.23018433179723496 0.05222929936305733
0 0.46202764976958527 0.1696433121019108 0.24092165898617512 0.03949044585987261
0 0.45663594470046087 0.14012738853503184 0.23322580645161298 0.03821656050955414
0 0.45511520737327193 0.10997452229299363 0.22400921658986167 0.03821656050955414