0 0.4561320754716981 0.06982291666666667 0.23469811320754713 0.04875000000000001
0 0.4523962264150944 0.10823958333333333 0.23020754716981132 0.056187499999999994
0 0.4726037735849057 0.151625 0.23469811320754713 0.04875000000000001
0 0.5040188679245283 0.19211458333333334 0.23467924528301887 0.04875000000000001
0 0.5316981132075472 0.23301041666666666 0.24815094339622637 0.05122916666666667
0 0.5504150943396227 0.26688541666666665 0.25264150943396224 0.05288541666666665
0 0.5721132075471699 0.31357291666666665 0.2780754716981132 0.06528124999999996
0 0.5691132075471698 0.3639791666666667 0.2780754716981132 0.06858333333333337
0 0.5533962264150943 0.4172708333333333 0.28554716981132083 0.07436458333333332
0 0.5085094339622641 0.4631354166666667 0.3095094339622641 0.08014583333333339
0 0.40749056603773587 0.5135416666666667 0.2781132075471699 0.07188541666666666
0 0.3461320754716981 0.5693125 0.31103773584905664 0.07932291666666676
0 0.30647169811320757 0.6321041666666667 0.3125471698113207 0.08428125000000009
0 0.31545283018867926 0.7068854166666667 0.33349056603773586 0.07684374999999997
0 0.33490566037735847 0.76225 0.3394716981132075 0.07354166666666657
0 0.40449056603773587 0.8229791666666666 0.3230000000000001 0.09089583333333333
0 0.4763396226415094 0.8886666666666667 0.3379433962264151 0.08345833333333345