0 0.4390188679245283 0.03476041666666666 0.19347169811320747 0.048125
0 0.4244905660377358 0.0718125 0.18656603773584904 0.04889583333333333
0 0.41826415094339625 0.10428125 0.19071698113207555 0.04507291666666668
0 0.4452452830188679 0.14400000000000002 0.2253018867924529 0.04812499999999999
0 0.47222641509433955 0.18526041666666665 0.21837735849056605 0.046604166666666676
0 0.48190566037735855 0.22460416666666666 0.21560377358490562 0.04583333333333333
0 0.5185849056603774 0.25973958333333336 0.23081132075471705 0.04583333333333333
0 0.558 0.307875 0.23496226415094335 0.07334374999999997
0 0.5704528301886792 0.3789166666666667 0.2460188679245283 0.07639583333333337
0 0.5496981132075471 0.43125 0.2487924528301887 0.07410416666666665
0 0.5213396226415095 0.4782291666666667 0.22803773584905662 0.06416666666666669
0 0.48883018867924527 0.5332395833333334 0.25711320754716976 0.06722916666666663
0 0.4417924528301887 0.6000833333333334 0.25435849056603776 0.07105208333333338
0 0.41341509433962265 0.6673125 0.2640377358490567 0.07563541666666657
0 0.41411320754716985 0.7394999999999999 0.2792641509433962 0.08097916666666667
0 0.4279433962264151 0.8151354166666667 0.29032075471698116 0.0870937499999999
0 0.4563018867924528 0.8903854166666666 0.3193773584905661 0.08327083333333339