0 0.40262264150943394 0.8637291666666667 0.435188679245283 0.07637499999999993
0 0.3425471698113208 0.78740625 0.373679245283019 0.06601041666666656
0 0.33283018867924524 0.7236666666666667 0.39058490566037735 0.0698541666666666
0 0.3644150943396226 0.6501666666666667 0.3706037735849056 0.07564583333333345
0 0.46258490566037735 0.584875 0.37937735849056603 0.07666666666666658
0 0.5958301886792453 0.5154062500000001 0.34283018867924514 0.0654479166666667
0 0.6782264150943396 0.4658333333333333 0.328377358490566 0.07628125000000002
0 0.7465094339622641 0.41565624999999995 0.308132075471698 0.06323958333333338
0 0.7935094339622641 0.35319791666666667 0.3237169811320756 0.05092708333333332
0 0.7793396226415095 0.3078333333333333 0.3080188679245283 0.06242708333333328
0 0.7068490566037736 0.24830208333333334 0.33373584905660375 0.06060416666666661
0 0.6217358490566037 0.21011458333333335 0.27922641509433965 0.06878125000000003
0 0.5352830188679245 0.1712395833333333 0.31079245283018875 0.07265625
0 0.4690943396226415 0.13057291666666665 0.26299999999999996 0.06730208333333335
0 0.41852830188679246 0.07988541666666667 0.28094339622641507 0.05557291666666666
0 0.38754716981132076 0.034770833333333334 0.31883018867924523 0.039166666666666676
0 0.4709433962264151 0.9416875 0.37879245283018864 0.06975000000000003