0 0.48467924528301887 0.03819791666666667 0.22803773584905662 0.05551041666666666
0 0.5000566037735849 0.07411458333333334 0.22330188679245289 0.054197916666666665
0 0.5349433962264151 0.11885416666666666 0.2339433962264151 0.05355208333333336
0 0.5656981132075471 0.16913541666666668 0.23156603773584908 0.064
0 0.5692452830188679 0.21484375 0.22920754716981134 0.06008333333333334
0 0.5704150943396227 0.26218749999999996 0.25049056603773584 0.06464583333333339
0 0.5443962264150943 0.31835416666666666 0.2481320754716981 0.06987500000000005
0 0.48467924528301887 0.35981250000000004 0.25879245283018865 0.07575000000000003
0 0.4225849056603774 0.4110833333333333 0.271811320754717 0.08293750000000001
0 0.36639622641509434 0.45875 0.2801132075471699 0.07117708333333338
0 0.34098113207547165 0.5312395833333333 0.3144150943396226 0.08423958333333322
0 0.33505660377358487 0.60209375 0.3167735849056604 0.06791666666666671
0 0.35930188679245284 0.6670625 0.30613207547169813 0.07248958333333325
0 0.43262264150943397 0.7251875 0.3415849056603774 0.07117708333333325
0 0.5035849056603773 0.7862395833333333 0.343943396226415 0.09011458333333332
0 0.5491320754716982 0.8619895833333333 0.3332830188679245 0.07836458333333335
0 0.5881509433962264 0.9237083333333334 0.3474716981132075 0.08162499999999989