0 0.4901509433962264 0.9425416666666667 0.43713207547169824 0.06026041666666657
0 0.4877169811320755 0.8741979166666667 0.35050943396226414 0.08330208333333336
0 0.5037358490566038 0.7974895833333334 0.3070566037735849 0.07571875000000006
0 0.5378867924528301 0.72890625 0.2558867924528302 0.07396874999999999
0 0.5847735849056603 0.6585104166666667 0.2993396226415094 0.07901041666666657
0 0.6328113207547169 0.5992395833333333 0.2947735849056604 0.06811458333333344
0 0.6656792452830189 0.5387083333333333 0.2976415094339623 0.07553125
0 0.644377358490566 0.4780208333333333 0.2887735849056603 0.054843749999999976
0 0.6446792452830189 0.42412500000000003 0.2996415094339624 0.061624999999999965
0 0.6036415094339623 0.3787395833333333 0.2844905660377358 0.05767708333333334
0 0.595622641509434 0.3227083333333333 0.2827358490566038 0.049781249999999964
0 0.552754716981132 0.26976041666666667 0.26045283018867915 0.05151041666666671
0 0.5321698113207547 0.22421875 0.24445283018867936 0.05418749999999998
0 0.5230188679245282 0.17426041666666667 0.25130188679245274 0.06886458333333335
0 0.5121509433962265 0.1234375 0.2044150943396227 0.050541666666666644
0 0.5290188679245283 0.07119791666666667 0.25073584905660373 0.057166666666666664
0 0.5330377358490566 0.026218750000000002 0.271320754716981 0.05242708333333333