0 0.4327368421052632 0.26019940179461615 0.1021473684210526 0.022412761714855452
0 0.45128421052631584 0.2798903290129611 0.10597894736842112 0.021814556331006974
0 0.4813473684210526 0.29927218344965106 0.11235789473684211 0.024237288135593164
0 0.5165263157894736 0.3156331006979063 0.11364210526315793 0.027866400797607223
0 0.5542526315789473 0.324715852442672 0.10210526315789474 0.02666001994017947
0 0.5996631578947368 0.3395613160518445 0.1161894736842104 0.033320039880358886
0 0.6361263157894738 0.3519840478564307 0.1020842105263158 0.03150548354935197
0 0.6764210526315789 0.3810568295114656 0.11105263157894738 0.030289132602193417
0 0.6968842105263158 0.40438683948155535 0.11103157894736844 0.02968095712861414
0 0.7013473684210526 0.44527417746759723 0.12 0.030289132602193417
0 0.6808842105263159 0.48404785643070786 0.12 0.03150548354935197
0 0.6290736842105263 0.5064705882352941 0.14431578947368412 0.03877367896311077
0 0.5849473684210527 0.5282751744765704 0.14559999999999992 0.039980059820538295
0 0.5242105263157895 0.5579661016949152 0.14433684210526304 0.03755732801595221
0 0.4788 0.5933998005982053 0.1507368421052632 0.03574277168494507
0 0.4653684210526316 0.6249052841475573 0.14690526315789468 0.032103688933200446
0 0.42534736842105264 0.24188434695912264 0.1106736842105263 0.026251246261216336