0 0.46583018867924525 0.8580729166666666 0.2741132075471698 0.07763541666666664
0 0.4511320754716981 0.7849270833333333 0.2767547169811321 0.06981249999999999
0 0.41773584905660377 0.7053958333333333 0.2713962264150943 0.07827083333333344
0 0.44754716981132076 0.6345208333333333 0.25083018867924517 0.07397916666666665
0 0.5410943396226414 0.5782708333333333 0.23799999999999996 0.07795833333333325
0 0.6409622641509434 0.52996875 0.2050566037735848 0.06992708333333345
0 0.7293207547169812 0.4795833333333333 0.1951886792452831 0.0688229166666666
0 0.7672641509433962 0.42565625 0.25766037735849046 0.07193749999999995
0 0.7690377358490565 0.36995833333333333 0.2474716981132075 0.06061458333333327
0 0.7101320754716981 0.321125 0.21247169811320757 0.07055208333333335
0 0.6322075471698113 0.27781249999999996 0.22343396226415085 0.06187499999999998
0 0.5553584905660377 0.23310416666666667 0.22786792452830185 0.06418750000000001
0 0.493811320754717 0.18876041666666668 0.23611320754716977 0.06725
0 0.44069811320754715 0.12582291666666667 0.18886792452830192 0.06864583333333334
0 0.4519811320754717 0.07932291666666667 0.1712452830188679 0.04222916666666666
0 0.44994339622641505 0.03908333333333334 0.18322641509433965 0.046104166666666675
0 0.550622641509434 0.9337812499999999 0.362566037735849 0.08858333333333329