0 0.5414716981132076 0.8808125 0.27569811320754717 0.07057291666666667
0 0.45590566037735847 0.8124375 0.23824528301886788 0.06582291666666672
0 0.4136603773584906 0.7549270833333334 0.27452830188679245 0.0644687500000001
0 0.37003773584905664 0.6917083333333333 0.280622641509434 0.06988541666666657
0 0.3556415094339623 0.6247916666666666 0.26005660377358497 0.07550000000000003
0 0.36945283018867925 0.5538124999999999 0.21356603773584906 0.06842708333333339
0 0.4533018867924528 0.5107916666666666 0.2330377358490566 0.08544791666666664
0 0.5416415094339623 0.46618750000000003 0.20928301886792444 0.0765625
0 0.607867924528302 0.41679166666666667 0.2072264150943397 0.06719791666666666
0 0.6129245283018868 0.36628125 0.23107547169811327 0.06316666666666665
0 0.6147358490566037 0.3149895833333333 0.2566603773584905 0.06483333333333334
0 0.606188679245283 0.2596458333333333 0.2340566037735848 0.04962499999999999
0 0.5498490566037736 0.20361458333333332 0.2037547169811321 0.05913541666666665
0 0.49249056603773583 0.16428125000000002 0.17413207547169804 0.05322916666666669
0 0.4724339622641509 0.13105208333333335 0.16145283018867912 0.03678125
0 0.4624716981132076 0.096625 0.16350943396226408 0.036125000000000004
0 0.5736603773584906 0.9527604166666667 0.29594339622641513 0.07260416666666672