0 0.558622641509434 0.81384375 0.33294339622641517 0.08348958333333342
0 0.5743584905660378 0.7393020833333334 0.29566037735849043 0.06808333333333323
0 0.5670188679245283 0.6781458333333333 0.2910188679245283 0.06584375000000003
0 0.5439056603773584 0.61996875 0.2646603773584905 0.06870833333333337
0 0.5266226415094339 0.55325 0.32588679245283025 0.06673958333333327
0 0.5212452830188679 0.4879583333333333 0.30301886792452837 0.0605104166666667
0 0.5258490566037736 0.43475 0.2823584905660377 0.049802083333333275
0 0.5518301886792454 0.3886354166666666 0.2864716981132076 0.050010416666666654
0 0.5486603773584906 0.3357395833333333 0.2502264150943396 0.05975000000000001
0 0.5307169811320754 0.28738541666666667 0.25247169811320747 0.04669791666666671
0 0.5122830188679245 0.24613541666666663 0.23986792452830188 0.05596875000000002
0 0.4753396226415095 0.19777083333333334 0.2192641509433963 0.05172916666666663
0 0.47364150943396227 0.15467708333333335 0.22460377358490569 0.0480104166666667
0 0.4924716981132075 0.114125 0.23652830188679247 0.050572916666666676
0 0.5204905660377359 0.07430208333333334 0.20288679245283014 0.046833333333333345
0 0.5629811320754717 0.04263541666666667 0.2131132075471699 0.03795833333333333
0 0.5138679245283019 0.8884166666666666 0.3532264150943397 0.08620833333333332