0 0.45969811320754717 0.9090729166666667 0.3322075471698112 0.07667708333333323
0 0.41709433962264153 0.8378958333333333 0.2973207547169812 0.08013541666666674
0 0.37692452830188683 0.7642604166666668 0.28616981132075475 0.0821875000000001
0 0.39337735849056604 0.6905520833333333 0.2876037735849058 0.08754166666666663
0 0.4281132075471698 0.62528125 0.2753018867924529 0.0854791666666666
0 0.4912830188679245 0.5550520833333333 0.2576037735849056 0.0838958333333333
0 0.5956415094339622 0.49933333333333335 0.2490377358490566 0.10062499999999991
0 0.6888490566037735 0.44337499999999996 0.26849056603773597 0.08624999999999995
0 0.7477358490566038 0.39579166666666665 0.24790566037735848 0.07093750000000003
0 0.7763207547169811 0.34867708333333336 0.24218867924528303 0.07045833333333332
0 0.7723207547169811 0.28909375 0.22160377358490574 0.06335416666666673
0 0.735 0.23858333333333331 0.22411320754716976 0.07596875
0 0.6698113207547169 0.20314583333333333 0.19096226415094347 0.07107291666666668
0 0.5833396226415095 0.16447916666666668 0.20669811320754708 0.06317708333333331
0 0.5231509433962264 0.12257291666666666 0.19498113207547177 0.052281249999999994
0 0.4562452830188679 0.08264583333333334 0.21556603773584906 0.06269791666666666
0 0.4047547169811321 0.04096875 0.2199056603773585 0.038885416666666665