0 0.4829811320754717 0.08217708333333333 0.2188679245283019 0.0625
0 0.48979245283018863 0.13396875000000003 0.21781132075471688 0.0653958333333333
0 0.48720754716981135 0.18055208333333334 0.23390566037735855 0.06365625000000001
0 0.4871698113207547 0.22511458333333334 0.25030188679245274 0.07176041666666665
0 0.5081509433962264 0.27372916666666663 0.231811320754717 0.0763854166666667
0 0.5259811320754717 0.33622916666666663 0.23601886792452836 0.07407291666666668
0 0.5605660377358491 0.37905208333333335 0.2443962264150943 0.07870833333333328
0 0.5700000000000001 0.43142708333333335 0.26747169811320753 0.06886458333333335
0 0.5663018867924529 0.48813541666666665 0.2723018867924527 0.07233333333333339
0 0.5002641509433962 0.5410833333333334 0.2723018867924527 0.07754166666666672
0 0.4478490566037736 0.5951979166666667 0.29537735849056596 0.08043750000000002
0 0.4085471698113207 0.6498854166666667 0.2943396226415094 0.0798645833333334
0 0.3655849056603773 0.7173020833333333 0.30064150943396234 0.08043750000000002
0 0.3482830188679245 0.7905104166666667 0.2912075471698113 0.08564583333333337
0 0.3561509433962264 0.86834375 0.2922641509433962 0.08854166666666667
0 0.4857169811320755 0.03802083333333333 0.21913207547169808 0.048541666666666664
0 0.3935660377358491 0.9379166666666666 0.357622641509434 0.08166666666666676