0 0.5026792452830189 0.0615 0.20177358490566027 0.048125
0 0.48883018867924527 0.09855208333333333 0.19347169811320747 0.05041666666666667
0 0.4784528301886793 0.14094791666666667 0.20315094339622644 0.057291666666666664
0 0.46669811320754717 0.18984375 0.23498113207547175 0.06798958333333331
0 0.47152830188679246 0.23911458333333335 0.25296226415094336 0.06569791666666672
0 0.485377358490566 0.28838541666666667 0.26679245283018865 0.06340625000000001
0 0.514433962264151 0.3418645833333333 0.2557169811320754 0.0557708333333333
0 0.5434905660377358 0.38235416666666666 0.23633962264150943 0.057291666666666664
0 0.5379433962264151 0.43621875 0.21975471698113214 0.06569791666666672
0 0.5220377358490567 0.48625 0.20730188679245284 0.06340625000000001
0 0.506811320754717 0.5488958333333334 0.2128301886792452 0.06952083333333334
0 0.485377358490566 0.6096354166666667 0.21422641509433957 0.0656979166666666
0 0.45769811320754716 0.6730416666666666 0.2280754716981132 0.0656979166666666
0 0.4576981132075472 0.7364479166666666 0.2363773584905661 0.059583333333333384
0 0.4867547169811321 0.8017604166666668 0.2612641509433963 0.06798958333333331
0 0.5303396226415094 0.8716666666666666 0.2792452830188679 0.07639583333333325
0 0.5532641509433963 0.9412187500000001 0.3229245283018867 0.08482291666666673