0 0.5436603773584905 0.82059375 0.34333962264150947 0.06561458333333334
0 0.5224716981132076 0.7558645833333333 0.34596226415094344 0.07550000000000003
0 0.48203773584905657 0.6935312499999999 0.33239622641509436 0.05888541666666664
0 0.4832641509433962 0.6263229166666666 0.28401886792452824 0.06752083333333327
0 0.49722641509433957 0.5594374999999999 0.2909056603773586 0.058124999999999954
0 0.5028679245283019 0.49924999999999997 0.28135849056603773 0.054635416666666714
0 0.49633962264150944 0.44345833333333334 0.25907547169811335 0.05213541666666662
0 0.5135471698113208 0.39239583333333333 0.25218867924528293 0.05160416666666663
0 0.49583018867924533 0.342375 0.2348867924528302 0.050010416666666654
0 0.4769811320754717 0.28978125 0.24626415094339618 0.05164583333333338
0 0.4680754716981133 0.24452083333333335 0.2504716981132076 0.057156250000000006
0 0.4488867924528302 0.19614583333333335 0.25369811320754715 0.05704166666666666
0 0.4557358490566037 0.1506875 0.2348679245283019 0.05536458333333331
0 0.46007547169811325 0.1085 0.21745283018867925 0.04976041666666665
0 0.46858490566037736 0.0600625 0.19228301886792457 0.04617708333333332
0 0.5630754716981132 0.8945729166666666 0.3784150943396227 0.07166666666666661
0 0.46594339622641506 0.03053125 0.18111320754716984 0.03345833333333333