0 0.3512075471698113 0.8131145833333334 0.2976037735849057 0.07918749999999998
0 0.3584905660377358 0.7420833333333333 0.3058867924528302 0.07602083333333336
0 0.3897924528301887 0.6707395833333333 0.3061886792452831 0.08295833333333344
0 0.45354716981132076 0.6029479166666667 0.27588679245283027 0.08595833333333332
0 0.5520377358490566 0.5455833333333333 0.22758490566037737 0.09967708333333339
0 0.6658301886792453 0.497125 0.2287358490566038 0.08610416666666675
0 0.7467358490566037 0.45087499999999997 0.22703773584905668 0.08388541666666664
0 0.7993396226415094 0.3942083333333333 0.21903773584905667 0.06778125000000006
0 0.8157735849056604 0.34259375 0.2204716981132076 0.0699895833333334
0 0.7974716981132076 0.29232291666666665 0.20609433962264154 0.07581249999999998
0 0.732566037735849 0.2486875 0.18494339622641506 0.0683958333333333
0 0.6758301886792453 0.21017708333333335 0.16866037735849054 0.07281250000000003
0 0.6032075471698113 0.17560416666666667 0.1549433962264151 0.0724895833333333
0 0.5456037735849056 0.12967708333333333 0.13122641509433955 0.060177083333333346
0 0.4978679245283019 0.07892708333333333 0.17583018867924538 0.04485416666666667
0 0.38222641509433963 0.8927395833333333 0.31562264150943403 0.06831249999999993
0 0.4841132075471698 0.037760416666666664 0.202377358490566 0.049479166666666664