0 0.4758364312267658 0.613580850024426 0.22924411400247832 0.04738641914997557
0 0.46716232961586124 0.6614557889594529 0.22800495662949194 0.0361504640937958
0 0.5018587360594795 0.5701025891548608 0.2614622057001239 0.0356619443087445
0 0.5452292441140025 0.5251587689301417 0.2788104089219331 0.04152418172936004
0 0.6059479553903345 0.48851978505129456 0.2342007434944238 0.030288226673180263
0 0.6530359355638166 0.4528578407425501 0.20322180916976457 0.03321934538348803
0 0.7050805452292441 0.41817293600390815 0.1970260223048327 0.0356619443087445
0 0.7434944237918215 0.3805569125549585 0.21437422552664187 0.03419638495359062
0 0.7695167286245354 0.34587200781631655 0.18835192069392812 0.03663898387884709
0 0.7695167286245354 0.3126526624328285 0.1809169764560099 0.02784562774792379
0 0.748451053283767 0.28676111382510994 0.16728624535315986 0.02247191011235955
0 0.724907063197026 0.265266243282853 0.1771995043370508 0.012212994626282364
0 0.6840148698884758 0.24719101123595505 0.14002478314745972 0.013190034196384953
0 0.6406443618339529 0.22960429897410845 0.17472118959107807 0.014655593551538837
0 0.6195786864931846 0.21250610649731314 0.1895910780669145 0.008793356130923302
0 0.573729863692689 0.19247679531021006 0.1821561338289963 0.015632633121641426
0 0.5390334572490706 0.16902784562774792 0.13878562577447337 0.025891548607718612