0 0.4630275229357798 0.12174008810572688 0.13091743119266053 0.033436123348017606
0 0.4552522935779817 0.15083700440528636 0.11862385321100924 0.03657488986784139
0 0.46426605504587154 0.17955947136563877 0.11534403669724776 0.04287444933920705
0 0.49211009174311926 0.20433920704845815 0.11534403669724776 0.04051762114537447
0 0.5179128440366972 0.22930616740088106 0.12761467889908254 0.04327092511013218
0 0.549862385321101 0.25428414096916296 0.12105504587155957 0.04444933920704847
0 0.5842431192660551 0.2755286343612335 0.1341743119266055 0.03894273127753305
0 0.6247935779816515 0.31132158590308373 0.13334862385321097 0.03501101321585899
0 0.6178211009174313 0.3471145374449339 0.12761467889908254 0.04208149779735687
0 0.5736009174311927 0.3766079295154185 0.17020642201834857 0.04129955947136564
0 0.5052064220183486 0.4078854625550661 0.17266055045871567 0.0456277533039647
0 0.44172018348623854 0.4253854625550661 0.18006880733944952 0.05231277533039647
0 0.4056880733944954 0.4548898678414097 0.183348623853211 0.04838105726872241
0 0.39791284403669724 0.5058259911894273 0.17596330275229363 0.04720264317180618
0 0.4274082568807339 0.5471255506607929 0.190711009174312 0.04798458149779741
0 0.4679587155963303 0.5779955947136565 0.1803440366972477 0.05153083700440524
0 0.49204128440366973 0.6163546255506608 0.16908256880733938 0.05133259911894262