0 0.3687735849056604 0.09456331877729258 0.24301886792452834 0.025906113537117893
0 0.3659905660377359 0.12274017467248909 0.2485849056603773 0.02656113537117902
0 0.395377358490566 0.15286026200873365 0.2458018867924529 0.029792576419213995
0 0.43872641509433963 0.18459606986899563 0.24858490566037744 0.03367903930131007
0 0.47792452830188675 0.21633187772925763 0.2485849056603773 0.031091703056768578
0 0.5199056603773585 0.25163755458515286 0.2597641509433962 0.03692139737991266
0 0.5534905660377358 0.28725982532751093 0.27094339622641506 0.035622270742358075
0 0.5618396226415096 0.3222379912663756 0.2597641509433962 0.03303493449781658
0 0.563254716981132 0.35947598253275104 0.27372641509433976 0.041451965065502215
0 0.5408962264150944 0.3999563318777293 0.28495283018867923 0.04080786026200873
0 0.5086792452830189 0.4414192139737991 0.2821698113207547 0.04598253275109171
0 0.4611320754716982 0.48481441048034934 0.2933490566037736 0.044694323144104736
0 0.43033018867924533 0.5346834061135372 0.31014150943396224 0.048580786026200876
0 0.41636792452830185 0.5855349344978166 0.31575471698113206 0.04663755458515287
0 0.3981603773584905 0.6341048034934498 0.3129716981132075 0.04275109170305686
0 0.40797169811320755 0.6830131004366812 0.33254716981132076 0.043395196506550215
0 0.41495283018867923 0.7351528384279475 0.3353301886792453 0.04663755458515287