0 0.39541509433962263 0.07046875000000001 0.1818301886792453 0.06372916666666667
0 0.4148679245283019 0.11305208333333333 0.16330188679245275 0.07168749999999999
0 0.46147169811320754 0.1593125 0.16554716981132078 0.07842708333333336
0 0.509188679245283 0.20373958333333334 0.1833018867924528 0.0815
0 0.5813207547169812 0.24448958333333337 0.22771698113207559 0.08333333333333333
0 0.6373584905660378 0.28921874999999997 0.222188679245283 0.07965625000000003
0 0.6523396226415095 0.3382395833333333 0.2188490566037736 0.06005208333333331
0 0.6356981132075472 0.3930729166666667 0.2366037735849056 0.07046874999999998
0 0.5979433962264151 0.4476145833333333 0.21394339622641506 0.0839479166666667
0 0.5241509433962265 0.4901979166666666 0.20620754716981124 0.08945833333333333
0 0.42760377358490564 0.5364583333333334 0.21511320754716978 0.09130208333333342
0 0.3748867924528302 0.5882395833333334 0.24730188679245294 0.09191666666666667
0 0.370433962264151 0.65134375 0.2517358490566038 0.08088541666666677
0 0.3859811320754717 0.7061875000000001 0.24286792452830194 0.08762499999999988
0 0.4442641509433963 0.777875 0.24432075471698114 0.09252083333333326
0 0.48977358490566036 0.8538645833333334 0.3020377358490567 0.08516666666666665
0 0.5214905660377358 0.9120833333333334 0.32969811320754716 0.07083333333333333