0 0.6356415094339622 0.8954270833333333 0.4085283018867924 0.08504166666666677
0 0.5378679245283019 0.82084375 0.36737735849056613 0.09529166666666669
0 0.4641132075471697 0.75234375 0.3799811320754717 0.08707291666666658
0 0.4072452830188679 0.69434375 0.39709433962264146 0.06734375000000009
0 0.41709433962264153 0.6272604166666667 0.36022641509433956 0.07206250000000007
0 0.4973018867924528 0.5659375 0.3256415094339623 0.0778958333333333
0 0.5333207547169811 0.5090416666666667 0.259320754716981 0.07173958333333334
0 0.6177924528301887 0.4554479166666667 0.29620754716981135 0.06526041666666664
0 0.6303773584905661 0.39949999999999997 0.27105660377358487 0.05405208333333332
0 0.6027924528301887 0.3498541666666667 0.23473584905660372 0.055458333333333346
0 0.5624716981132075 0.2946145833333333 0.22958490566037748 0.049145833333333284
0 0.5027169811320754 0.2564166666666667 0.2232830188679246 0.056083333333333305
0 0.4671320754716981 0.20038541666666668 0.2086981132075472 0.04818749999999999
0 0.4229622641509434 0.15342708333333333 0.2398490566037736 0.041072916666666674
0 0.3797924528301886 0.10513541666666668 0.22898113207547172 0.055593750000000004
0 0.37277358490566037 0.06393750000000001 0.2086792452830189 0.04959375
0 0.36881132075471695 0.027093750000000007 0.23567924528301892 0.039677083333333335