0 0.4588679245283019 0.09345833333333334 0.27547169811320754 0.08159374999999998
0 0.38886792452830193 0.14244791666666667 0.2537735849056604 0.08826041666666669
0 0.32 0.19126041666666668 0.24511320754716986 0.09201041666666665
0 0.2770188679245283 0.24508333333333335 0.26398113207547164 0.0862291666666667
0 0.25239622641509435 0.30121875000000004 0.29228301886792457 0.07465624999999995
0 0.27339622641509437 0.3515625 0.2694905660377358 0.07696874999999999
0 0.34047169811320754 0.39467708333333335 0.26111320754716977 0.09259374999999999
0 0.4258867924528302 0.44096874999999996 0.27056603773584914 0.08795833333333328
0 0.5233584905660378 0.5017395833333333 0.291566037735849 0.0787083333333334
0 0.5946226415094339 0.5630833333333333 0.3125471698113207 0.07060416666666663
0 0.6266037735849057 0.6305 0.2989245283018869 0.0653958333333333
0 0.6438867924528302 0.6973333333333334 0.3104528301886792 0.05903125000000008
0 0.6606981132075472 0.7643749999999999 0.3487735849056604 0.0625
0 0.6522264150943397 0.8417291666666666 0.3938490566037736 0.07349999999999994
0 0.6663396226415095 0.9000208333333333 0.4373396226415094 0.09261458333333342
0 0.5105283018867924 0.06486458333333332 0.2723396226415095 0.06911458333333333
0 0.545622641509434 0.03746875 0.3181132075471699 0.060593750000000016