0 0.45152830188679244 0.09316666666666666 0.20209433962264153 0.059031250000000014
0 0.4562452830188679 0.14554166666666665 0.19686792452830196 0.07465625000000002
0 0.4777547169811321 0.1875 0.18779245283018872 0.07638541666666665
0 0.5270188679245282 0.23263541666666665 0.22973584905660377 0.09490625000000001
0 0.5940943396226415 0.27112499999999995 0.18992452830188672 0.08969791666666668
0 0.6632641509433962 0.3151041666666667 0.18573584905660387 0.0920104166666667
0 0.7251132075471698 0.359375 0.21090566037735844 0.08564583333333337
0 0.7518301886792453 0.4140625 0.2077735849056604 0.07581249999999998
0 0.7507924528301887 0.47280208333333335 0.21826415094339613 0.08795833333333339
0 0.7067358490566038 0.5303854166666667 0.22824528301886798 0.10475000000000007
0 0.6291886792452831 0.57928125 0.2177735849056603 0.1064791666666667
0 0.5227924528301886 0.6247083333333333 0.22094339622641515 0.11168750000000002
0 0.40647169811320755 0.67071875 0.24822641509433974 0.09954166666666661
0 0.35458490566037737 0.73321875 0.2534905660377359 0.07407291666666656
0 0.37239622641509434 0.8171250000000001 0.26396226415094337 0.09375
0 0.44369811320754715 0.8799166666666667 0.2705849056603774 0.11632291666666675
0 0.44258490566037734 0.04179166666666667 0.17077358490566036 0.052145833333333336