0 0.4662075471698114 0.08535416666666666 0.23564150943396223 0.059604166666666666
0 0.44733962264150945 0.12586458333333334 0.25241509433962267 0.05497916666666667
0 0.45890566037735847 0.16811458333333332 0.263245283018868 0.05497916666666664
0 0.4798679245283019 0.20572916666666666 0.263245283018868 0.06191666666666666
0 0.5076415094339622 0.24334375000000003 0.28526415094339613 0.07002083333333337
0 0.5422264150943397 0.28761458333333334 0.3041509433962265 0.06134374999999999
0 0.5705283018867925 0.33362499999999995 0.3041509433962265 0.06770833333333333
0 0.5993396226415094 0.3833958333333333 0.32198113207547163 0.061916666666666606
0 0.6108679245283019 0.4346041666666667 0.3240754716981132 0.06365625000000001
0 0.6024528301886792 0.48668750000000005 0.3089622641509434 0.05903124999999996
0 0.6082075471698114 0.5442708333333334 0.31211320754716976 0.07349999999999994
0 0.5804339622641509 0.6073541666666666 0.30058490566037727 0.08622916666666663
0 0.5442830188679246 0.6796875 0.3226037735849057 0.08159374999999992
0 0.5070754716981132 0.7583958333333333 0.3613962264150943 0.0966458333333333
0 0.4683018867924528 0.8289895833333334 0.3404528301886791 0.09316666666666672
0 0.4527735849056604 0.9098020833333333 0.3560566037735849 0.09956249999999993
0 0.48803773584905663 0.04876041666666667 0.23511320754716983 0.05590625000000002