0 0.44539622641509435 0.0729375 0.24071698113207554 0.05369791666666665
0 0.4491132075471699 0.1243125 0.2104150943396226 0.048812500000000016
0 0.48554716981132073 0.16723958333333336 0.18841509433962267 0.05134375000000002
0 0.5401698113207547 0.21790625 0.21756603773584918 0.07628125000000002
0 0.6356415094339622 0.263125 0.26558490566037735 0.08686458333333331
0 0.6795283018867924 0.31892708333333336 0.2847358490566037 0.06997916666666662
0 0.7178490566037735 0.37227083333333333 0.32132075471698124 0.051677083333333346
0 0.706 0.4324895833333333 0.23988679245283015 0.05752083333333336
0 0.6030754716981132 0.48322916666666665 0.28562264150943395 0.07915625000000001
0 0.45826415094339623 0.5203229166666666 0.2664528301886793 0.0838958333333333
0 0.3450566037735849 0.5711458333333332 0.26986792452830183 0.0927395833333333
0 0.2358490566037736 0.6411458333333333 0.2995849056603773 0.07901041666666657
0 0.23641509433962266 0.7148541666666667 0.33847169811320754 0.07365625000000003
0 0.2882830188679245 0.7943333333333332 0.33137735849056604 0.10412500000000004
0 0.427377358490566 0.8546979166666666 0.3236415094339622 0.10334375000000004
0 0.5498679245283019 0.9157291666666667 0.36277358490566036 0.08523958333333326
0 0.4275094339622642 0.033854166666666664 0.2212641509433962 0.046875