0 0.40866037735849053 0.8371041666666666 0.3370566037735849 0.07856250000000008
0 0.40937735849056606 0.7506041666666667 0.3070377358490565 0.06529166666666673
0 0.46526415094339624 0.68596875 0.28675471698113203 0.07143749999999992
0 0.5479056603773584 0.623 0.27590566037735853 0.07743749999999991
0 0.6408113207547169 0.5552812500000001 0.2673396226415095 0.08973958333333343
0 0.7321509433962264 0.49743750000000003 0.27333962264150946 0.07284374999999994
0 0.7703207547169811 0.43825000000000003 0.24275471698113202 0.05862499999999997
0 0.771188679245283 0.38703125 0.2696415094339622 0.05688541666666668
0 0.7322830188679246 0.34252083333333333 0.29873584905660383 0.04804166666666667
0 0.6347924528301887 0.24853124999999998 0.24671698113207546 0.07186458333333334
0 0.5621698113207547 0.20402083333333335 0.2044150943396227 0.06933333333333333
0 0.5077169811320754 0.16187500000000002 0.17554716981132068 0.0683854166666667
0 0.46726415094339624 0.12557291666666667 0.17467924528301884 0.06521874999999998
0 0.4439622641509434 0.07806249999999999 0.2024150943396226 0.04659374999999999
0 0.6963962264150942 0.29154166666666664 0.20981132075471706 0.05845833333333334
0 0.4424716981132075 0.9139166666666667 0.38388679245283025 0.07296874999999996
0 0.42309433962264154 0.027739583333333328 0.22966037735849062 0.0445625