0 0.48282442748091603 0.72216796875 0.32061068702290074 0.03564453125
0 0.45038167938931295 0.6826171875 0.3053435114503817 0.03564453125
0 0.4389312977099237 0.64306640625 0.2767175572519084 0.03662109375
0 0.42938931297709926 0.603515625 0.25190839694656486 0.03369140625
0 0.44083969465648853 0.56640625 0.25763358778625955 0.0322265625
0 0.46946564885496184 0.5322265625 0.22709923664122136 0.03076171875
0 0.4732824427480916 0.50048828125 0.22900763358778625 0.0283203125
0 0.49809160305343514 0.470703125 0.22137404580152673 0.025390625
0 0.5114503816793893 0.443359375 0.20801526717557253 0.02392578125
0 0.5076335877862596 0.41650390625 0.18893129770992367 0.0224609375
0 0.5057251908396947 0.39208984375 0.18129770992366412 0.0224609375
0 0.5095419847328244 0.3671875 0.18129770992366412 0.017578125
0 0.5019083969465649 0.34423828125 0.1851145038167939 0.02099609375
0 0.47900763358778625 0.31884765625 0.18129770992366412 0.021484375
0 0.4770992366412214 0.29638671875 0.16984732824427481 0.01953125
0 0.4713740458015267 0.2734375 0.1984732824427481 0.01904296875
0 0.48854961832061067 0.76318359375 0.2595419847328244 0.03955078125