0 0.591515625 0.86521875 0.28615625 0.07818749999999994
0 0.6683749999999999 0.8029531249999999 0.28393750000000006 0.0827031250000001
0 0.6780781250000001 0.73909375 0.28443749999999995 0.07860937499999991
0 0.664328125 0.66696875 0.29078125000000005 0.08726562500000004
0 0.622265625 0.5978749999999999 0.294921875 0.09128124999999994
0 0.571125 0.5467500000000001 0.2618281249999999 0.08409375000000008
0 0.536203125 0.48375 0.23737499999999995 0.08590625000000003
0 0.5211718750000001 0.43765625 0.27006250000000004 0.05385937500000004
0 0.504890625 0.380890625 0.24746875 0.047812500000000036
0 0.492859375 0.326796875 0.238484375 0.05018750000000001
0 0.481625 0.277984375 0.2230625 0.05496875000000001
0 0.47806249999999995 0.226765625 0.2373906249999999 0.050765625000000016
0 0.479375 0.186453125 0.21759374999999997 0.04321874999999999
0 0.466953125 0.141453125 0.21978124999999996 0.043359375
0 0.469421875 0.09664062500000001 0.23948437499999997 0.04290624999999999
0 0.4636875 0.055406250000000004 0.25093750000000004 0.053390625000000004
0 0.54325 0.92515625 0.2952187499999999 0.07770312500000003