0 0.48254716981132073 0.04583333333333333 0.2158867924528301 0.04395833333333332
0 0.49220754716981135 0.08413541666666666 0.21701886792452826 0.04395833333333335
0 0.5109622641509434 0.12778124999999999 0.20905660377358481 0.05337500000000001
0 0.5189245283018867 0.16545833333333335 0.21132075471698114 0.048354166666666684
0 0.5621509433962264 0.20438541666666668 0.22724528301886782 0.05713541666666669
0 0.612754716981132 0.24111458333333333 0.22609433962264158 0.05777083333333331
0 0.6684716981132076 0.28098958333333335 0.24881132075471699 0.05965624999999998
0 0.7111132075471698 0.32651041666666664 0.23175471698113215 0.06656249999999998
0 0.7259056603773585 0.37894791666666666 0.22947169811320756 0.06341666666666666
0 0.7042830188679245 0.42604166666666665 0.25222641509433974 0.06341666666666666
0 0.6246792452830189 0.47281249999999997 0.2658867924528301 0.07786458333333333
0 0.5445094339622641 0.5283854166666667 0.28750943396226414 0.08477083333333345
0 0.47911320754716985 0.5842708333333333 0.2818490566037736 0.0822604166666667
0 0.4251132075471698 0.6511458333333333 0.26933962264150946 0.09041666666666662
0 0.39269811320754716 0.7205312500000001 0.29096226415094345 0.08602083333333325
0 0.409188679245283 0.7839479166666667 0.312566037735849 0.07722916666666677
0 0.4523962264150943 0.8442291666666667 0.35803773584905657 0.0822604166666667