0 0.48742138364779874 0.244140625 0.13679245283018868 0.02734375
0 0.4937106918238994 0.2705078125 0.13364779874213836 0.03125
0 0.5078616352201258 0.30029296875 0.139937106918239 0.03515625
0 0.5235849056603774 0.3251953125 0.15566037735849056 0.03271484375
0 0.5487421383647799 0.3515625 0.16037735849056603 0.03369140625
0 0.5550314465408805 0.38134765625 0.14779874213836477 0.0361328125
0 0.559748427672956 0.41162109375 0.15723270440251572 0.03369140625
0 0.5566037735849056 0.44384765625 0.16352201257861634 0.03515625
0 0.5408805031446541 0.4755859375 0.15723270440251572 0.0341796875
0 0.5251572327044025 0.51025390625 0.1761006289308176 0.0400390625
0 0.5078616352201258 0.55029296875 0.18867924528301888 0.0419921875
0 0.4937106918238994 0.5908203125 0.18867924528301888 0.04296875
0 0.4921383647798742 0.6376953125 0.19811320754716982 0.0458984375
0 0.5 0.68505859375 0.20911949685534592 0.0478515625
0 0.5078616352201258 0.72412109375 0.2028301886792453 0.0400390625
0 0.5125786163522013 0.7607421875 0.23427672955974843 0.0390625
0 0.48742138364779874 0.21826171875 0.14465408805031446 0.0283203125