0 0.40916981132075475 0.8740625000000001 0.26492452830188673 0.07525000000000001
0 0.4599245283018868 0.7976145833333333 0.25675471698113217 0.0693020833333333
0 0.5403018867924528 0.7206458333333334 0.24588679245283007 0.07553125
0 0.6189811320754717 0.66271875 0.25484905660377366 0.06710416666666674
0 0.7040943396226416 0.6101875 0.24500000000000005 0.0852291666666666
0 0.7789245283018867 0.54875 0.20837735849056593 0.06964583333333323
0 0.800811320754717 0.49131250000000004 0.219377358490566 0.06753125000000004
0 0.8218679245283018 0.43438541666666663 0.22771698113207536 0.06904166666666664
0 0.8139056603773585 0.37523958333333335 0.231811320754717 0.06367708333333333
0 0.7674528301886793 0.32839583333333333 0.22745283018867915 0.07204166666666663
0 0.7158867924528303 0.27260416666666665 0.22313207547169808 0.05479166666666669
0 0.6665094339622641 0.23469791666666667 0.2209811320754717 0.06449999999999996
0 0.6099622641509433 0.19280208333333335 0.20903773584905652 0.05703125
0 0.5680943396226414 0.14453125 0.20341509433962277 0.05923958333333334
0 0.5477735849056604 0.09289583333333334 0.19854716981132078 0.047083333333333324
0 0.5259622641509434 0.05273958333333335 0.18667924528301896 0.04573958333333333
0 0.40516981132075475 0.9436041666666667 0.303566037735849 0.07326041666666659