0 0.49307547169811317 0.046406249999999996 0.19430188679245286 0.048125000000000015
0 0.5008490566037735 0.08808333333333333 0.19430188679245286 0.04726041666666667
0 0.5148490566037736 0.13105208333333335 0.20673584905660367 0.04897916666666665
0 0.5265283018867924 0.17402083333333335 0.19896226415094348 0.05413541666666669
0 0.551433962264151 0.22085416666666668 0.21762264150943403 0.06187499999999998
0 0.567 0.26725 0.21762264150943403 0.06531250000000005
0 0.5786603773584905 0.31709375 0.20362264150943388 0.05499999999999995
0 0.5747735849056603 0.3635 0.2207358490566038 0.058437500000000024
0 0.5763396226415094 0.4245104166666666 0.21762264150943403 0.08078124999999996
0 0.5638867924528302 0.4726354166666667 0.21450943396226427 0.06015625
0 0.5382075471698113 0.5207604166666667 0.21918867924528293 0.07218749999999995
0 0.5094150943396226 0.5873541666666667 0.24877358490566043 0.08507291666666675
0 0.5055094339622642 0.6518125 0.24720754716981128 0.06616666666666665
0 0.5125283018867924 0.7136770833333334 0.24877358490566043 0.07647916666666674
0 0.5366415094339623 0.7772708333333332 0.2658867924528301 0.0696041666666666
0 0.5693207547169812 0.8425833333333334 0.3001132075471697 0.07991666666666669
0 0.5895471698113207 0.90703125 0.34367924528301885 0.0867916666666666