0 0.4440188679245283 0.8528645833333334 0.2542830188679246 0.0625
0 0.4546415094339623 0.78125 0.21890566037735845 0.07552083333333333
0 0.4723207547169812 0.734375 0.19296226415094336 0.06510416666666667
0 0.5065283018867924 0.6777395833333333 0.20001886792452828 0.06640625
0 0.5619433962264151 0.6158854166666666 0.21650943396226416 0.078125
0 0.6291509433962263 0.55859375 0.22358490566037736 0.059895833333333336
0 0.6515471698113208 0.49544791666666665 0.24007547169811322 0.07161458333333333
0 0.6798490566037736 0.4466145833333333 0.2117735849056604 0.059895833333333336
0 0.6763018867924528 0.40039583333333334 0.2188490566037736 0.05859375
0 0.6633396226415095 0.3528645833333333 0.21649056603773587 0.057291666666666664
0 0.649188679245283 0.31836458333333334 0.22120754716981134 0.06380208333333333
0 0.6102830188679245 0.26953125 0.20943396226415095 0.059895833333333336
0 0.5772641509433962 0.22591666666666665 0.18584905660377357 0.061197916666666664
0 0.570188679245283 0.18619791666666666 0.15756603773584904 0.06770833333333333
0 0.5560377358490566 0.14322916666666666 0.13869811320754716 0.0625
0 0.5454339622641509 0.0983125 0.15992452830188678 0.048177083333333336
0 0.5666603773584905 0.06380208333333333 0.1882264150943396 0.041666666666666664