0 0.4533333333333333 0.7509765625 0.428 0.04931640625
0 0.356 0.70068359375 0.3893333333333333 0.052734375
0 0.30266666666666664 0.64599609375 0.32133333333333336 0.04833984375
0 0.32133333333333336 0.59375 0.37333333333333335 0.0517578125
0 0.416 0.55419921875 0.34933333333333333 0.052734375
0 0.5213333333333333 0.5263671875 0.3506666666666667 0.06005859375
0 0.6066666666666667 0.5 0.32133333333333336 0.0634765625
0 0.6746666666666666 0.46875 0.304 0.05224609375
0 0.728 0.43603515625 0.2826666666666667 0.041015625
0 0.736 0.400390625 0.2693333333333333 0.04248046875
0 0.716 0.36328125 0.248 0.0400390625
0 0.6653333333333333 0.33154296875 0.2653333333333333 0.0439453125
0 0.632 0.30517578125 0.30266666666666664 0.046875
0 0.5693333333333334 0.275390625 0.26 0.0537109375
0 0.5333333333333333 0.2451171875 0.2986666666666667 0.0537109375
0 0.484 0.2080078125 0.23333333333333334 0.0546875
0 0.524 0.7958984375 0.29333333333333333 0.05126953125