0 0.45324528301886796 0.038447916666666665 0.302811320754717 0.05202083333333333
0 0.4686037735849057 0.07633333333333334 0.2843773584905661 0.05767708333333334
0 0.5228679245283019 0.1215625 0.27001886792452834 0.06671874999999998
0 0.5914905660377359 0.16001041666666668 0.2679622641509434 0.062197916666666644
0 0.656 0.2058125 0.2617924528301887 0.07237500000000002
0 0.7205094339622642 0.24538541666666666 0.2802075471698113 0.07463541666666665
0 0.7471320754716981 0.29344791666666664 0.2924905660377358 0.06445833333333333
0 0.7594150943396226 0.34207291666666667 0.3211698113207548 0.0802916666666667
0 0.738943396226415 0.39069791666666664 0.3129811320754717 0.07123958333333331
0 0.690811320754717 0.43197916666666664 0.27816981132075486 0.07689583333333339
0 0.6088867924528302 0.4856875 0.323245283018868 0.0870729166666667
0 0.4870377358490566 0.5456249999999999 0.31303773584905653 0.09385416666666657
0 0.41945283018867924 0.6016041666666666 0.31305660377358485 0.08367708333333326
0 0.3805283018867925 0.6785 0.3335471698113207 0.0904687499999999
0 0.3866792452830189 0.7536979166666666 0.3335471698113207 0.07803125000000008
0 0.4347924528301887 0.8238125000000001 0.38883018867924535 0.08255208333333333
0 0.46756603773584904 0.8899583333333333 0.380622641509434 0.09272916666666665