0 0.496415770609319 0.5517578125 0.33512544802867383 0.03369140625
0 0.45340501792114696 0.5869140625 0.2974910394265233 0.03369140625
0 0.43189964157706096 0.62548828125 0.2867383512544803 0.033203125
0 0.43548387096774194 0.6650390625 0.3046594982078853 0.037109375
0 0.4551971326164875 0.708984375 0.32437275985663083 0.04541015625
0 0.543010752688172 0.51806640625 0.27419354838709675 0.03125
0 0.5716845878136201 0.48779296875 0.22759856630824374 0.0263671875
0 0.578853046594982 0.4580078125 0.22759856630824374 0.0283203125
0 0.5931899641577061 0.42724609375 0.22580645161290322 0.025390625
0 0.5824372759856631 0.39990234375 0.24014336917562723 0.02734375
0 0.5770609318996416 0.373046875 0.25268817204301075 0.0302734375
0 0.5627240143369175 0.34619140625 0.25627240143369173 0.02685546875
0 0.543010752688172 0.31494140625 0.23118279569892472 0.02783203125
0 0.5304659498207885 0.2890625 0.22939068100358423 0.02587890625
0 0.514336917562724 0.26123046875 0.22580645161290322 0.02685546875
0 0.5089605734767025 0.23486328125 0.18458781362007168 0.021484375
0 0.4982078853046595 0.7490234375 0.26881720430107525 0.04052734375