0 0.3319622641509434 0.11171875 0.22077358490566035 0.058437500000000024
0 0.37243396226415093 0.15897916666666667 0.2176415094339623 0.058437500000000024
0 0.40356603773584904 0.20452083333333335 0.22386792452830184 0.06359375000000002
0 0.4541509433962264 0.243625 0.23162264150943396 0.07304166666666667
0 0.5350754716981132 0.2818645833333333 0.20983018867924536 0.07218749999999995
0 0.6276792452830189 0.32225000000000004 0.22069811320754723 0.07906249999999998
0 0.7008301886792453 0.36178125 0.22067924528301894 0.07562500000000003
0 0.7763207547169811 0.4013125 0.19109433962264147 0.07390625000000005
0 0.8556792452830189 0.44556250000000003 0.22843396226415083 0.0713229166666667
0 0.8836981132075472 0.5001354166666666 0.22841509433962254 0.07906250000000009
0 0.8849056603773585 0.5640625 0.23018867924528302 0.08854166666666667
0 0.8408867924528303 0.6251666666666666 0.26111320754716977 0.09194791666666664
0 0.7669622641509434 0.6797395833333333 0.2844716981132075 0.10656249999999995
0 0.6587924528301887 0.7312916666666667 0.2798301886792454 0.10828125000000005
0 0.5226226415094339 0.7738333333333334 0.2502830188679245 0.1039791666666666
0 0.40122641509433965 0.83484375 0.2970188679245283 0.10741666666666655
0 0.4004528301886793 0.8971458333333333 0.28922641509433955 0.08421874999999991