0 0.4692556634304207 0.21142578125 0.11812297734627832 0.01806640625
0 0.48381877022653724 0.69287109375 0.2961165048543689 0.02685546875
0 0.45307443365695793 0.64990234375 0.2702265372168285 0.03271484375
0 0.459546925566343 0.60546875 0.23624595469255663 0.03173828125
0 0.45792880258899676 0.56787109375 0.1941747572815534 0.03076171875
0 0.4741100323624595 0.52978515625 0.18932038834951456 0.03076171875
0 0.49514563106796117 0.4931640625 0.1423948220064725 0.02490234375
0 0.5048543689320388 0.46142578125 0.15372168284789645 0.03076171875
0 0.5080906148867314 0.42919921875 0.1779935275080906 0.03125
0 0.5097087378640777 0.3994140625 0.1650485436893204 0.02294921875
0 0.5194174757281553 0.37109375 0.15372168284789645 0.0224609375
0 0.517799352750809 0.34423828125 0.19741100323624594 0.0244140625
0 0.5064724919093851 0.31689453125 0.16181229773462782 0.021484375
0 0.4967637540453074 0.29150390625 0.1715210355987055 0.0224609375
0 0.48220064724919093 0.2626953125 0.15372168284789645 0.02392578125
0 0.4773462783171521 0.236328125 0.11650485436893204 0.0185546875
0 0.4935275080906149 0.7294921875 0.2022653721682848 0.03564453125