0 0.45090566037735846 0.07064583333333332 0.2152452830188679 0.04709375000000001
0 0.4643584905660378 0.10823958333333333 0.21224528301886794 0.054531250000000024
0 0.48083018867924526 0.15204166666666669 0.2152452830188679 0.056187499999999994
0 0.5092641509433963 0.1983125 0.23618867924528292 0.05784374999999997
0 0.5369433962264151 0.24912499999999999 0.2167169811320755 0.06032291666666669
0 0.5541509433962264 0.29581250000000003 0.22120754716981134 0.0661041666666667
0 0.5511698113207547 0.34910416666666666 0.22120754716981134 0.060322916666666636
0 0.5287169811320755 0.3999270833333333 0.2631132075471699 0.07106250000000003
0 0.49354716981132074 0.4540416666666667 0.27060377358490556 0.07022916666666662
0 0.44639622641509435 0.5085833333333334 0.28707547169811326 0.08014583333333339
0 0.41124528301886787 0.5726145833333334 0.3125283018867924 0.07436458333333344
0 0.4067547169811321 0.63334375 0.27362264150943405 0.07684374999999997
0 0.4770754716981132 0.6961458333333332 0.2915660377358491 0.08510416666666672
0 0.565377358490566 0.7589479166666667 0.3244716981132076 0.0818020833333333
0 0.6095283018867925 0.8246354166666666 0.2900377358490567 0.07602083333333336
0 0.6095094339622642 0.9116458333333333 0.35588679245283017 0.08676041666666663
0 0.605811320754717 0.9657708333333334 0.3848867924528302 0.0684479166666667