0 0.3739811320754717 0.054625 0.3124716981132076 0.055770833333333325
0 0.35530188679245284 0.09816666666666667 0.319377358490566 0.049656249999999985
0 0.37398113207547173 0.1405625 0.329056603773585 0.0534791666666667
0 0.4030377358490566 0.18067708333333332 0.3124528301886793 0.04965625000000002
0 0.44522641509433963 0.22154166666666666 0.3083018867924529 0.055000000000000014
0 0.5123396226415095 0.2647083333333333 0.3290377358490566 0.0588229166666667
0 0.5427735849056604 0.31436458333333334 0.32349056603773574 0.057291666666666664
0 0.5746037735849057 0.3632604166666667 0.3345471698113209 0.06952083333333334
0 0.537245283018868 0.4216979166666667 0.32071698113207553 0.07181249999999993
0 0.46737735849056605 0.4702083333333333 0.3387358490566038 0.07868749999999997
0 0.396811320754717 0.52178125 0.35258490566037737 0.07639583333333337
0 0.32762264150943393 0.58021875 0.39411320754716983 0.07105208333333338
0 0.32624528301886796 0.64515625 0.41624528301886793 0.07410416666666678
0 0.39333962264150946 0.7116145833333333 0.41207547169811326 0.08632291666666679
0 0.4680566037735849 0.78228125 0.43418867924528304 0.07944791666666665
0 0.5448490566037736 0.8548541666666666 0.44386792452830187 0.0931979166666667
0 0.5483018867924528 0.9369791666666667 0.4341698113207547 0.07257291666666674