0 0.4179811320754717 0.05164583333333333 0.254188679245283 0.040489583333333336
0 0.4576415094339623 0.08841666666666666 0.25267924528301877 0.05122916666666667
0 0.5062830188679245 0.11939583333333334 0.24218867924528303 0.05205208333333336
0 0.571377358490566 0.16318749999999999 0.23467924528301887 0.05370833333333334
0 0.654433962264151 0.20037500000000003 0.23616981132075465 0.05536458333333331
0 0.727754716981132 0.24582291666666667 0.2870377358490566 0.07022916666666662
0 0.7584339622641509 0.2904375 0.27654716981132066 0.06528124999999996
0 0.7202641509433962 0.3507604166666667 0.272056603773585 0.07684374999999997
0 0.6678867924528302 0.3974479166666667 0.2900377358490567 0.08262500000000005
0 0.5608867924528301 0.44536458333333334 0.3035283018867925 0.0859375
0 0.4306981132075472 0.49824999999999997 0.3215094339622642 0.07766666666666673
0 0.32445283018867926 0.5548541666666666 0.3215471698113208 0.08345833333333345
0 0.2630943396226415 0.62384375 0.33950943396226413 0.07270833333333329
0 0.2825471698113208 0.6870520833333333 0.3873962264150943 0.07849999999999989
0 0.3678490566037736 0.7535729166666666 0.3903773584905661 0.08758333333333326
0 0.48605660377358495 0.8254583333333334 0.40232075471698114 0.10080208333333332
0 0.5893207547169811 0.8940416666666666 0.36337735849056607 0.09915625000000006