0 0.424811320754717 0.03471875 0.2408867924528302 0.04629166666666666
0 0.43950943396226416 0.08014583333333333 0.2936415094339623 0.05497916666666667
0 0.4520566037735849 0.12384375 0.2995660377358491 0.06596875
0 0.4934905660377359 0.16580208333333332 0.30098113207547167 0.06770833333333333
0 0.5286037735849057 0.21295833333333333 0.2789811320754717 0.07176041666666665
0 0.587811320754717 0.25867708333333334 0.30311320754716975 0.067125
0 0.6186981132075472 0.30294791666666665 0.2806603773584906 0.06770833333333333
0 0.6365094339622642 0.348375 0.3037169811320755 0.07291666666666667
0 0.6281320754716981 0.4013333333333333 0.2974339622641509 0.06886458333333335
0 0.5883018867924529 0.45543750000000005 0.31001886792452843 0.07176041666666665
0 0.542188679245283 0.5104166666666666 0.3372830188679245 0.07407291666666656
0 0.47667924528301886 0.5729166666666666 0.34254716981132066 0.07754166666666672
0 0.44943396226415094 0.6400416666666667 0.3509245283018868 0.07060416666666663
0 0.44890566037735846 0.7091979166666668 0.3456981132075471 0.07117708333333325
0 0.4751132075471698 0.7803854166666666 0.3498679245283018 0.08622916666666663
0 0.5196415094339623 0.8570625 0.4033207547169811 0.09143749999999998
0 0.5891132075471699 0.9322916666666666 0.5211320754716982 0.10708333333333328