0 0.5013396226415094 0.8248125000000001 0.4278867924528301 0.08406250000000005
0 0.42213207547169806 0.7522708333333333 0.3799433962264151 0.0689270833333334
0 0.3891698113207547 0.6869583333333333 0.3578867924528303 0.08369791666666657
0 0.38507547169811324 0.62521875 0.3297547169811321 0.07037499999999994
0 0.4690377358490566 0.5715833333333333 0.312811320754717 0.07495833333333338
0 0.5643396226415095 0.5108229166666667 0.29635849056603764 0.07289583333333335
0 0.6371509433962265 0.4588229166666667 0.31694339622641515 0.06883333333333337
0 0.6679245283018868 0.3959375 0.30488679245283024 0.0590208333333333
0 0.672377358490566 0.34629166666666666 0.2739056603773584 0.05224999999999997
0 0.6212075471698113 0.29233333333333333 0.263320754716981 0.052291666666666715
0 0.5752264150943396 0.2491354166666667 0.25915094339622646 0.06367708333333333
0 0.44645283018867926 0.20425000000000001 0.22907547169811315 0.05235416666666666
0 0.42069811320754724 0.16421875 0.26933962264150946 0.05819791666666667
0 0.3834528301886792 0.11084374999999999 0.22677358490566038 0.04838541666666665
0 0.37628301886792453 0.06266666666666666 0.2323584905660377 0.04895833333333333
0 0.6143584905660378 0.9000208333333333 0.38083018867924534 0.07979166666666657
0 0.6455849056603774 0.9665520833333333 0.3544905660377358 0.06401041666666671