0 0.4825174825174825 0.22705078125 0.10839160839160839 0.0283203125
0 0.4766899766899767 0.251953125 0.10372960372960373 0.02734375
0 0.47785547785547783 0.28125 0.0944055944055944 0.03369140625
0 0.48484848484848486 0.30908203125 0.10139860139860139 0.03125
0 0.493006993006993 0.3369140625 0.10372960372960373 0.03369140625
0 0.5023310023310024 0.3662109375 0.10372960372960373 0.03466796875
0 0.506993006993007 0.3974609375 0.10606060606060606 0.0361328125
0 0.5128205128205128 0.427734375 0.10372960372960373 0.03271484375
0 0.5046620046620046 0.4580078125 0.11305361305361306 0.03466796875
0 0.4965034965034965 0.49267578125 0.12703962703962704 0.0390625
0 0.48484848484848486 0.52880859375 0.13986013986013987 0.04052734375
0 0.47202797202797203 0.56884765625 0.14335664335664336 0.04541015625
0 0.479020979020979 0.61083984375 0.1561771561771562 0.048828125
0 0.5046620046620046 0.65625 0.16666666666666666 0.0537109375
0 0.5372960372960373 0.701171875 0.17132867132867133 0.05126953125
0 0.5652680652680653 0.74072265625 0.20745920745920746 0.04052734375
0 0.4836829836829837 0.20263671875 0.11072261072261072 0.02783203125