0 0.46294736842105266 0.13496808510638297 0.12176842105263153 0.03236170212765959
0 0.4625263157894737 0.1622340425531915 0.10686315789473683 0.03635106382978725
0 0.4748 0.19237234042553192 0.1050947368421053 0.04521276595744681
0 0.4958526315789474 0.2200744680851064 0.11593684210526314 0.05008510638297871
0 0.5129684210526315 0.25132978723404253 0.1238315789473684 0.05496808510638294
0 0.5462947368421053 0.2797021276595745 0.15191578947368414 0.04698936170212761
0 0.5607578947368421 0.3087340425531915 0.1598105263157894 0.045659574468085065
0 0.5765473684210527 0.34330851063829787 0.15103157894736843 0.04476595744680856
0 0.5752421052631579 0.3787659574468085 0.15016842105263167 0.05186170212765957
0 0.5572421052631579 0.41156382978723405 0.13490526315789483 0.052744680851063874
0 0.5133894736842105 0.4443723404255319 0.13315789473684211 0.057180851063829786
0 0.4695368421052631 0.48071276595744683 0.14894736842105263 0.058957446808510595
0 0.43006315789473687 0.5175106382978724 0.15423157894736841 0.05452127659574468
0 0.39541052631578943 0.5605106382978723 0.1638736842105264 0.05806382978723396
0 0.3897052631578948 0.6015106382978723 0.15949473684210524 0.040776595744680774
0 0.3910526315789474 0.6382978723404256 0.17995789473684215 0.039010638297872414
0 0.4091157894736842 0.6837234042553192 0.22218947368421058 0.06398936170212775