0 0.48192452830188676 0.07465625000000001 0.21047169811320757 0.052083333333333336
0 0.47930188679245284 0.11892708333333334 0.21571698113207544 0.05497916666666667
0 0.48088679245283017 0.16030208333333332 0.21677358490566034 0.06018749999999997
0 0.5096981132075471 0.208625 0.22409433962264147 0.06770833333333333
0 0.5270188679245282 0.260125 0.2255283018867924 0.06308333333333334
0 0.5736603773584906 0.3075833333333333 0.25594339622641504 0.07117708333333338
0 0.6108679245283019 0.35301041666666666 0.2465094339622641 0.07176041666666665
0 0.6124150943396226 0.4056666666666667 0.2534150943396227 0.06712499999999993
0 0.5945849056603774 0.4589166666666667 0.26809433962264156 0.07176041666666665
0 0.5327924528301887 0.52025 0.2768867924528302 0.08912500000000007
0 0.441566037735849 0.5688645833333333 0.2660377358490566 0.0949062499999999
0 0.3792075471698113 0.6270208333333334 0.2985471698113207 0.08159374999999992
0 0.3718679245283019 0.6906874999999999 0.3090188679245284 0.08391666666666661
0 0.38811320754716977 0.76128125 0.3058867924528302 0.08969791666666656
0 0.472 0.8289895833333334 0.3041320754716981 0.109375
0 0.5410754716981132 0.8946666666666666 0.3601509433962264 0.10390625
0 0.4946415094339623 0.03984375 0.22343396226415085 0.05572916666666667