0 0.5280377358490567 0.09721874999999999 0.18322641509433965 0.05670833333333333
0 0.5049811320754717 0.13483333333333333 0.19369811320754712 0.049770833333333306
0 0.5028867924528302 0.17447916666666666 0.19369811320754712 0.053822916666666686
0 0.503943396226415 0.22019791666666666 0.20418867924528308 0.06191666666666666
0 0.5149433962264152 0.2714166666666667 0.19684905660377366 0.06712499999999993
0 0.5144150943396226 0.3261041666666667 0.20418867924528308 0.0642395833333333
0 0.509188679245283 0.37731250000000005 0.17692452830188676 0.06134374999999999
0 0.5102264150943396 0.42853125 0.1811320754716981 0.06770833333333333
0 0.49764150943396224 0.48466666666666663 0.18950943396226425 0.07002083333333337
0 0.49083018867924527 0.54571875 0.1989433962264152 0.07176041666666677
0 0.4866415094339623 0.6073541666666666 0.2199056603773584 0.0653958333333333
0 0.4834905660377358 0.6643541666666667 0.22411320754716976 0.07060416666666663
0 0.4761698113207547 0.72771875 0.22199999999999995 0.07581249999999998
0 0.47458490566037737 0.78559375 0.24820754716981133 0.07349999999999994
0 0.4918867924528302 0.84721875 0.24715094339622642 0.0763854166666666
0 0.49083018867924527 0.9126145833333333 0.3037547169811321 0.07060416666666663
0 0.5220377358490567 0.06129166666666667 0.16624528301886796 0.047208333333333324