0 0.4740566037735849 0.0515 0.25973584905660374 0.04629166666666666
0 0.4767169811320754 0.08940624999999999 0.22971698113207548 0.06655208333333335
0 0.46518867924528307 0.12673958333333332 0.2380943396226414 0.05670833333333333
0 0.43475471698113205 0.16319791666666666 0.23354716981132081 0.06481249999999997
0 0.4410566037735849 0.21325 0.2335471698113207 0.06770833333333333
0 0.45 0.2662083333333333 0.258 0.06018749999999997
0 0.47671698113207545 0.31655208333333335 0.27373584905660375 0.06712500000000006
0 0.4772452830188679 0.359375 0.31460377358490565 0.07291666666666667
0 0.47409433962264147 0.41261458333333334 0.31460377358490565 0.06829166666666661
0 0.4457924528301887 0.4667291666666667 0.29992452830188676 0.07117708333333338
0 0.4043962264150944 0.5188125 0.30933962264150944 0.08159375000000005
0 0.35771698113207545 0.5778333333333333 0.3268490566037735 0.0792812499999999
0 0.3037547169811321 0.6435208333333333 0.31743396226415094 0.07060416666666663
0 0.31213207547169813 0.71440625 0.3195283018867925 0.07581249999999998
0 0.36877358490566037 0.791375 0.3470754716981131 0.08854166666666667
0 0.4573396226415094 0.8634270833333333 0.3795849056603775 0.10416666666666667
0 0.5136415094339623 0.9342395833333333 0.39952830188679245 0.10727083333333336