0 0.5580110497237569 0.51123046875 0.2430939226519337 0.0283203125
0 0.5566298342541437 0.5458984375 0.22513812154696133 0.0283203125
0 0.5469613259668509 0.58251953125 0.21961325966850828 0.03076171875
0 0.5317679558011049 0.62109375 0.23342541436464087 0.0322265625
0 0.5165745856353591 0.65869140625 0.2361878453038674 0.033203125
0 0.5138121546961326 0.70263671875 0.2472375690607735 0.033203125
0 0.5593922651933702 0.48095703125 0.21961325966850828 0.025390625
0 0.5524861878453039 0.45068359375 0.20441988950276244 0.02294921875
0 0.5552486187845304 0.42529296875 0.20718232044198895 0.02392578125
0 0.5331491712707183 0.39697265625 0.2058011049723757 0.02197265625
0 0.511049723756906 0.3701171875 0.19060773480662985 0.02490234375
0 0.5013812154696132 0.345703125 0.20303867403314918 0.0263671875
0 0.4903314917127072 0.31884765625 0.18093922651933703 0.02197265625
0 0.494475138121547 0.291015625 0.16574585635359115 0.02490234375
0 0.4958563535911602 0.26806640625 0.19475138121546962 0.017578125
0 0.5 0.244140625 0.18646408839779005 0.021484375
0 0.5138121546961326 0.74169921875 0.21132596685082872 0.0400390625