0 0.4751132075471698 0.11516666666666667 0.23667924528301876 0.06365625000000001
0 0.47667924528301886 0.16116666666666665 0.25449056603773584 0.06076041666666665
0 0.4871698113207547 0.20110416666666667 0.30271698113207535 0.08391666666666667
0 0.5243962264150943 0.24970833333333334 0.23915094339622642 0.07117708333333332
0 0.581 0.29513541666666665 0.251754716981132 0.07176041666666665
0 0.6318301886792453 0.34404166666666663 0.25071698113207547 0.07349999999999994
0 0.6664150943396226 0.39091666666666663 0.2737735849056604 0.06308333333333328
0 0.6271132075471698 0.43894791666666666 0.3104528301886792 0.09316666666666672
0 0.6119245283018868 0.4994166666666667 0.36181132075471695 0.08217708333333332
0 0.5626603773584905 0.5488958333333334 0.3429245283018868 0.0792812499999999
0 0.49820754716981136 0.6134270833333333 0.32718867924528294 0.10301041666666677
0 0.437377358490566 0.68403125 0.2890943396226416 0.08680208333333325
0 0.40016981132075474 0.7508645833333334 0.2985471698113207 0.08507291666666675
0 0.3986037735849056 0.8261041666666666 0.3247358490566038 0.08391666666666661
0 0.4132641509433963 0.8969895833333333 0.33941509433962264 0.08333333333333333
0 0.4192830188679245 0.9575208333333334 0.3998490566037736 0.08310416666666663
0 0.5065660377358491 0.08403125 0.23762264150943407 0.0625