0 0.510548523206751 0.1376953125 0.13220815752461323 0.02734375
0 0.5035161744022504 0.16064453125 0.14486638537271448 0.02734375
0 0.5218002812939522 0.18896484375 0.15471167369901548 0.0263671875
0 0.540084388185654 0.21630859375 0.1518987341772152 0.02978515625
0 0.5907172995780591 0.2421875 0.1518987341772152 0.03076171875
0 0.639943741209564 0.2666015625 0.14486638537271448 0.02880859375
0 0.6905766526019691 0.28955078125 0.1518987341772152 0.033203125
0 0.7032348804500703 0.31884765625 0.1518987341772152 0.03076171875
0 0.7032348804500703 0.3505859375 0.1589310829817159 0.0322265625
0 0.679324894514768 0.3798828125 0.15471167369901548 0.033203125
0 0.6357243319268636 0.4072265625 0.1617440225035162 0.03466796875
0 0.5583684950773559 0.4287109375 0.17580872011251758 0.03564453125
0 0.4810126582278481 0.455078125 0.18565400843881857 0.0400390625
0 0.4022503516174402 0.4853515625 0.17580872011251758 0.04736328125
0 0.35864978902953587 0.52685546875 0.21518987341772153 0.044921875
0 0.34458509142053445 0.56982421875 0.2180028129395218 0.0380859375
0 0.37834036568213786 0.61328125 0.22644163150492264 0.04443359375