0 0.37220754716981136 0.85990625 0.2956037735849057 0.09292708333333337
0 0.3453396226415094 0.9397708333333333 0.29216981132075465 0.07210416666666669
0 0.41752830188679246 0.78375 0.2793018867924529 0.09686458333333334
0 0.5067358490566037 0.7217291666666666 0.2438679245283019 0.09780208333333344
0 0.5862075471698113 0.65875 0.2393018867924529 0.10379166666666677
0 0.7142830188679246 0.6045312500000001 0.20616981132075468 0.08911458333333329
0 0.7463018867924529 0.53184375 0.2450377358490566 0.08610416666666663
0 0.8096415094339623 0.48015625 0.22703773584905668 0.06952083333333334
0 0.8240754716981132 0.41315625 0.2496226415094339 0.07093750000000003
0 0.8197735849056604 0.35878125 0.26213207547169826 0.06288541666666667
0 0.7794528301886793 0.30013541666666665 0.20437735849056593 0.06018749999999997
0 0.731433962264151 0.26865625000000004 0.19981132075471694 0.07896875000000006
0 0.6851132075471699 0.2099375 0.20439622641509442 0.0638125
0 0.6187924528301887 0.17008333333333334 0.1860943396226415 0.07090624999999999
0 0.5883584905660377 0.12083333333333333 0.2121509433962263 0.05574999999999998
0 0.5725471698113207 0.035812500000000004 0.20471698113207548 0.040364583333333336
0 0.5737358490566038 0.08008333333333333 0.1929245283018868 0.048177083333333336