0 0.6360619469026548 0.6796875 0.16371681415929204 0.03857421875
0 0.6426991150442478 0.63818359375 0.19469026548672566 0.0361328125
0 0.6139380530973452 0.5908203125 0.19358407079646017 0.0341796875
0 0.5763274336283186 0.541015625 0.19911504424778761 0.0380859375
0 0.5663716814159292 0.5 0.17588495575221239 0.0302734375
0 0.5586283185840708 0.45947265625 0.1515486725663717 0.02978515625
0 0.5619469026548672 0.41943359375 0.14601769911504425 0.0322265625
0 0.5641592920353983 0.38623046875 0.16371681415929204 0.029296875
0 0.5486725663716814 0.353515625 0.18252212389380532 0.02587890625
0 0.543141592920354 0.32177734375 0.168141592920354 0.0283203125
0 0.5099557522123894 0.29541015625 0.14933628318584072 0.02490234375
0 0.4756637168141593 0.26611328125 0.1592920353982301 0.02587890625
0 0.42367256637168144 0.244140625 0.18915929203539822 0.02880859375
0 0.3971238938053097 0.21923828125 0.17809734513274336 0.02685546875
0 0.36836283185840707 0.1943359375 0.168141592920354 0.0224609375
0 0.3274336283185841 0.1689453125 0.17035398230088494 0.0205078125
0 0.6404867256637168 0.72119140625 0.1670353982300885 0.041015625