0 0.5846415094339623 0.06972916666666666 0.225132075471698 0.06655208333333332
0 0.562622641509434 0.10445833333333333 0.2251320754716982 0.06770833333333333
0 0.5390566037735849 0.14583333333333334 0.20941509433962266 0.06481250000000002
0 0.5096981132075471 0.19386458333333334 0.2450566037735849 0.057875
0 0.5091698113207548 0.24479166666666666 0.21675471698113208 0.0752291666666667
0 0.5275094339622641 0.3020833333333333 0.24715094339622642 0.06944791666666662
0 0.565811320754717 0.3521458333333333 0.2569811320754718 0.07581249999999998
0 0.6098301886792452 0.40190624999999996 0.3136037735849057 0.08969791666666668
0 0.6554150943396226 0.4583333333333333 0.3377169811320755 0.0798645833333333
0 0.6999622641509434 0.51128125 0.3010377358490565 0.07928125000000001
0 0.6978679245283019 0.57378125 0.3073207547169811 0.08275000000000006
0 0.6784716981132075 0.6455416666666667 0.3041886792452831 0.09316666666666672
0 0.5982641509433962 0.708625 0.27543396226415096 0.10242708333333325
0 0.5337924528301887 0.7821145833333334 0.322622641509434 0.11632291666666675
0 0.44943396226415094 0.859375 0.3278679245283019 0.1064791666666667
0 0.42199999999999993 0.9152083333333334 0.39294339622641505 0.08791666666666677
0 0.5945471698113208 0.03654166666666667 0.21100000000000008 0.05032291666666667