0 0.32216101694915256 0.8055405405405406 0.5541949152542374 0.056068796068796195
0 0.38716101694915256 0.7373095823095822 0.5538983050847459 0.05055282555282566
0 0.4468220338983051 0.6713390663390664 0.42885593220338986 0.04878378378378383
0 0.4961440677966102 0.617850122850123 0.4463135593220338 0.045786240786240766
0 0.4508898305084746 0.16492628992628994 0.3505932203389831 0.02761670761670764
0 0.44940677966101694 0.2018181818181818 0.3080084745762712 0.03328009828009825
0 0.47347457627118644 0.23852579852579853 0.27843220338983055 0.029914004914004942
0 0.4824152542372881 0.27825552825552824 0.2551694915254236 0.02714987714987718
0 0.5009322033898305 0.3168181818181818 0.27288135593220353 0.026621621621621572
0 0.5352542372881356 0.3539189189189189 0.28440677966101696 0.028918918918918873
0 0.563771186440678 0.39285012285012283 0.29436440677966114 0.035135135135135165
0 0.5719915254237289 0.43598280098280096 0.29288135593220344 0.029901719901719942
0 0.5792796610169492 0.47710073710073714 0.3185169491525424 0.03765356265356262
0 0.5719915254237289 0.5208230958230958 0.35851694915254245 0.04004914004914008
0 0.5300423728813559 0.5672235872235872 0.3535169491525424 0.044078624078624076
0 0.45347457627118637 0.13108108108108107 0.26161016949152543 0.029533169533169524
0 0.27661016949152545 0.8548402948402949 0.37377118644067786 0.04770270270270261