0 0.6629617834394904 0.08257804632426989 0.2755732484076434 0.04028197381671702
0 0.6629617834394904 0.11715005035246727 0.26707006369426756 0.040956696878147014
0 0.6619108280254777 0.15307150050352467 0.22675159235668788 0.04833836858006042
0 0.6459872611464968 0.19167170191339378 0.24162420382165606 0.0476636455186304
0 0.6120063694267516 0.22860020140986909 0.23735668789808925 0.054380664652567974
0 0.5727388535031848 0.2635146022155086 0.22675159235668788 0.057069486404833794
0 0.5281528662420383 0.3004330312185297 0.24375796178343956 0.06243705941591138
0 0.4623566878980892 0.3323262839879154 0.26499999999999996 0.06445115810674723
0 0.38592356687898094 0.36724068479355493 0.26076433121019105 0.06311178247734135
0 0.30525477707006365 0.3991238670694864 0.2777707006369426 0.0610976837865055
0 0.24050955414012737 0.4390735146022155 0.3181210191082803 0.06311178247734135
0 0.226687898089172 0.48774420946626384 0.2947452229299363 0.057069486404833794
0 0.2670382165605095 0.5317220543806647 0.32872611464968143 0.07116817724068486
0 0.34031847133757964 0.580735146022155 0.33152866242038215 0.0778751258811681
0 0.40506369426751593 0.6364551863041289 0.3676433121019108 0.08056394763343404
0 0.489968152866242 0.6938569989929506 0.3803821656050955 0.07988922457200395
0 0.5876433121019109 0.7442094662638469 0.3888853503184714 0.08257804632426989