0 0.3057358490566038 0.06858333333333334 0.2631698113207546 0.041312499999999995
0 0.3371698113207547 0.10493749999999999 0.2601698113207547 0.046270833333333324
0 0.4299433962264151 0.14748958333333334 0.2751132075471697 0.05536458333333331
0 0.4987735849056604 0.18426041666666665 0.31100000000000005 0.059489583333333346
0 0.5332075471698113 0.23094791666666667 0.31399999999999995 0.052052083333333304
0 0.5429245283018868 0.27515625 0.28256603773584904 0.0628020833333333
0 0.5287169811320755 0.3247291666666667 0.30501886792452826 0.054531250000000024
0 0.5234716981132076 0.35778125000000005 0.3334528301886793 0.0661041666666667
0 0.48605660377358495 0.40942708333333333 0.3274716981132074 0.08014583333333328
0 0.4179622641509434 0.47759375 0.3409622641509434 0.07602083333333336
0 0.35735849056603775 0.5432812499999999 0.35443396226415086 0.07684374999999997
0 0.34088679245283016 0.6118645833333333 0.3753962264150943 0.07354166666666657
0 0.33341509433962263 0.6668125 0.384377358490566 0.06776041666666661
0 0.35511320754716985 0.7263020833333333 0.39783018867924524 0.08428125000000009
0 0.4239433962264151 0.7965416666666666 0.4516981132075471 0.0859375
0 0.4942830188679246 0.8436354166666666 0.394811320754717 0.07106250000000003
0 0.5676037735849057 0.91428125 0.39779245283018877 0.0818020833333333