0 0.4509811320754717 0.9370104166666666 0.4125660377358491 0.07447916666666667
0 0.45754716981132076 0.8769583333333333 0.3593584905660378 0.0714687499999999
0 0.4571320754716981 0.8225833333333333 0.3144716981132076 0.06340624999999989
0 0.4752830188679245 0.7577916666666666 0.30675471698113205 0.0761875000000001
0 0.5077358490566038 0.7101979166666667 0.3276415094339622 0.060875000000000054
0 0.4745660377358491 0.6656875 0.27388679245283026 0.05518750000000002
0 0.46084905660377357 0.6016875 0.28416981132075475 0.06954166666666665
0 0.4505471698113208 0.5456562500000001 0.27616981132075474 0.06163541666666674
0 0.4331132075471698 0.48196875 0.25386792452830204 0.06273958333333335
0 0.42109433962264153 0.42412500000000003 0.2550188679245282 0.061624999999999965
0 0.42009433962264153 0.376375 0.23413207547169806 0.052937500000000054
0 0.42467924528301887 0.3242083333333333 0.23071698113207553 0.05625
0 0.4142452830188679 0.272125 0.22869811320754724 0.05623958333333334
0 0.41237735849056606 0.22177083333333333 0.23243396226415083 0.0590833333333333
0 0.41852830188679246 0.16944791666666664 0.23728301886792452 0.06270833333333332
0 0.4291132075471698 0.1183125 0.2332830188679245 0.057645833333333334
0 0.4411132075471698 0.07892708333333333 0.23213207547169817 0.04485416666666667