0 0.5419056603773584 0.06703125 0.23439622641509436 0.04826041666666665
0 0.5152075471698113 0.09607291666666667 0.2263207547169812 0.05809375000000001
0 0.4876792452830189 0.13227083333333334 0.20690566037735844 0.05719791666666666
0 0.4852641509433962 0.17784375 0.198811320754717 0.05540625
0 0.4860754716981132 0.22834375 0.21013207547169813 0.06345833333333335
0 0.4706981132075472 0.2748125 0.21499999999999997 0.06523958333333332
0 0.4383207547169811 0.3203958333333333 0.22147169811320755 0.0634583333333333
0 0.409188679245283 0.37 0.23443396226415095 0.06970833333333329
0 0.3476792452830189 0.4142395833333333 0.25064150943396224 0.07239583333333334
0 0.2926415094339623 0.46696875000000004 0.2571320754716982 0.07774999999999999
0 0.2513584905660377 0.5134375 0.27816981132075475 0.07775000000000011
0 0.2554150943396227 0.5826979166666667 0.3413018867924528 0.08401041666666677
0 0.2845471698113208 0.639 0.33158490566037735 0.08579166666666656
0 0.39218867924528306 0.6827916666666667 0.3364150943396226 0.1018854166666666
0 0.5257169811320754 0.7332916666666667 0.3023962264150943 0.09026041666666676
0 0.6034150943396226 0.7824479166666667 0.3573962264150943 0.08490624999999999
0 0.6657169811320754 0.8490208333333332 0.3525283018867925 0.08579166666666656