0 0.4499622641509433 0.06857291666666666 0.21152830188679247 0.048031249999999984
0 0.45152830188679244 0.11429166666666667 0.2063018867924529 0.06076041666666665
0 0.46777358490566034 0.15451041666666668 0.20105660377358492 0.06481249999999997
0 0.4719622641509434 0.208625 0.21152830188679247 0.06423958333333335
0 0.4819245283018867 0.25376041666666665 0.2398301886792453 0.06886458333333335
0 0.4751132075471698 0.30815624999999996 0.24926415094339624 0.07465624999999995
0 0.48035849056603774 0.3613958333333333 0.22200000000000006 0.07002083333333337
0 0.4593962264150943 0.4186875 0.2387735849056604 0.06770833333333333
0 0.429 0.4736666666666667 0.24088679245283012 0.07349999999999994
0 0.37449056603773584 0.5309583333333333 0.25767924528301883 0.0792812499999999
0 0.34515094339622643 0.59028125 0.29122641509433966 0.06944791666666675
0 0.3425283018867924 0.6542291666666666 0.29435849056603774 0.07581249999999998
0 0.36718867924528303 0.7167291666666666 0.28522641509433955 0.0920104166666666
0 0.44422641509433963 0.7803854166666666 0.2967735849056603 0.0966458333333333
0 0.5223207547169811 0.8411458333333334 0.32930188679245276 0.09433333333333328
0 0.5720943396226414 0.9143541666666667 0.34083018867924525 0.0949062499999999
0 0.442 0.03121875 0.2219056603773585 0.043958333333333335