0 0.4708276797829037 0.35546875 0.11668928086838534 0.03125
0 0.47489823609226595 0.388671875 0.12075983717774763 0.029296875
0 0.4789687924016282 0.41748046875 0.11940298507462686 0.03125
0 0.4843962008141113 0.4453125 0.12618724559023067 0.029296875
0 0.4694708276797829 0.47705078125 0.11940298507462686 0.03173828125
0 0.4654002713704206 0.5126953125 0.13568521031207598 0.0361328125
0 0.44776119402985076 0.54541015625 0.1614654002713704 0.0419921875
0 0.451831750339213 0.58837890625 0.15332428765264586 0.0439453125
0 0.4450474898236092 0.63232421875 0.1587516960651289 0.0439453125
0 0.45454545454545453 0.67724609375 0.1723202170963365 0.04541015625
0 0.4735413839891452 0.72216796875 0.20081411126187246 0.048828125
0 0.5128900949796472 0.7666015625 0.21438263229308005 0.03759765625
0 0.5183175033921302 0.80322265625 0.20352781546811397 0.0419921875
0 0.46675712347354137 0.330078125 0.10040705563093623 0.029296875
0 0.46404341926729986 0.302734375 0.10040705563093623 0.02685546875
0 0.45454545454545453 0.27978515625 0.11804613297150611 0.02392578125
0 0.5183175033921302 0.84130859375 0.19402985074626866 0.029296875