0 0.5701132075471699 0.8990104166666666 0.41169811320754707 0.060249999999999915
0 0.5145849056603774 0.8382291666666667 0.37613207547169814 0.07505208333333328
0 0.4837169811320755 0.7666875 0.3349622641509433 0.06832291666666658
0 0.48652830188679247 0.7002708333333333 0.3543018867924528 0.07373958333333329
0 0.5013396226415094 0.6350520833333333 0.3153207547169811 0.06641666666666665
0 0.5176981132075471 0.5769375 0.313754716981132 0.06383333333333331
0 0.5391509433962264 0.5189583333333333 0.30518867924528303 0.05581250000000004
0 0.5452264150943397 0.46058333333333334 0.28990566037735843 0.06407291666666666
0 0.517 0.35051041666666666 0.2746226415094339 0.04658333333333336
0 0.5332264150943397 0.4066458333333333 0.3139056603773585 0.05657291666666661
0 0.49658490566037733 0.30033333333333334 0.2474716981132075 0.05607291666666671
0 0.4867547169811321 0.24540625 0.21411320754716984 0.052281249999999994
0 0.47132075471698115 0.19879166666666667 0.21067924528301882 0.05941666666666669
0 0.4360754716981132 0.15294791666666668 0.21566037735849047 0.05295833333333331
0 0.402 0.11221875 0.21207547169811317 0.053468750000000016
0 0.37066037735849056 0.07430208333333334 0.23920754716981127 0.04151041666666666
0 0.3473396226415094 0.036458333333333336 0.2212830188679246 0.044270833333333336