0 0.4965202702702703 0.2188457807953443 0.11015202702702709 0.02982541222114452
0 0.4977871621621622 0.23545101842871 0.10422297297297305 0.029097963142580018
0 0.49758445945945945 0.260552861299709 0.09537162162162169 0.03225024248302619
0 0.5041216216216217 0.28467507274490783 0.10675675675675683 0.030552861299709022
0 0.5104560810810811 0.3128031037827352 0.11604729729729737 0.03540252182347236
0 0.5096114864864865 0.33608147429679924 0.10675675675675683 0.028128031037827354
0 0.5066554054054054 0.3628806983511154 0.12027027027027035 0.03758486905916586
0 0.5129898648648649 0.39500484966052374 0.1295608108108109 0.041707080504364696
0 0.5134121621621621 0.42786614936954415 0.13209459459459466 0.040979631425800196
0 0.523125 0.4626576139670223 0.12364864864864873 0.05140640155189137
0 0.5347466216216216 0.5069156159068865 0.13927364864864872 0.05795344325897187
0 0.5645101351351351 0.5458292919495635 0.13547297297297306 0.0431619786614937
0 0.5638682432432433 0.5796605237633365 0.13505067567567575 0.0453443258971872
0 0.5541554054054054 0.6166343355965083 0.14856418918918926 0.03831231813773036
0 0.5423310810810811 0.6538603297769157 0.15532094594594603 0.04485935984481086
0 0.5208108108108108 0.683074684772066 0.15447635135135143 0.041707080504364696
0 0.522043918918919 0.7240834141610087 0.15537162162162166 0.058166828322017486