0 0.4980694980694981 0.06396484375 0.21106821106821108 0.0439453125
0 0.5122265122265123 0.10400390625 0.23680823680823682 0.056640625
0 0.5148005148005148 0.14208984375 0.2072072072072072 0.06005859375
0 0.5572715572715573 0.18359375 0.2072072072072072 0.06201171875
0 0.6036036036036037 0.21142578125 0.22007722007722008 0.06591796875
0 0.7207207207207207 0.240234375 0.23680823680823682 0.08544921875
0 0.7837837837837838 0.2646484375 0.24066924066924067 0.07421875
0 0.8095238095238095 0.31103515625 0.2471042471042471 0.0625
0 0.8018018018018018 0.36865234375 0.23294723294723294 0.06640625
0 0.7734877734877735 0.4130859375 0.2471042471042471 0.07373046875
0 0.7027027027027027 0.45556640625 0.23166023166023167 0.0703125
0 0.5945945945945946 0.49951171875 0.22393822393822393 0.07666015625
0 0.49034749034749037 0.55029296875 0.2651222651222651 0.09375
0 0.4195624195624196 0.61181640625 0.26383526383526384 0.0830078125
0 0.4015444015444015 0.6826171875 0.28314028314028317 0.07421875
0 0.40283140283140284 0.7568359375 0.28957528957528955 0.08203125
0 0.44272844272844275 0.8173828125 0.3178893178893179 0.0615234375