0 0.5227924528301886 0.82984375 0.2549811320754717 0.08448958333333323
0 0.517377358490566 0.7487395833333333 0.24415094339622637 0.07356249999999989
0 0.48975471698113204 0.6678645833333333 0.24435849056603773 0.06847916666666667
0 0.473811320754717 0.5990208333333332 0.26141509433962257 0.0586666666666666
0 0.49401886792452826 0.5428541666666666 0.2398301886792453 0.05077083333333334
0 0.49630188679245285 0.4849375 0.25418867924528304 0.048395833333333374
0 0.49350943396226415 0.43011458333333336 0.24533962264150938 0.048624999999999946
0 0.5081509433962264 0.3818645833333333 0.26601886792452833 0.0495729166666667
0 0.5181698113207547 0.334125 0.266433962264151 0.048072916666666646
0 0.5172641509433962 0.28389583333333335 0.2569811320754718 0.0566770833333333
0 0.5055660377358491 0.22739583333333335 0.2753584905660376 0.04506249999999999
0 0.5034905660377359 0.17472916666666669 0.24213207547169818 0.05127083333333336
0 0.5188490566037736 0.13161458333333334 0.23732075471698108 0.047718750000000004
0 0.5072641509433963 0.07904166666666666 0.22720754716981123 0.05063541666666668
0 0.5031320754716981 0.03307291666666667 0.22871698113207553 0.032531250000000005
0 0.527245283018868 0.9137291666666666 0.2331698113207548 0.07098958333333343
0 0.5513207547169812 0.9678854166666666 0.237132075471698 0.05514583333333339