0 0.4542452830188679 0.07284375000000001 0.18988679245283016 0.04075
0 0.4486792452830189 0.11583333333333333 0.1909056603773584 0.05972916666666667
0 0.4441320754716981 0.16048958333333332 0.18383018867924542 0.05526041666666668
0 0.477 0.20067708333333334 0.1767358490566037 0.05191666666666664
0 0.5093396226415094 0.24170833333333333 0.19696226415094337 0.05135416666666668
0 0.5502830188679245 0.2821770833333333 0.1979622641509433 0.06084374999999997
0 0.5811320754716981 0.32766666666666666 0.20501886792452825 0.05693749999999997
0 0.5821320754716981 0.374 0.19288679245283022 0.05470833333333332
0 0.5624150943396226 0.42061458333333335 0.21211320754716972 0.06084374999999997
0 0.5452264150943397 0.46861458333333333 0.2161509433962263 0.06195833333333335
0 0.4956981132075472 0.5166249999999999 0.2343584905660378 0.07312500000000005
0 0.4618301886792453 0.5682604166666666 0.2657169811320754 0.07144791666666658
0 0.4269433962264151 0.6279895833333333 0.27279245283018866 0.07144791666666658
0 0.4370566037735849 0.6974791666666668 0.2808867924528302 0.07312500000000005
0 0.46233962264150946 0.7700520833333333 0.2808679245283019 0.06307291666666662
0 0.5300566037735849 0.8322916666666667 0.2828867924528301 0.09042708333333328
0 0.5654528301886792 0.9043020833333333 0.3071320754716981 0.08708333333333323