0 0.5482885085574573 0.24518119490695398 0.12779951100244494 0.03591576885406466
0 0.534841075794621 0.267384916748286 0.13185819070904647 0.028080313418217394
0 0.5291442542787286 0.29072477962781584 0.11393643031784846 0.034280117531831536
0 0.5152811735941321 0.31733594515181196 0.12371638141809296 0.031998041136141
0 0.495721271393643 0.3388834476003918 0.10090464547677257 0.030039177277179197
0 0.4802444987775061 0.36287952987267386 0.10904645476772622 0.03166503428011757
0 0.470880195599022 0.3881782566111655 0.11965770171149144 0.03787463271302641
0 0.47413202933985327 0.4160920666013712 0.12454767726161368 0.03362389813907937
0 0.5079706601466992 0.4387855044074437 0.1305378973105134 0.043095004897159644
0 0.5597066014669926 0.4582076395690499 0.15418092909535452 0.04995102840352596
0 0.6114669926650367 0.4745347698334966 0.15173594132029342 0.04603330068560235
0 0.6721760391198044 0.4938001958863859 0.16398533007334976 0.049294809010773794
0 0.7027383863080685 0.522203721841332 0.18435207823960875 0.04407443682664055
0 0.7104889975550122 0.559745347698335 0.16723716381418088 0.04929480901077368
0 0.6835696821515892 0.5928795298726739 0.15709046454767725 0.062027424094025396
0 0.6230317848410758 0.6288344760039177 0.1738875305623472 0.05556317335945154
0 0.5919070904645477 0.6566993143976494 0.194841075794621 0.041194906953966645