0 0.5538461538461539 0.2919921875 0.19615384615384615 0.03369140625
0 0.5596153846153846 0.3232421875 0.175 0.02880859375
0 0.5634615384615385 0.3515625 0.18269230769230768 0.0263671875
0 0.5615384615384615 0.37939453125 0.17884615384615385 0.0322265625
0 0.5653846153846154 0.408203125 0.1673076923076923 0.03466796875
0 0.5615384615384615 0.43798828125 0.2173076923076923 0.0322265625
0 0.5576923076923077 0.4716796875 0.17884615384615385 0.03662109375
0 0.5615384615384615 0.50341796875 0.20384615384615384 0.0341796875
0 0.5826923076923077 0.5400390625 0.22692307692307692 0.03955078125
0 0.6288461538461538 0.57568359375 0.2326923076923077 0.04248046875
0 0.6673076923076923 0.61767578125 0.24423076923076922 0.0478515625
0 0.6596153846153846 0.66162109375 0.2692307692307692 0.0517578125
0 0.6423076923076924 0.7109375 0.25384615384615383 0.0537109375
0 0.551923076923077 0.74267578125 0.3 0.03662109375
0 0.46923076923076923 0.77685546875 0.2903846153846154 0.04833984375
0 0.5596153846153846 0.26416015625 0.16153846153846155 0.0283203125
0 0.5615384615384615 0.23681640625 0.1673076923076923 0.0263671875