0 0.4672452830188679 0.08564583333333334 0.22096226415094342 0.06365625000000001
0 0.44681132075471697 0.13396875000000003 0.2199245283018869 0.05613541666666665
0 0.43528301886792453 0.171875 0.21154716981132077 0.06018749999999997
0 0.43371698113207546 0.2219375 0.2335471698113207 0.057291666666666664
0 0.4295283018867924 0.2633125 0.2188679245283019 0.06481249999999997
0 0.4269056603773585 0.3098958333333333 0.22830188679245284 0.06076041666666671
0 0.4096037735849057 0.3613958333333333 0.23354716981132081 0.0642395833333333
0 0.36664150943396223 0.41030208333333335 0.2398490566037736 0.06481250000000002
0 0.32366037735849057 0.4609375 0.2713018867924529 0.078125
0 0.27177358490566034 0.5138854166666665 0.2660754716981133 0.07291666666666667
0 0.244 0.5798645833333332 0.281811320754717 0.07870833333333328
0 0.25396226415094336 0.6501770833333332 0.27656603773584904 0.0792812499999999
0 0.31266037735849056 0.71875 0.30169811320754725 0.09721874999999992
0 0.4300754716981132 0.78675 0.3313584905660377 0.11168750000000002
0 0.5553207547169812 0.8463541666666666 0.3198679245283018 0.12094791666666656
0 0.4916792452830188 0.047635416666666666 0.22054716981132072 0.06647916666666667
0 0.598433962264151 0.9006666666666666 0.3577358490566038 0.11117708333333336