0 0.7662264150943396 0.7638020833333333 0.2823018867924528 0.07923958333333327
0 0.8039056603773584 0.69153125 0.2577547169811321 0.07176041666666677
0 0.7766037735849057 0.61640625 0.24588679245283007 0.06655208333333344
0 0.7176415094339623 0.5507083333333332 0.22347169811320766 0.06810416666666655
0 0.6380188679245282 0.4985104166666667 0.235811320754717 0.06492708333333337
0 0.5509999999999999 0.456625 0.2239433962264152 0.06808333333333334
0 0.4611132075471698 0.41726041666666663 0.23194339622641522 0.0662083333333334
0 0.4301509433962264 0.37135416666666665 0.2520377358490566 0.06031249999999998
0 0.37054716981132074 0.32314583333333335 0.207377358490566 0.05710416666666672
0 0.33473584905660375 0.27691666666666664 0.18009433962264149 0.05036458333333336
0 0.31881132075471696 0.23204166666666665 0.19262264150943392 0.0504270833333333
0 0.31743396226415094 0.1803125 0.16401886792452833 0.057187499999999974
0 0.32543396226415094 0.13320833333333332 0.16518867924528305 0.05073958333333331
0 0.33799999999999997 0.08904166666666667 0.20860377358490567 0.05496875000000001
0 0.3345094339622641 0.039552083333333335 0.22467924528301883 0.04712500000000001
0 0.7033962264150944 0.8447916666666667 0.23707547169811316 0.0959166666666666
0 0.584 0.90578125 0.236245283018868 0.09410416666666659