0 0.3675849056603773 0.74971875 0.2880943396226414 0.0639895833333334
0 0.2821509433962264 0.68296875 0.2299245283018868 0.0700104166666667
0 0.24960377358490565 0.6167395833333333 0.22613207547169806 0.07298958333333326
0 0.3130188679245283 0.55496875 0.32652830188679244 0.07509374999999992
0 0.33764150943396226 0.49713541666666666 0.27492452830188685 0.07679166666666669
0 0.3955471698113207 0.4471979166666667 0.23554716981132082 0.06171875
0 0.42703773584905663 0.3970208333333333 0.22015094339622643 0.0652708333333333
0 0.4609811320754717 0.34756250000000005 0.23284905660377353 0.06156250000000003
0 0.45956603773584903 0.2962604166666667 0.2103207547169812 0.04929166666666672
0 0.48254716981132073 0.24865625 0.21358490566037744 0.051093750000000014
0 0.48266037735849054 0.20536458333333335 0.18605660377358493 0.05
0 0.49288679245283024 0.16047916666666667 0.18243396226415104 0.048374999999999994
0 0.49577358490566037 0.11443749999999998 0.19867924528301878 0.04758333333333334
0 0.5086792452830189 0.07052083333333334 0.19133962264150936 0.03657291666666665
0 0.4545660377358491 0.8174583333333333 0.2667358490566038 0.06003125000000011
0 0.5138867924528302 0.8755000000000001 0.27303773584905666 0.06027083333333323
0 0.5082264150943396 0.026791666666666665 0.17705660377358495 0.039677083333333335