0 0.4769475357710652 0.0224609375 0.12480127186009539 0.04443359375
0 0.47217806041335453 0.06640625 0.11844197138314785 0.04833984375
0 0.46025437201907793 0.1142578125 0.11446740858505565 0.046875
0 0.46025437201907793 0.16357421875 0.1343402225755167 0.046875
0 0.48330683624801274 0.212890625 0.13672496025437203 0.05078125
0 0.519872813990461 0.25634765625 0.1327503974562798 0.05078125
0 0.5540540540540541 0.30078125 0.14467408585055644 0.0556640625
0 0.5715421303656598 0.353515625 0.151033386327504 0.05908203125
0 0.5826709062003179 0.40576171875 0.14864864864864866 0.05419921875
0 0.5794912559618441 0.4521484375 0.14705882352941177 0.05322265625
0 0.5620031796502385 0.4931640625 0.16057233704292528 0.0556640625
0 0.5381558028616852 0.544921875 0.16057233704292528 0.056640625
0 0.5174880763116058 0.583984375 0.16454689984101747 0.060546875
0 0.49920508744038156 0.630859375 0.17726550079491257 0.0654296875
0 0.48330683624801274 0.69873046875 0.18124006359300476 0.06689453125
0 0.465818759936407 0.75390625 0.18680445151033387 0.0556640625
0 0.4546899841017488 0.79443359375 0.16136724960254373 0.0517578125