0 0.49815 0.8042453854505972 0.44215000000000004 0.058946796959826235
0 0.40795000000000003 0.7730293159609121 0.4242 0.05777415852334423
0 0.35810000000000003 0.7065255157437568 0.48505 0.06669923995656901
0 0.41165 0.6503040173724213 0.3922 0.06747014115092302
0 0.52595 0.6002823018458198 0.41360000000000013 0.07134636264929428
0 0.6437999999999999 0.5552985884907709 0.385 0.06048859934853424
0 0.73665 0.5095439739413681 0.3992499999999998 0.06669923995656889
0 0.7866 0.4676547231270358 0.3563999999999999 0.04653637350705756
0 0.75625 0.4238436482084691 0.3385499999999999 0.051965255157437586
0 0.7027500000000001 0.3901085776330076 0.3613499999999999 0.055841476655808846
0 0.63845 0.3521064060803475 0.37565 0.04653637350705756
0 0.5670499999999999 0.31371335504885994 0.28995000000000004 0.05041259500542883
0 0.56525 0.27376764386536373 0.3435000000000001 0.048089033659066194
0 0.52595 0.23847991313789357 0.3363499999999999 0.048859934853420196
0 0.4617 0.20163952225841478 0.28635000000000005 0.04498371335504887
0 0.48135 0.16713355048859935 0.29705 0.038002171552660155
0 0.4269 0.1276872964169381 0.28769999999999996 0.04576547231270356