0 0.5243773584905661 0.08998958333333333 0.20732075471698114 0.046875
0 0.49660377358490565 0.12905208333333332 0.19788679245283017 0.052083333333333336
0 0.45783018867924524 0.1695625 0.1811320754716981 0.06134374999999999
0 0.46726415094339624 0.21933333333333332 0.1937169811320755 0.0625
0 0.4583396226415094 0.2630208333333333 0.19475471698113203 0.06308333333333328
0 0.4588679245283019 0.30294791666666665 0.2251509433962265 0.07233333333333328
0 0.4651509433962264 0.35069791666666666 0.24820754716981133 0.0625
0 0.46986792452830195 0.40654166666666663 0.26813207547169815 0.0642395833333333
0 0.4541509433962264 0.45862499999999995 0.24716981132075472 0.061916666666666724
0 0.4478679245283019 0.5078125 0.24296226415094335 0.07233333333333339
0 0.43424528301886794 0.56596875 0.2513584905660377 0.06481250000000002
0 0.41747169811320756 0.6278958333333333 0.2513773584905661 0.07291666666666667
0 0.41328301886792446 0.6921250000000001 0.23250943396226417 0.06944791666666675
0 0.44581132075471697 0.7604166666666666 0.2894528301886793 0.07060416666666663
0 0.5092075471698113 0.82146875 0.2946981132075473 0.08854166666666667
0 0.5427547169811321 0.896125 0.3030943396226415 0.08507291666666675
0 0.5191698113207548 0.05717708333333334 0.18399999999999997 0.04481250000000001