0 0.4406792452830189 0.8288125 0.2501509433962265 0.08251041666666671
0 0.4706981132075472 0.7485520833333333 0.24730188679245282 0.08202083333333335
0 0.5061509433962263 0.6851875 0.2678867924528302 0.06986458333333327
0 0.5744905660377359 0.6286041666666667 0.22843396226415083 0.08516666666666665
0 0.6399622641509434 0.5652291666666667 0.24616981132075477 0.07301041666666658
0 0.7117169811320755 0.5148020833333333 0.2513396226415095 0.07284374999999994
0 0.7435849056603774 0.45568749999999997 0.23332075471698108 0.05531250000000002
0 0.7546037735849056 0.40778125000000004 0.21132075471698114 0.053260416666666664
0 0.7395660377358491 0.3632708333333333 0.2275471698113208 0.047572916666666624
0 0.6994150943396227 0.3085833333333333 0.1757924528301886 0.0527708333333333
0 0.6413773584905661 0.27126041666666667 0.19124528301886795 0.05797916666666663
0 0.6186415094339622 0.22682291666666668 0.1800943396226416 0.04897916666666665
0 0.5813396226415095 0.18949999999999997 0.18552830188679253 0.05418749999999998
0 0.5296037735849056 0.13828125 0.16383018867924537 0.05243750000000003
0 0.5187358490566037 0.10363541666666666 0.17983018867924538 0.049124999999999995
0 0.43039622641509434 0.9024479166666667 0.3050377358490565 0.07730208333333337
0 0.515943396226415 0.06770833333333333 0.19058490566037734 0.041666666666666664