0 0.4627169811320755 0.039531250000000004 0.21450943396226427 0.04984374999999999
0 0.45649056603773586 0.07089583333333334 0.21450943396226405 0.05069791666666668
0 0.4502641509433962 0.10784375 0.20518867924528303 0.04726041666666667
0 0.4611509433962264 0.15038541666666666 0.21762264150943392 0.04640625000000001
0 0.47283018867924526 0.18819791666666666 0.21918867924528304 0.053281249999999974
0 0.5171698113207548 0.23675 0.23318867924528308 0.05929166666666668
0 0.5708679245283019 0.2844375 0.259622641509434 0.058437500000000024
0 0.6043396226415094 0.3338541666666667 0.28296226415094344 0.06616666666666665
0 0.6128867924528302 0.384125 0.2720566037735848 0.06359374999999995
0 0.5950000000000001 0.43997916666666664 0.26428301886792444 0.06187499999999998
0 0.5677547169811321 0.49024999999999996 0.24716981132075472 0.06444791666666667
0 0.5257358490566038 0.5358020833333333 0.28452830188679235 0.06616666666666665
0 0.474377358490566 0.6109895833333333 0.27209433962264146 0.0756249999999999
0 0.43469811320754714 0.68403125 0.27366037735849047 0.07218749999999995
0 0.4307924528301887 0.75621875 0.29390566037735844 0.08078124999999996
0 0.436245283018868 0.8326979166666667 0.29856603773584905 0.08078124999999996
0 0.45492452830188684 0.9005833333333333 0.3514716981132075 0.0859375