0 0.5990754716981131 0.8712708333333333 0.26503773584905665 0.06704166666666657
0 0.5924905660377359 0.8034791666666667 0.28962264150943395 0.06687500000000005
0 0.5829245283018868 0.7340312499999999 0.31449056603773573 0.06687500000000005
0 0.5291698113207547 0.6656145833333333 0.24473584905660384 0.05850000000000009
0 0.5153018867924528 0.6184166666666666 0.2610188679245284 0.06133333333333345
0 0.48684905660377353 0.558125 0.26073584905660385 0.05880208333333338
0 0.4542641509433962 0.49964583333333334 0.24586792452830178 0.049479166666666664
0 0.4368301886792452 0.44171875 0.22356603773584907 0.051687500000000004
0 0.4296792452830189 0.39373958333333337 0.20926415094339626 0.052937500000000054
0 0.4086603773584906 0.34962499999999996 0.21126415094339618 0.05593750000000005
0 0.40722641509433966 0.300375 0.2084150943396226 0.05025000000000001
0 0.4139433962264151 0.25507291666666665 0.177811320754717 0.04297916666666666
0 0.42724528301886794 0.20938541666666666 0.18552830188679253 0.05229166666666665
0 0.43567924528301893 0.16573958333333336 0.14579245283018866 0.044864583333333326
0 0.4441132075471698 0.12841666666666668 0.16896226415094331 0.05007291666666666
0 0.4488301886792453 0.08303124999999999 0.15952830188679237 0.046125
0 0.4526792452830189 0.04317708333333334 0.1632452830188679 0.05321875