0 0.49135849056603775 0.10503124999999999 0.2314339622641509 0.05497916666666667
0 0.48139622641509433 0.14902083333333332 0.2199056603773584 0.053822916666666686
0 0.4672641509433962 0.1851875 0.2188679245283019 0.06134374999999999
0 0.49715094339622645 0.23466666666666663 0.2622075471698114 0.06770833333333333
0 0.5092075471698113 0.28356250000000005 0.28841509433962265 0.0798645833333333
0 0.5485094339622641 0.33622916666666663 0.314622641509434 0.07407291666666668
0 0.575754716981132 0.38512500000000005 0.30624528301886783 0.06770833333333333
0 0.5920188679245283 0.43200000000000005 0.3303584905660378 0.0653958333333333
0 0.5689056603773585 0.4927708333333333 0.30058490566037727 0.07117708333333338
0 0.5568490566037736 0.5538229166666666 0.3016415094339623 0.06829166666666661
0 0.5280377358490567 0.6111145833333332 0.26915094339622636 0.07060416666666663
0 0.5348490566037737 0.6689791666666667 0.2974528301886792 0.06712500000000006
0 0.5469056603773585 0.7303229166666667 0.3089811320754717 0.06712500000000006
0 0.5563396226415095 0.7922499999999999 0.3068867924528301 0.0763854166666666
0 0.5752075471698114 0.86284375 0.30686792452830186 0.07407291666666656
0 0.5666037735849057 0.9295520833333334 0.3252075471698114 0.08864583333333324
0 0.5043396226415094 0.08029166666666666 0.21145283018867933 0.044124999999999984