0 0.5249622641509434 0.07217708333333334 0.1908679245283018 0.058031250000000006
0 0.46432075471698114 0.10490624999999999 0.2097358490566038 0.058031250000000006
0 0.4602830188679245 0.15402083333333336 0.1962641509433962 0.05803124999999998
0 0.5074528301886793 0.19940625 0.20973584905660372 0.05357291666666667
0 0.569433962264151 0.24851041666666665 0.21511320754716978 0.053572916666666616
0 0.6017735849056604 0.29464583333333333 0.23666037735849046 0.0684479166666667
0 0.6193018867924529 0.3467291666666667 0.22856603773584902 0.07142708333333327
0 0.6152641509433961 0.40030208333333334 0.21509433962264152 0.06547916666666669
0 0.5977358490566038 0.4538645833333333 0.2339622641509434 0.07440624999999995
0 0.5761698113207547 0.51115625 0.22318867924528296 0.06993749999999999
0 0.5478867924528302 0.5699375 0.22050943396226416 0.0625
0 0.5465283018867925 0.625 0.2285849056603773 0.07142708333333327
0 0.5263207547169811 0.6822916666666666 0.25284905660377355 0.07589583333333323
0 0.5168867924528302 0.7403229166666667 0.2501509433962265 0.07886458333333338
0 0.5182264150943396 0.8229166666666666 0.26362264150943404 0.08333333333333333
0 0.5182264150943396 0.8764895833333333 0.2744150943396225 0.0625
0 0.5087924528301887 0.9375 0.2986603773584905 0.07142708333333327