0 0.5441320754716981 0.8164791666666668 0.41949056603773593 0.07216666666666664
0 0.5037735849056604 0.74021875 0.398377358490566 0.06180208333333326
0 0.4601509433962264 0.6736354166666667 0.3731132075471698 0.05813541666666661
0 0.4003207547169811 0.6080416666666667 0.35726415094339614 0.06160416666666677
0 0.37760377358490566 0.5425729166666666 0.3849245283018868 0.055354166666666774
0 0.3919245283018868 0.48159375 0.4163207547169812 0.05561458333333332
0 0.44754716981132076 0.42190625 0.3277547169811321 0.04877083333333339
0 0.4721132075471698 0.37384375 0.34922641509433955 0.0550416666666667
0 0.45609433962264156 0.3184375 0.3037547169811321 0.052104166666666646
0 0.4411509433962264 0.26886458333333335 0.32290566037735846 0.04854166666666669
0 0.4282641509433962 0.21611458333333333 0.35232075471698104 0.055989583333333336
0 0.38135849056603777 0.17069791666666667 0.25139622641509435 0.06392708333333334
0 0.3530754716981132 0.12552083333333333 0.31941509433962256 0.052104166666666646
0 0.32952830188679244 0.08348958333333334 0.2820754716981132 0.05235416666666666
0 0.3454528301886792 0.04407291666666667 0.316622641509434 0.05266666666666667
0 0.5820188679245284 0.8909687500000001 0.3965660377358492 0.06864583333333343
0 0.5646981132075473 0.95709375 0.4628490566037737 0.0669583333333333