0 0.5385572139303483 0.18310546875 0.10572139303482588 0.0244140625
0 0.5385572139303483 0.208984375 0.10945273631840796 0.0283203125
0 0.5360696517412935 0.2373046875 0.11442786069651742 0.0283203125
0 0.5335820895522388 0.2646484375 0.10696517412935323 0.029296875
0 0.5298507462686567 0.29150390625 0.10199004975124377 0.03173828125
0 0.527363184079602 0.31982421875 0.10696517412935323 0.0302734375
0 0.5199004975124378 0.34765625 0.11442786069651742 0.03369140625
0 0.5111940298507462 0.3779296875 0.1256218905472637 0.02978515625
0 0.4987562189054726 0.40869140625 0.11567164179104478 0.0341796875
0 0.49502487562189057 0.43896484375 0.12313432835820895 0.03271484375
0 0.4925373134328358 0.4736328125 0.14054726368159204 0.03857421875
0 0.49129353233830847 0.5087890625 0.14427860696517414 0.03955078125
0 0.48383084577114427 0.54833984375 0.1318407960199005 0.0419921875
0 0.4900497512437811 0.59033203125 0.15049751243781095 0.041015625
0 0.49502487562189057 0.63525390625 0.16666666666666666 0.04931640625
0 0.5012437810945274 0.6787109375 0.17537313432835822 0.04345703125
0 0.49129353233830847 0.7109375 0.18781094527363185 0.03369140625