0 0.3577326968973747 0.1974459724950884 0.10362768496420051 0.0343811394891945
0 0.3487828162291169 0.22519646365422397 0.11198090692124109 0.03094302554027505
0 0.3344630071599045 0.25024557956778 0.11198090692124109 0.03388998035363458
0 0.3237231503579952 0.27283889980353637 0.12391408114558476 0.03585461689587426
0 0.31357995226730306 0.30206286836935164 0.1155608591885442 0.03732809430255403
0 0.29448687350835323 0.32342829076620827 0.11078758949880665 0.03192534381139489
0 0.28195704057279236 0.3467583497053045 0.11436754176610976 0.0343811394891945
0 0.2759904534606205 0.3757367387033399 0.12868735083532218 0.036345776031434185
0 0.2747971360381862 0.4027504911591356 0.11914081145584722 0.03732809430255403
0 0.2950835322195704 0.4317288801571709 0.15016706443914077 0.043222003929273084
0 0.32491646778042954 0.4555500982318271 0.1505250596658711 0.05353634577603143
0 0.3714558472553699 0.48796660117878193 0.13384248210023864 0.04273084479371316
0 0.4054653937947494 0.5164538310412574 0.14696897374701667 0.04862475442043222
0 0.42813842482100234 0.5520628683693517 0.15412887828162286 0.043222003929273084
0 0.43171837708830546 0.5906188605108055 0.16606205250596656 0.039783889980353634
0 0.43231503579952263 0.6240176817288802 0.193508353221957 0.03388998035363458
0 0.4491646778042959 0.6558644400785855 0.17520286396181375 0.038379174852652194