0 0.47671698113207545 0.03179166666666667 0.21762264150943392 0.053281249999999995
0 0.45181132075471697 0.07046875000000001 0.20205660377358486 0.04984374999999999
0 0.4432452830188679 0.11085416666666667 0.21918867924528304 0.044687500000000005
0 0.44558490566037734 0.14823958333333334 0.21450943396226416 0.05413541666666669
0 0.4580377358490566 0.19851041666666666 0.21450943396226427 0.06359375000000002
0 0.4922830188679246 0.24276041666666667 0.2207358490566038 0.06444791666666667
0 0.5335283018867925 0.29733333333333334 0.21605660377358488 0.06015625
0 0.5708679245283019 0.34459375 0.24716981132075472 0.06359374999999995
0 0.5911132075471699 0.39658333333333334 0.2160377358490566 0.0696041666666666
0 0.5584150943396226 0.4554479166666667 0.2284905660377359 0.07734375
0 0.5031698113207548 0.5083020833333334 0.2580754716981132 0.0781979166666666
0 0.4284716981132075 0.5680208333333333 0.2705471698113207 0.07906250000000009
0 0.34830188679245283 0.6230208333333334 0.2783584905660378 0.07390625000000005
0 0.32964150943396225 0.6921979166666666 0.29392452830188687 0.07476041666666665
0 0.3623207547169811 0.7583645833333333 0.3094716981132076 0.07647916666666674
0 0.43935849056603776 0.8275416666666667 0.3359056603773584 0.08078124999999996
0 0.5016037735849057 0.9147604166666666 0.35145283018867923 0.09022916666666679