0 0.5086037735849057 0.04254166666666667 0.3032075471698112 0.05069791666666668
0 0.5008301886792452 0.08120833333333333 0.3032075471698112 0.05585416666666667
0 0.4852641509433962 0.12331249999999999 0.28452830188679257 0.05069791666666668
0 0.48681132075471695 0.17186458333333335 0.27518867924528306 0.05671874999999999
0 0.49383018867924533 0.22385416666666666 0.2860754716981132 0.06444791666666667
0 0.5062641509433962 0.2788541666666667 0.3109811320754718 0.05757291666666665
0 0.5101698113207547 0.32998958333333334 0.3125283018867924 0.058437500000000024
0 0.49926415094339627 0.37854166666666667 0.30943396226415093 0.0627291666666667
0 0.503943396226415 0.43224999999999997 0.30009433962264165 0.06875
0 0.5101698113207547 0.48423958333333333 0.3156415094339622 0.06444791666666667
0 0.5405094339622643 0.54009375 0.33898113207547165 0.0781979166666666
0 0.5980943396226416 0.6092708333333333 0.34207547169811314 0.07906250000000009
0 0.6183207547169811 0.6763020833333333 0.31718867924528305 0.08078124999999996
0 0.6152075471698113 0.74934375 0.3420754716981133 0.0859375
0 0.5755283018867924 0.82325 0.3716603773584906 0.07906250000000009
0 0.5218301886792452 0.8919895833333332 0.37322641509433974 0.07906250000000009
0 0.4899245283018868 0.9508958333333334 0.4172641509433962 0.08928125000000003