0 0.48718875502008036 0.8812562189054726 0.3786746987951808 0.06017412935323397
0 0.4585542168674699 0.8291915422885572 0.333855421686747 0.07462686567164178
0 0.44297188755020084 0.7877238805970149 0.29369477911646585 0.06080845771144291
0 0.4429718875502008 0.7455721393034827 0.30261044176706825 0.07048507462686576
0 0.4741767068273092 0.6820024875621891 0.29369477911646585 0.07876865671641782
0 0.5589558232931727 0.6218905472636815 0.2936546184738956 0.07738805970149257
0 0.668273092369478 0.5790547263681592 0.2981124497991969 0.06080845771144277
0 0.7173493975903614 0.5362064676616916 0.2980722891566266 0.04975124378109453
0 0.7575100401606426 0.49337064676616915 0.2980722891566266 0.04975124378109453
0 0.7463453815261044 0.44568407960199 0.3025301204819276 0.07048507462686562
0 0.7062248995983935 0.40146766169154224 0.26686746987951804 0.06771144278606972
0 0.6281124497991968 0.3648383084577114 0.23566265060240968 0.06633084577114433
0 0.5388755020080321 0.3351243781094527 0.25353413654618473 0.07600746268656718
0 0.48534136546184736 0.29574626865671644 0.24461847389558242 0.05527363184079602
0 0.4340562248995984 0.2556716417910448 0.20445783132530118 0.052512437810945306
0 0.4385140562248996 0.2218034825870647 0.2312048192771084 0.045609452736318425
0 0.457710843373494 0.17723880597014927 0.2503212851405622 0.045609452736318425