0 0.3509622641509434 0.8698854166666667 0.3370377358490566 0.07669791666666655
0 0.42115094339622644 0.7991979166666667 0.2923962264150943 0.08246875000000008
0 0.5550188679245284 0.74378125 0.28107547169811326 0.09281249999999991
0 0.6377924528301886 0.68071875 0.29609433962264164 0.0792083333333333
0 0.6619811320754717 0.6150104166666667 0.297056603773585 0.06240625000000009
0 0.6583584905660378 0.55321875 0.328867924528302 0.07005208333333333
0 0.6227358490566038 0.4923645833333333 0.2973396226415095 0.060864583333333284
0 0.5848301886792453 0.43792708333333336 0.2774150943396226 0.05794791666666666
0 0.5503018867924528 0.3883020833333333 0.2465471698113207 0.06567708333333329
0 0.538377358490566 0.34152083333333333 0.2446603773584905 0.05693749999999997
0 0.5106226415094339 0.2965 0.22962264150943404 0.05809374999999998
0 0.5061509433962263 0.23859375000000002 0.2375849056603773 0.055354166666666656
0 0.4914339622641509 0.18873958333333332 0.23228301886792455 0.0543333333333333
0 0.5073018867924528 0.13821875 0.20130188679245292 0.045031250000000016
0 0.517433962264151 0.10314583333333333 0.22343396226415085 0.05368749999999999
0 0.3280943396226415 0.93034375 0.3417924528301886 0.07129166666666673
0 0.5196415094339623 0.06647916666666667 0.1811698113207547 0.03595833333333333