0 0.4297635605006954 0.26953125 0.11404728789986092 0.021484375
0 0.44089012517385257 0.29150390625 0.11543810848400557 0.029296875
0 0.4506258692628651 0.31640625 0.1043115438108484 0.02294921875
0 0.4617524339360223 0.3349609375 0.10848400556328233 0.025390625
0 0.4728789986091794 0.3564453125 0.10987482614742698 0.0283203125
0 0.48678720445062584 0.37939453125 0.11543810848400557 0.0283203125
0 0.502086230876217 0.40234375 0.11961057023643949 0.02783203125
0 0.5062586926286509 0.4267578125 0.1404728789986092 0.0302734375
0 0.4965229485396384 0.4541015625 0.1168289290681502 0.02685546875
0 0.4853963838664812 0.4794921875 0.12656467315716272 0.02685546875
0 0.4631432545201669 0.50537109375 0.1474269819193324 0.03466796875
0 0.43949930458970793 0.53466796875 0.1502086230876217 0.03662109375
0 0.4242002781641168 0.56640625 0.15855354659248957 0.0390625
0 0.41168289290681503 0.60400390625 0.15577190542420027 0.0380859375
0 0.42141863699582754 0.6435546875 0.1599443671766342 0.0419921875
0 0.4478442280945758 0.68212890625 0.18497913769123783 0.04833984375
0 0.4673157162726008 0.71533203125 0.19610570236439498 0.03955078125