0 0.46903820816864294 0.2564728871519297 0.11462450592885376 0.024425989252564728
0 0.4927536231884058 0.28236443575964826 0.12121212121212122 0.02784562774792379
0 0.5072463768115942 0.3048363458720078 0.12121212121212122 0.03224230581338544
0 0.5151515151515151 0.3336590131900342 0.1251646903820817 0.027357107962872496
0 0.5217391304347826 0.361504640937958 0.1370223978919631 0.02979970688812897
0 0.52832674571805 0.3903273082559844 0.11989459815546773 0.0268685881778212
0 0.5335968379446641 0.42159257449926724 0.12384716732542819 0.03126526624328285
0 0.5322793148880105 0.4509037616023449 0.13306982872200263 0.0356619443087445
0 0.5335968379446641 0.4870542256961407 0.13043478260869565 0.03712750366389839
0 0.52832674571805 0.5246702491450904 0.13965744400527008 0.039081582804103565
0 0.5098814229249012 0.5617977528089888 0.16469038208168643 0.040058622374206154
0 0.4993412384716733 0.6033219345383488 0.15942028985507245 0.046409379579872984
0 0.48484848484848486 0.6472887151929653 0.18050065876152832 0.04738641914997557
0 0.4795783926218709 0.6888128969223254 0.1831357048748353 0.038104543234000976
0 0.48616600790513836 0.7293600390815828 0.19367588932806323 0.038104543234000976
0 0.43478260869565216 0.23106985832926233 0.11989459815546773 0.02784562774792379
0 0.4163372859025033 0.20468978993649242 0.11462450592885376 0.026380068392769906