0 0.44790566037735846 0.8192916666666666 0.38971698113207537 0.07694791666666655
0 0.346188679245283 0.7589166666666666 0.30154716981132074 0.06903124999999997
0 0.29288679245283017 0.6875104166666667 0.3155094339622641 0.07348958333333329
0 0.296188679245283 0.62296875 0.3200377358490566 0.07278124999999988
0 0.36694339622641514 0.5633437499999999 0.31086792452830186 0.07365625000000003
0 0.44037735849056603 0.5071770833333333 0.31973584905660374 0.06589583333333332
0 0.5041320754716981 0.45419791666666665 0.30711320754716975 0.06073958333333328
0 0.5316792452830189 0.4046458333333333 0.2616792452830188 0.06356249999999998
0 0.5239245283018868 0.3451458333333333 0.28043396226415096 0.0670625
0 0.5054150943396226 0.29976041666666664 0.263320754716981 0.0628020833333333
0 0.448188679245283 0.2535 0.27975471698113213 0.06843750000000005
0 0.4400188679245283 0.19712500000000002 0.27535849056603773 0.05986458333333336
0 0.3979245283018868 0.15006250000000002 0.2565471698113207 0.05092708333333332
0 0.38945283018867927 0.11042708333333334 0.2536415094339623 0.04554166666666667
0 0.4141320754716981 0.06838541666666667 0.30141509433962266 0.05054166666666668
0 0.5500566037735849 0.8796666666666667 0.4500377358490566 0.11089583333333337
0 0.415 0.032864583333333336 0.24222641509433962 0.043145833333333335