0 0.5204528301886792 0.8423854166666668 0.2621886792452831 0.06798958333333331
0 0.4725660377358491 0.7680520833333334 0.2636037735849056 0.0689270833333334
0 0.4491132075471699 0.6986770833333333 0.2304528301886792 0.05929166666666674
0 0.43239622641509434 0.626625 0.25245283018867926 0.07080208333333336
0 0.47371698113207544 0.5603333333333332 0.2784716981132076 0.0771145833333333
0 0.47484905660377363 0.5045416666666667 0.23043396226415094 0.059270833333333425
0 0.5067358490566037 0.4491354166666667 0.212433962264151 0.059583333333333384
0 0.5147358490566037 0.40218750000000003 0.19069811320754726 0.05246875
0 0.5070188679245283 0.35222916666666665 0.20043396226415097 0.04505208333333333
0 0.49943396226415093 0.3054270833333333 0.204132075471698 0.05340624999999998
0 0.4835660377358491 0.25515625 0.17869811320754725 0.046614583333333334
0 0.4747169811320754 0.21530208333333334 0.1735471698113208 0.05370833333333334
0 0.4604150943396227 0.16329166666666667 0.14496226415094338 0.05039583333333333
0 0.4578490566037735 0.12793749999999998 0.18441509433962266 0.042177083333333344
0 0.4774150943396227 0.08658333333333333 0.19671698113207545 0.03965624999999999
0 0.549622641509434 0.91696875 0.29820754716981146 0.06468749999999991
0 0.4878490566037736 0.049479166666666664 0.2166981132075472 0.043406250000000014