0 0.5188794153471377 0.1142578125 0.1753958587088916 0.03271484375
0 0.5237515225334958 0.14306640625 0.146163215590743 0.04443359375
0 0.5237515225334958 0.17431640625 0.1364190012180268 0.0439453125
0 0.5176613885505481 0.20654296875 0.13885505481120586 0.0439453125
0 0.5140073081607796 0.24609375 0.15347137637028013 0.04638671875
0 0.51278928136419 0.28076171875 0.15468940316686966 0.04052734375
0 0.5079171741778319 0.31689453125 0.13276492082825822 0.04736328125
0 0.5006090133982948 0.357421875 0.1607795371498173 0.04150390625
0 0.48964677222898906 0.3974609375 0.16199756394640683 0.0546875
0 0.4713763702801462 0.4404296875 0.17417783191230207 0.05615234375
0 0.4336175395858709 0.48046875 0.1753958587088916 0.05908203125
0 0.3982947624847747 0.5283203125 0.20097442143727162 0.0625
0 0.3848964677222899 0.5751953125 0.21802679658952498 0.06591796875
0 0.392204628501827 0.63232421875 0.24238733252131547 0.06640625
0 0.4190012180267966 0.68994140625 0.23995127892813642 0.07421875
0 0.45676004872107184 0.7490234375 0.22777101096224117 0.07763671875
0 0.5164433617539586 0.8037109375 0.2984165651644336 0.07958984375