0 0.5730566037735849 0.9257291666666667 0.2884716981132075 0.07178125000000009
0 0.5893584905660377 0.8715937500000001 0.29592452830188687 0.053781250000000114
0 0.5753396226415094 0.8260520833333334 0.25532075471698124 0.05645833333333338
0 0.5917735849056603 0.7808333333333334 0.25675471698113217 0.045885416666666616
0 0.6056415094339623 0.7318229166666667 0.24045283018867936 0.05551041666666663
0 0.6097924528301887 0.669875 0.25503773584905653 0.05313541666666666
0 0.6475283018867924 0.623625 0.24245283018867925 0.050916666666666784
0 0.6056415094339623 0.5747812499999999 0.24045283018867936 0.05390625
0 0.5717735849056604 0.5314479166666666 0.27962264150943383 0.06794791666666669
0 0.5536037735849058 0.47115625 0.293056603773585 0.05910416666666667
0 0.5273207547169811 0.40786458333333336 0.2598867924528302 0.04994791666666672
0 0.5438867924528302 0.3524583333333334 0.255320754716981 0.05025000000000001
0 0.5140188679245283 0.30723958333333334 0.24645283018867925 0.04598958333333331
0 0.5164528301886793 0.26628124999999997 0.21299999999999997 0.05845833333333334
0 0.498433962264151 0.23061458333333332 0.21471698113207538 0.04456249999999997
0 0.5055849056603773 0.1948645833333333 0.229 0.03713541666666664
0 0.5120188679245283 0.16171875 0.2104150943396226 0.04029166666666668