0 0.43779816513761466 0.7378396739130434 0.45197247706422006 0.053872282608695775
0 0.4568348623853211 0.6871467391304348 0.44302752293577974 0.0655027173913044
0 0.5276605504587156 0.6379347826086956 0.4209633027522935 0.061154891304347814
0 0.6185321100917431 0.5956657608695652 0.30944954128440355 0.056807065217391386
0 0.7309174311926606 0.5542663043478261 0.33344036697247703 0.050298913043478236
0 0.7927522935779816 0.5095923913043479 0.3244954128440367 0.05047554347826084
0 0.8077981651376146 0.4146467391304348 0.33633027522935777 0.05664402173913036
0 0.8179357798165138 0.4633423913043478 0.36412844036697245 0.05599184782608701
0 0.7719266055045871 0.38186141304347826 0.3754128440366971 0.039198369565217425
0 0.7058715596330275 0.344116847826087 0.3578440366972477 0.043423913043478236
0 0.6426605504587156 0.31404891304347826 0.4527522935779816 0.050951086956521736
0 0.5923853211009174 0.2766983695652174 0.4973853211009175 0.038600543478260904
0 0.5481651376146789 0.2422146739130435 0.3560091743119267 0.051711956521739134
0 0.5374311926605504 0.20968750000000003 0.3266055045871559 0.03972826086956523
0 0.5441284403669725 0.17080163043478258 0.32022935779816514 0.045339673913043485
0 0.5593577981651376 0.13578804347826087 0.3422477064220184 0.04535326086956521
0 0.46889908256880736 0.7926902173913043 0.3974311926605504 0.0489809782608695