0 0.4840255591054313 0.22325354176844162 0.13258785942492013 0.025891548607718612
0 0.48562300319488816 0.24719101123595505 0.12779552715654952 0.026380068392769906
0 0.4904153354632588 0.27259404005862237 0.12619808306709265 0.029311187103077674
0 0.48881789137380194 0.3014167073766488 0.13258785942492013 0.03126526624328285
0 0.48881789137380194 0.33170493404982904 0.13258785942492013 0.03126526624328285
0 0.4952076677316294 0.3605276013678554 0.13258785942492013 0.030288226673180263
0 0.4936102236421725 0.3893502686858818 0.12300319488817892 0.030776746458231558
0 0.4904153354632588 0.41817293600390815 0.134185303514377 0.03126526624328285
0 0.48242811501597443 0.44797264289203714 0.1485623003194888 0.03321934538348803
0 0.4712460063897764 0.4802149487054226 0.1501597444089457 0.03126526624328285
0 0.46485623003194887 0.5129457743038593 0.1597444089456869 0.038104543234000976
0 0.46645367412140576 0.5476306790425012 0.17731629392971246 0.04054714215925745
0 0.48562300319488816 0.5876893014167074 0.18210862619808307 0.040058622374206154
0 0.5095846645367412 0.6287249633610161 0.20447284345047922 0.04396678065461651
0 0.5303514376996805 0.6692721055202736 0.19488817891373802 0.04298974108451392
0 0.5447284345047924 0.7103077674645824 0.21405750798722045 0.04250122129946263
0 0.5447284345047924 0.7484123106985833 0.21565495207667731 0.040058622374206154