0 0.461811320754717 0.03672916666666667 0.2675283018867924 0.048333333333333325
0 0.4583018867924528 0.08216666666666667 0.2640377358490566 0.05992708333333333
0 0.4346792452830189 0.13097916666666667 0.2552830188679244 0.06283333333333332
0 0.44343396226415094 0.18414583333333334 0.25528301886792454 0.06863541666666666
0 0.44254716981132075 0.24745833333333334 0.26052830188679255 0.08892708333333334
0 0.452188679245283 0.30497916666666663 0.24828301886792448 0.08216666666666667
0 0.45043396226415094 0.3682916666666667 0.2447735849056603 0.07153124999999996
0 0.44254716981132075 0.41952083333333334 0.2500377358490566 0.06572916666666669
0 0.4670566037735849 0.4731666666666667 0.3025471698113207 0.07442708333333338
0 0.48456603773584905 0.52778125 0.30603773584905647 0.07153124999999996
0 0.5362075471698113 0.5785312499999999 0.3112830188679246 0.06089583333333337
0 0.5598490566037736 0.6375 0.3445471698113208 0.08989583333333329
0 0.5397169811320754 0.6983958333333333 0.3217924528301888 0.10150000000000006
0 0.480188679245283 0.7539791666666668 0.3217924528301886 0.09472916666666673
0 0.3882830188679245 0.8143958333333334 0.3340754716981132 0.09763541666666668
0 0.3331320754716981 0.8796458333333333 0.3568490566037736 0.10633333333333325
0 0.2770188679245283 0.9367604166666667 0.40113207547169816 0.09077083333333344