0 0.4669056603773585 0.8875729166666667 0.28452830188679246 0.09546875000000009
0 0.4057735849056604 0.81859375 0.2803584905660378 0.08470833333333326
0 0.36152830188679247 0.7534062499999999 0.26541509433962257 0.0825625
0 0.3190377358490566 0.693625 0.28032075471698115 0.06420833333333344
0 0.3328867924528302 0.64040625 0.2526226415094339 0.06788541666666674
0 0.37466037735849056 0.5730520833333334 0.2082830188679245 0.0700833333333333
0 0.43750943396226416 0.5159166666666667 0.2099999999999999 0.05996874999999993
0 0.5080943396226415 0.46959375 0.21100000000000008 0.07148958333333333
0 0.5544150943396225 0.41867708333333337 0.20658490566037738 0.06786458333333331
0 0.5723018867924529 0.36146875 0.21001886792452842 0.06059374999999996
0 0.5685094339622642 0.3093958333333333 0.20781132075471695 0.04574999999999996
0 0.5443584905660377 0.26483333333333337 0.19728301886792443 0.04292708333333337
0 0.5242641509433963 0.21932291666666667 0.1786415094339624 0.050125
0 0.482 0.16664583333333333 0.17496226415094343 0.06083333333333331
0 0.46299999999999997 0.119375 0.16394339622641507 0.052614583333333326
0 0.45662264150943394 0.07339583333333333 0.16198113207547174 0.04992708333333334
0 0.45956603773584903 0.042291666666666665 0.14630188679245276 0.04723958333333334