0 0.48605660377358495 0.04125 0.21837735849056605 0.059583333333333335
0 0.4950566037735849 0.08365625 0.23358490566037726 0.06035416666666667
0 0.5192641509433962 0.12948958333333332 0.2211320754716982 0.05270833333333336
0 0.5476415094339623 0.17303125000000003 0.21143396226415084 0.05270833333333336
0 0.567 0.21734375 0.22250943396226427 0.06035416666666667
0 0.5891509433962264 0.26280208333333327 0.19483018867924526 0.06416666666666669
0 0.5711509433962264 0.3093958333333333 0.2252641509433962 0.06111458333333329
0 0.5787735849056603 0.35294791666666664 0.22111320754716993 0.059583333333333384
0 0.5559433962264151 0.40336458333333336 0.21143396226415084 0.06722916666666663
0 0.5040566037735849 0.45340624999999996 0.2322075471698112 0.06952083333333334
0 0.4597735849056604 0.50153125 0.24605660377358485 0.07105208333333338
0 0.4141132075471698 0.5622708333333333 0.2820377358490565 0.06876041666666666
0 0.35947169811320756 0.6188020833333333 0.2834339622641509 0.07334375000000008
0 0.3380188679245283 0.6768541666666666 0.25715094339622646 0.07028125000000003
0 0.3878301886792453 0.7494375000000001 0.2848113207547169 0.07486458333333322
0 0.4480188679245283 0.8189479166666668 0.2861886792452829 0.07028125000000003
0 0.4885849056603773 0.8854166666666666 0.2959811320754717 0.08333333333333333