0 0.5180722891566265 0.22802734375 0.1962134251290878 0.021484375
0 0.5180722891566265 0.25390625 0.18932874354561102 0.021484375
0 0.5283993115318416 0.28173828125 0.18072289156626506 0.02490234375
0 0.5370051635111877 0.30859375 0.19965576592082615 0.0244140625
0 0.5370051635111877 0.33447265625 0.1962134251290878 0.0244140625
0 0.5352839931153184 0.388671875 0.1721170395869191 0.02587890625
0 0.5352839931153184 0.36083984375 0.18244406196213425 0.0234375
0 0.5370051635111877 0.416015625 0.18072289156626506 0.0234375
0 0.5352839931153184 0.443359375 0.1738382099827883 0.0244140625
0 0.5352839931153184 0.4736328125 0.17900172117039587 0.02587890625
0 0.5387263339070568 0.50439453125 0.18588640275387264 0.029296875
0 0.5421686746987951 0.54052734375 0.18416523235800344 0.03369140625
0 0.5679862306368331 0.57958984375 0.20654044750430292 0.0341796875
0 0.5714285714285714 0.62158203125 0.2099827882960413 0.0390625
0 0.5645438898450946 0.66748046875 0.23580034423407917 0.04296875
0 0.5507745266781411 0.7119140625 0.23924268502581755 0.04052734375
0 0.5421686746987951 0.74951171875 0.2306368330464716 0.03076171875