0 0.48883018867924527 0.9270833333333334 0.23539622641509433 0.0703125
0 0.465245283018868 0.8450520833333334 0.2212641509433962 0.0703125
0 0.4404905660377359 0.7708333333333334 0.2283396226415094 0.0703125
0 0.42869811320754725 0.6966145833333334 0.20001886792452828 0.059895833333333336
0 0.4404905660377359 0.6295625 0.20475471698113204 0.06640625
0 0.4735094339622642 0.5690104166666666 0.17645283018867922 0.078125
0 0.5124150943396226 0.5136770833333333 0.19294339622641507 0.07421875
0 0.5430754716981132 0.46680208333333334 0.19766037735849054 0.07682291666666667
0 0.5583962264150943 0.41015625 0.20473584905660375 0.06770833333333333
0 0.5631132075471698 0.35612499999999997 0.20943396226415095 0.06640625
0 0.5595849056603773 0.3111979166666667 0.1882264150943396 0.049479166666666664
0 0.5560377358490566 0.26497916666666665 0.18586792452830186 0.053385416666666664
0 0.5312830188679245 0.21744791666666666 0.18820754716981133 0.052083333333333336
0 0.5124150943396226 0.16341666666666665 0.1882264150943396 0.045572916666666664
0 0.5029811320754717 0.12305208333333333 0.16935849056603772 0.053385416666666664
0 0.5029811320754717 0.08203125 0.1740754716981132 0.052083333333333336
0 0.5076981132075471 0.04296875 0.19294339622641507 0.041666666666666664