0 0.5234716981132076 0.06907291666666666 0.22496226415094342 0.05526041666666668
0 0.5683962264150944 0.11647916666666666 0.25111320754716987 0.062166666666666676
0 0.617867924528302 0.15855208333333334 0.24541509433962252 0.058395833333333334
0 0.6679056603773585 0.20815625000000001 0.24313207547169813 0.0646770833333333
0 0.658811320754717 0.25461458333333337 0.22266037735849054 0.06216666666666661
0 0.6798490566037736 0.3013958333333333 0.2237924528301887 0.06907291666666673
0 0.6679056603773585 0.3550833333333333 0.22266037735849054 0.0671875
0 0.6457358490566038 0.40908333333333335 0.1987924528301887 0.06090625000000003
0 0.6332264150943396 0.4618229166666667 0.21471698113207538 0.06341666666666666
0 0.6121698113207547 0.5243020833333334 0.21584905660377354 0.08413541666666664
0 0.588867924528302 0.5848958333333333 0.2283584905660377 0.07471875000000001
0 0.5513396226415094 0.6523958333333333 0.22609433962264158 0.07032291666666665
0 0.5285849056603773 0.7098541666666667 0.22837735849056598 0.06969791666666675
0 0.4973207547169811 0.7735833333333333 0.22724528301886782 0.0728333333333334
0 0.46264150943396226 0.84328125 0.23977358490566045 0.07786458333333333
0 0.43818867924528304 0.9070208333333334 0.2773018867924529 0.07722916666666677
0 0.4360188679245283 0.9613125 0.29867924528301887 0.07440625000000006