0 0.5513927576601672 0.4837937743190661 0.11267409470752086 0.02286964980544746
0 0.5456824512534819 0.5123346303501946 0.12863509749303623 0.025428015564202433
0 0.5293314763231198 0.5413424124513618 0.1503064066852367 0.02331712062256812
0 0.5030919220055711 0.5720719844357977 0.14813370473537607 0.026673151750972835
0 0.4886350974930362 0.6079377431906615 0.16008356545960994 0.03037937743190663
0 0.4767409470752089 0.643307392996109 0.1642896935933148 0.02857003891050573
0 0.48518105849582177 0.6826750972762645 0.1778551532033427 0.030038910505836684
0 0.523008356545961 0.72034046692607 0.17289693593314762 0.0276653696498055
0 0.5653203342618384 0.7609241245136187 0.20632311977715875 0.0333463035019455
0 0.5462674094707521 0.4566536964980545 0.1308077994428969 0.02081712062256807
0 0.5395821727019499 0.4310992217898833 0.11972144846796662 0.020145914396887194
0 0.5266016713091922 0.4058949416342412 0.11551532033426191 0.019075875486381337
0 0.5210863509749304 0.38085603112840466 0.11136490250696383 0.021935797665369607
0 0.5183008356545961 0.3575486381322957 0.10991643454038992 0.01723735408560314
0 0.5099442896935933 0.33641050583657583 0.12504178272980498 0.016984435797665405
0 0.5091643454038997 0.313579766536965 0.11743732590529254 0.01959143968871594
0 0.6030640668523677 0.8056809338521401 0.19846796657381616 0.043608949416342344