0 0.4946603773584906 0.12534375 0.14818867924528295 0.053468750000000016
0 0.46762264150943395 0.17257291666666666 0.17207547169811319 0.06319791666666669
0 0.45381132075471703 0.22395833333333334 0.19767924528301883 0.06180208333333332
0 0.4362075471698113 0.2774270833333333 0.19515094339622632 0.07153124999999996
0 0.4305283018867925 0.32465625000000004 0.18341509433962272 0.06596875000000005
0 0.4298867924528302 0.3725729166666667 0.18215094339622645 0.06458333333333334
0 0.4399622641509434 0.42778125 0.19220754716981134 0.06944791666666662
0 0.4594528301886792 0.48263541666666665 0.20603773584905669 0.07221875000000004
0 0.48586792452830185 0.5479166666666667 0.20603773584905669 0.07778125000000008
0 0.5078679245283019 0.5982604166666667 0.21232075471698109 0.0798645833333334
0 0.5229622641509434 0.6645833333333333 0.22237735849056606 0.07916666666666666
0 0.5317735849056603 0.7295104166666667 0.22488679245283008 0.07569791666666674
0 0.5367924528301887 0.7878437500000001 0.2601132075471698 0.07846874999999992
0 0.5311320754716982 0.8513854166666667 0.2613584905660377 0.08055208333333326
0 0.5235849056603774 0.9256979166666667 0.29405660377358495 0.08194791666666675
0 0.500245283018868 0.08689583333333334 0.1572075471698112 0.041843749999999985
0 0.5125094339622641 0.05555208333333333 0.152811320754717 0.037843750000000016