0 0.5138867924528302 0.09461458333333334 0.2303773584905661 0.0515
0 0.4997358490566038 0.13657291666666668 0.23771698113207548 0.04745833333333334
0 0.4871698113207547 0.17708333333333334 0.2335283018867924 0.05439583333333336
0 0.4703962264150943 0.21585416666666665 0.22724528301886782 0.055552083333333314
0 0.4751132075471698 0.254625 0.23458490566037743 0.05670833333333327
0 0.4871698113207547 0.29803125 0.22724528301886782 0.05903124999999996
0 0.49083018867924527 0.33969791666666665 0.24296226415094335 0.05787499999999994
0 0.4887358490566037 0.37615625 0.23458490566037743 0.052083333333333336
0 0.4934528301886792 0.41782291666666665 0.25030188679245274 0.05670833333333339
0 0.49083018867924527 0.46180208333333334 0.24924528301886797 0.05555208333333338
0 0.4876792452830189 0.5118645833333333 0.25973584905660374 0.06308333333333328
0 0.49449056603773583 0.5627916666666667 0.2691698113207547 0.0653958333333333
0 0.4876792452830189 0.6166041666666667 0.2786037735849056 0.061916666666666724
0 0.47092452830188686 0.6788229166666666 0.2660377358490566 0.06829166666666661
0 0.4730188679245283 0.74334375 0.26183018867924523 0.07002083333333337
0 0.4960754716981132 0.8156874999999999 0.2744150943396225 0.0792812499999999
0 0.538377358490566 0.8843958333333333 0.31545283018867915 0.08161458333333324