0 0.5593962264150943 0.04916666666666667 0.2316792452830188 0.06362500000000001
0 0.5923207547169811 0.09461458333333334 0.22867924528301894 0.06858333333333334
0 0.6334716981132076 0.13757291666666666 0.2331698113207548 0.0751875
0 0.6761132075471697 0.17930208333333333 0.23166037735849052 0.07106250000000003
0 0.7374716981132076 0.22103124999999998 0.2286415094339624 0.07022916666666669
0 0.781622641509434 0.27060416666666665 0.2271320754716981 0.07850000000000001
0 0.8242641509433962 0.3156458333333333 0.23760377358490578 0.07270833333333329
0 0.8377358490566038 0.37265625 0.22862264150943387 0.06776041666666661
0 0.8429811320754717 0.4296666666666667 0.2211320754716982 0.08097916666666667
0 0.8025660377358491 0.483375 0.2271320754716981 0.08923958333333329
0 0.7097924528301887 0.528 0.23613207547169807 0.09419791666666673
0 0.6080188679245283 0.5717916666666666 0.2720754716981133 0.09419791666666673
0 0.5032830188679246 0.62178125 0.22720754716981123 0.10328125000000009
0 0.3790566037735849 0.6800312500000001 0.2870943396226416 0.09089583333333333
0 0.31471698113207547 0.7519166666666667 0.2901132075471698 0.09915625000000006
0 0.3027358490566038 0.8378541666666667 0.2990943396226415 0.09089583333333333
0 0.3053207547169811 0.9025312499999999 0.306811320754717 0.0878020833333333