0 0.4580566037735849 0.08263541666666667 0.20198113207547172 0.05362499999999999
0 0.4720188679245283 0.12708333333333333 0.20596226415094343 0.0558229166666667
0 0.49198113207547167 0.16711458333333334 0.21660377358490557 0.052156249999999994
0 0.4873207547169811 0.21448958333333332 0.2232641509433963 0.07052083333333332
0 0.4999622641509434 0.26738541666666665 0.2485283018867925 0.06905208333333329
0 0.5398679245283019 0.3188020833333333 0.24320754716981127 0.06611458333333337
0 0.5538490566037736 0.36655208333333333 0.23388679245283026 0.06905208333333329
0 0.6163584905660378 0.4198020833333333 0.24716981132075472 0.06831250000000004
0 0.6655849056603773 0.46755208333333337 0.25781132075471697 0.07418750000000003
0 0.7440754716981133 0.5230104166666666 0.28173584905660365 0.08373958333333333
0 0.7959622641509434 0.5707604166666667 0.26841509433962263 0.07052083333333338
0 0.8292264150943396 0.6276875000000001 0.2817169811320754 0.08154166666666664
0 0.826566037735849 0.6890208333333334 0.26841509433962263 0.08667708333333338
0 0.7866415094339623 0.7533020833333333 0.2870566037735849 0.09182291666666677
0 0.6742264150943396 0.8120625 0.2910566037735849 0.0932916666666666
0 0.5837735849056603 0.8539375 0.3097169811320754 0.10504166666666657
0 0.4629811320754717 0.052083333333333336 0.23939622641509434 0.05655208333333332