0 0.4116981132075471 0.0703125 0.24403773584905666 0.06308333333333334
0 0.4054528301886792 0.12355208333333331 0.25903773584905654 0.0735
0 0.3959811320754717 0.17679166666666665 0.2398490566037736 0.06076041666666665
0 0.40069811320754717 0.22714583333333332 0.22413207547169806 0.06655208333333332
0 0.40069811320754717 0.27748958333333335 0.24928301886792453 0.07233333333333339
0 0.40069811320754717 0.33188541666666665 0.259754716981132 0.078125
0 0.4059433962264152 0.39236458333333335 0.2681509433962264 0.07407291666666668
0 0.43166037735849055 0.4505208333333333 0.30726415094339615 0.07696874999999999
0 0.4615283018867925 0.5063645833333333 0.3292830188679245 0.08448958333333323
0 0.5286037735849057 0.5601875 0.37960377358490555 0.09375
0 0.6297547169811321 0.6168958333333333 0.3995471698113207 0.08680208333333325
0 0.6769056603773584 0.6736145833333332 0.44567924528301894 0.08564583333333337
0 0.6910566037735849 0.7366875 0.39432075471698114 0.08333333333333333
0 0.6459433962264152 0.7994791666666666 0.38337735849056614 0.09316666666666672
0 0.553188679245283 0.87153125 0.38443396226415094 0.11342708333333344
0 0.4545094339622641 0.94165625 0.3935471698113208 0.09911458333333342
0 0.42466037735849055 0.029812500000000002 0.22024528301886795 0.04116666666666667