0 0.523598820058997 0.2119140625 0.140117994100295 0.02734375
0 0.5265486725663717 0.23779296875 0.14454277286135694 0.025390625
0 0.5398230088495575 0.2646484375 0.15191740412979352 0.02734375
0 0.5678466076696165 0.28759765625 0.1592920353982301 0.03125
0 0.6194690265486725 0.3173828125 0.1592920353982301 0.02783203125
0 0.6342182890855457 0.33935546875 0.15486725663716813 0.0283203125
0 0.6563421828908554 0.369140625 0.1592920353982301 0.029296875
0 0.6578171091445427 0.3974609375 0.1592920353982301 0.029296875
0 0.6504424778761062 0.4287109375 0.14896755162241887 0.03271484375
0 0.6342182890855457 0.4619140625 0.1592920353982301 0.03369140625
0 0.6179941002949852 0.49609375 0.17256637168141592 0.0322265625
0 0.6017699115044248 0.53076171875 0.18141592920353983 0.03662109375
0 0.5914454277286135 0.57177734375 0.19174041297935104 0.03857421875
0 0.5929203539823009 0.61474609375 0.20501474926253688 0.03857421875
0 0.5943952802359882 0.65625 0.21238938053097345 0.0341796875
0 0.6076696165191741 0.70458984375 0.22418879056047197 0.03369140625
0 0.6224188790560472 0.75244140625 0.21386430678466076 0.037109375