0 0.7198490566037735 0.08622916666666666 0.23347169811320756 0.06365625000000001
0 0.7083018867924528 0.13860416666666667 0.22509433962264142 0.06423958333333335
0 0.6978301886792453 0.17708333333333334 0.22300000000000011 0.07060416666666663
0 0.6852452830188679 0.22454166666666667 0.23137735849056604 0.06365625000000001
0 0.6600943396226415 0.26157291666666665 0.23558490566037738 0.06018749999999997
0 0.6464716981132076 0.30642708333333335 0.2251132075471697 0.059604166666666694
0 0.6286603773584906 0.3495416666666667 0.2439811320754718 0.06712499999999993
0 0.5993018867924528 0.39814583333333337 0.2376981132075472 0.06596875000000005
0 0.5793962264150944 0.44646875 0.22932075471698107 0.0653958333333333
0 0.5458490566037736 0.49653125000000004 0.2502830188679245 0.06829166666666672
0 0.5359056603773584 0.5428229166666667 0.2597169811320754 0.0625
0 0.5254150943396227 0.5963541666666666 0.2764905660377358 0.07117708333333325
0 0.519132075471698 0.6536458333333334 0.2723018867924527 0.06655208333333344
0 0.5139245283018867 0.7164375 0.32509433962264145 0.07407291666666656
0 0.462 0.7748854166666667 0.30690566037735845 0.0763854166666666
0 0.4033207547169811 0.8341979166666668 0.30273584905660383 0.07581249999999998
0 0.38149056603773585 0.9006145833333333 0.3144339622641509 0.09058333333333338