0 0.4922641509433962 0.10826041666666668 0.18573584905660387 0.07068750000000001
0 0.5354150943396226 0.15290625 0.17490566037735858 0.06770833333333333
0 0.5663962264150944 0.18972916666666664 0.17275471698113218 0.08631250000000001
0 0.6324339622641509 0.22582291666666665 0.1646792452830188 0.07663541666666666
0 0.6964528301886792 0.266 0.1822075471698112 0.0766354166666666
0 0.7644905660377359 0.3035729166666667 0.18356603773584898 0.0878020833333333
0 0.8035849056603773 0.3489583333333333 0.16739622641509438 0.07589583333333334
0 0.8237924528301888 0.40959375 0.18086792452830192 0.07663541666666672
0 0.8109811320754717 0.46875 0.19781132075471705 0.07886458333333338
0 0.7981698113207547 0.5204583333333334 0.19375471698113217 0.08556250000000011
0 0.7233773584905661 0.5744062499999999 0.22207547169811329 0.10267708333333327
0 0.647245283018868 0.6324375 0.24500000000000005 0.11309374999999994
0 0.5488679245283018 0.6848958333333334 0.2503962264150944 0.11384374999999997
0 0.4700377358490566 0.7485104166666667 0.25715094339622635 0.10863541666666662
0 0.42354716981132073 0.8206875 0.2665849056603774 0.0922604166666666
0 0.42824528301886794 0.8880208333333334 0.2943773584905661 0.08395833333333323
0 0.4622452830188679 0.061135416666666664 0.17960377358490576 0.05785416666666666