0 0.4149811320754717 0.06280208333333334 0.293056603773585 0.04957291666666667
0 0.45164150943396225 0.10163541666666666 0.2556415094339623 0.05122916666666667
0 0.5152452830188679 0.14170833333333333 0.27209433962264157 0.05536458333333331
0 0.5750943396226416 0.18550000000000003 0.2930188679245284 0.05701041666666669
0 0.6050188679245283 0.230125 0.30798113207547173 0.05701041666666669
0 0.617 0.27556250000000004 0.3169622641509434 0.04709375000000004
0 0.6005471698113208 0.3082083333333333 0.28403773584905656 0.06114583333333338
0 0.5743396226415094 0.3507604166666667 0.3124716981132076 0.06692708333333333
0 0.5309433962264151 0.4073541666666667 0.3094905660377358 0.0859375
0 0.4351698113207547 0.46107291666666667 0.3184905660377358 0.0776666666666666
0 0.3461320754716981 0.52096875 0.3140377358490565 0.08676041666666663
0 0.2862830188679245 0.5924479166666666 0.30207547169811316 0.07270833333333329
0 0.26905660377358487 0.649875 0.3275094339622641 0.07188541666666666
0 0.3034716981132075 0.7151458333333333 0.363433962264151 0.08014583333333339
0 0.3992452830188679 0.7911666666666667 0.4142830188679245 0.08676041666666663
0 0.5406792452830189 0.8609895833333333 0.3528867924528301 0.08923958333333341
0 0.6506603773584906 0.9171770833333334 0.3573584905660377 0.08262499999999993