0 0.5086226415094339 0.05370833333333334 0.234754716981132 0.054135416666666665
0 0.5156226415094339 0.10054166666666667 0.21762264150943403 0.061875000000000006
0 0.5296415094339623 0.15511458333333333 0.2518679245283019 0.07476041666666665
0 0.5669811320754717 0.20065625 0.2549811320754717 0.0627291666666667
0 0.6300188679245283 0.25221875 0.2938679245283019 0.08335416666666665
0 0.7109433962264151 0.29646875 0.3031886792452829 0.08250000000000005
0 0.7732075471698113 0.3424479166666667 0.26892452830188673 0.07647916666666663
0 0.8160000000000001 0.39401041666666664 0.29849056603773594 0.0713229166666667
0 0.8089999999999999 0.45673958333333337 0.2751509433962265 0.08335416666666665
0 0.7677547169811321 0.5143125000000001 0.2798301886792454 0.09022916666666655
0 0.674377358490566 0.5594270833333332 0.27362264150943394 0.08937499999999995
0 0.5592075471698114 0.5976666666666667 0.29232075471698127 0.08335416666666665
0 0.46737735849056605 0.637625 0.3079056603773585 0.09796874999999995
0 0.3848867924528302 0.6866145833333334 0.31103773584905664 0.09968750000000005
0 0.3350943396226415 0.7587916666666668 0.2954905660377359 0.08937499999999995
0 0.3312075471698113 0.84171875 0.29394339622641513 0.08507291666666675
0 0.35686792452830185 0.9212083333333333 0.3328490566037735 0.09109375000000004