0 0.5536792452830188 0.8300625 0.279754716981132 0.06603125000000011
0 0.5658490566037735 0.7573958333333334 0.2441320754716981 0.0668020833333332
0 0.588 0.68296875 0.25362264150943387 0.06880208333333329
0 0.6246981132075471 0.6157916666666666 0.23364150943396234 0.0614166666666667
0 0.6686415094339623 0.5564270833333332 0.2299245283018868 0.0644687500000001
0 0.44766037735849057 0.07272916666666666 0.19716981132075473 0.047354166666666676
0 0.45081132075471697 0.10708333333333334 0.1902641509433963 0.04121874999999999
0 0.4591320754716981 0.14365624999999999 0.18216981132075474 0.05020833333333332
0 0.48539622641509433 0.19846875 0.1841132075471699 0.05430208333333333
0 0.5205094339622641 0.23415624999999998 0.18547169811320746 0.04292708333333331
0 0.5858301886792453 0.2694479166666667 0.18843396226415096 0.04346875000000002
0 0.6458113207547169 0.30613541666666666 0.21943396226415085 0.05135416666666662
0 0.6962452830188679 0.35088541666666667 0.22332075471698115 0.05385416666666672
0 0.745754716981132 0.4010208333333333 0.2545471698113207 0.055802083333333384
0 0.7720566037735849 0.44135416666666666 0.22998113207547166 0.05941666666666663
0 0.7324339622641509 0.49986458333333333 0.23526415094339612 0.054947916666666666
0 0.5632641509433962 0.9086145833333333 0.25684905660377355 0.06507291666666669