0 0.4439811320754717 0.10126041666666666 0.237867924528302 0.04438541666666665
0 0.421811320754717 0.13678125 0.2249811320754717 0.045968749999999996
0 0.41952830188679247 0.179 0.2581509433962264 0.04360416666666668
0 0.4528301886792453 0.22280208333333332 0.24299999999999994 0.044395833333333336
0 0.5027169811320754 0.25744791666666667 0.2570188679245283 0.047718750000000004
0 0.5391698113207547 0.30385416666666665 0.25558490566037745 0.05908333333333336
0 0.5860377358490566 0.3397604166666667 0.2578679245283018 0.06304166666666665
0 0.599188679245283 0.3938125 0.24415094339622637 0.04962499999999999
0 0.6097735849056604 0.44266666666666665 0.31103773584905664 0.046635416666666644
0 0.6293584905660378 0.5019375 0.3159056603773584 0.05753125000000002
0 0.6255094339622641 0.5513333333333333 0.2864905660377359 0.06606250000000008
0 0.6230943396226415 0.6093437500000001 0.3256603773584906 0.060541666666666556
0 0.5822075471698113 0.6776041666666667 0.28162264150943395 0.07554166666666665
0 0.557188679245283 0.7453229166666666 0.3259245283018868 0.07902083333333323
0 0.5258867924528302 0.8247083333333334 0.38281132075471697 0.07808333333333337
0 0.5337547169811321 0.8912395833333334 0.36709433962264143 0.061833333333333226
0 0.46877358490566035 0.0703125 0.28492452830188675 0.046875