0 0.5206981132075472 0.051791666666666666 0.2754528301886793 0.053822916666666686
0 0.49764150943396224 0.08419791666666666 0.22933962264150934 0.05266666666666667
0 0.4871698113207547 0.12008333333333333 0.20418867924528308 0.05266666666666667
0 0.4724905660377358 0.16232291666666668 0.1937169811320755 0.057291666666666664
0 0.4604339622641509 0.20167708333333334 0.24716981132075472 0.06191666666666666
0 0.4745849056603773 0.2557916666666667 0.2754528301886793 0.06829166666666672
0 0.46567924528301885 0.3052708333333333 0.2786037735849056 0.07117708333333338
0 0.46883018867924525 0.3431666666666667 0.2576415094339623 0.06481250000000002
0 0.46043396226415095 0.3932291666666667 0.27441509433962263 0.06770833333333333
0 0.4483962264150943 0.44415625 0.25660377358490566 0.07349999999999994
0 0.4394716981132075 0.5037604166666667 0.24298113207547176 0.07233333333333339
0 0.3839245283018868 0.5616354166666666 0.2744339622641509 0.08275000000000006
0 0.3650566037735849 0.6281874999999999 0.2807358490566038 0.08043750000000002
0 0.335188679245283 0.6932916666666666 0.2880754716981132 0.08217708333333344
0 0.32260377358490566 0.7572291666666667 0.30275471698113204 0.07465625000000008
0 0.3550943396226415 0.8298645833333332 0.3320943396226415 0.08680208333333325
0 0.3871509433962264 0.89596875 0.31147169811320763 0.11127083333333326