0 0.35755813953488375 0.8836363636363636 0.2849418604651162 0.07622009569377984
0 0.31130813953488373 0.8248006379585326 0.28343023255813954 0.07661881977671446
0 0.3204360465116279 0.7270015948963318 0.2854360465116279 0.09835725677830935
0 0.3519186046511628 0.6412759170653908 0.2805523255813953 0.08904306220095701
0 0.437906976744186 0.5714992025518341 0.26843023255813964 0.11164274322169059
0 0.5190406976744186 0.5043859649122807 0.23209302325581405 0.11031897926634762
0 0.612296511627907 0.45188197767145133 0.19090116279069771 0.10366826156299841
0 0.6946511627906977 0.40271132376395535 0.2102616279069767 0.08771929824561403
0 0.7661046511627908 0.35553429027113237 0.2417151162790697 0.0970175438596491
0 0.7867151162790698 0.2890749601275917 0.2063953488372093 0.07309409888357254
0 0.7479651162790698 0.2452153110047847 0.21607558139534896 0.08904306220095691
0 0.6995348837209302 0.19271132376395533 0.177296511627907 0.09303030303030305
0 0.6230232558139535 0.1535406698564593 0.1416569767441861 0.08162679425837321
0 0.5585465116279069 0.12028708133971291 0.1554651162790698 0.09170653907496013
0 0.5045348837209302 0.0764274322169059 0.1748255813953488 0.08373205741626795
0 0.45729651162790697 0.03189792663476874 0.17154069767441857 0.05582137161084529
0 0.3552906976744186 0.9531897926634768 0.28183139534883717 0.054417862838915296