0 0.481377358490566 0.0614375 0.2705471698113207 0.048979166666666664
0 0.48449056603773577 0.09625 0.2394150943396226 0.05328125000000001
0 0.4969433962264151 0.13491666666666668 0.2425283018867924 0.0515625
0 0.5117358490566039 0.17444791666666667 0.23162264150943396 0.053281249999999974
0 0.5117358490566039 0.21827083333333333 0.23473584905660372 0.055000000000000014
0 0.5218490566037736 0.26338541666666665 0.24875471698113213 0.06444791666666667
0 0.529622641509434 0.31666666666666665 0.2425094339622641 0.06444791666666667
0 0.5374150943396226 0.37122916666666667 0.2331698113207548 0.06359374999999995
0 0.5288490566037736 0.4227916666666667 0.22850943396226417 0.058437500000000024
0 0.5203018867924528 0.47521874999999997 0.23630188679245284 0.06875
0 0.501622641509434 0.5323645833333334 0.24564150943396237 0.06960416666666672
0 0.47594339622641507 0.5899375 0.2783207547169811 0.05757291666666665
0 0.465811320754717 0.6453645833333332 0.26743396226415095 0.07218749999999995
0 0.45258490566037735 0.7115312500000001 0.26277358490566033 0.06875
0 0.465811320754717 0.7746979166666667 0.27988679245283027 0.0696041666666666
0 0.4852641509433962 0.8481666666666666 0.2814339622641509 0.08078124999999996
0 0.4926226415094339 0.9159270833333333 0.30945283018867925 0.08482291666666673