0 0.5122641509433963 0.04585416666666666 0.1912830188679245 0.05205208333333333
0 0.5137547169811321 0.08221875000000001 0.17932075471698106 0.050406249999999986
0 0.5032830188679246 0.11443749999999998 0.17333962264150946 0.05370833333333334
0 0.4987924528301887 0.15946875 0.16733962264150953 0.04792708333333332
0 0.4890566037735849 0.19707291666666665 0.16584905660377355 0.050406249999999986
0 0.48532075471698116 0.24870833333333334 0.1853018867924529 0.06114583333333338
0 0.4643584905660378 0.29621875000000003 0.19428301886792457 0.05701041666666669
0 0.45164150943396225 0.34290625 0.18083018867924533 0.04627083333333329
0 0.44266037735849056 0.3879375 0.18981132075471702 0.04709375000000004
0 0.4366792452830189 0.43544791666666666 0.2077735849056604 0.05618750000000006
0 0.4366792452830189 0.492875 0.22871698113207553 0.06196875000000001
0 0.43367924528301893 0.5436979166666667 0.24667924528301888 0.0661041666666667
0 0.4471509433962264 0.6003020833333333 0.24667924528301888 0.07188541666666666
0 0.4740943396226415 0.6606145833333333 0.24367924528301893 0.06196875000000001
0 0.49205660377358496 0.7250624999999999 0.2676037735849057 0.07849999999999989
0 0.5137547169811321 0.7808437500000001 0.2750943396226416 0.05618750000000006
0 0.538433962264151 0.8349583333333332 0.3065094339622642 0.07022916666666675