0 0.4307692307692308 0.2554958475818271 0.11748251748251748 0.023937469467513434
0 0.43216783216783217 0.2789447972642892 0.11608391608391608 0.027357107962872496
0 0.43916083916083914 0.3063019052271617 0.11328671328671329 0.02784562774792379
0 0.45594405594405596 0.33170493404982904 0.11328671328671329 0.030776746458231558
0 0.4783216783216783 0.3595505617977528 0.09230769230769231 0.03126526624328285
0 0.5104895104895105 0.38104543234000976 0.11888111888111888 0.03321934538348803
0 0.5174825174825175 0.40986809965803617 0.11468531468531469 0.02882266731802638
0 0.5146853146853146 0.4406448461162677 0.12167832167832168 0.033707865168539325
0 0.4993006993006993 0.47093307278944796 0.13006993006993006 0.0356619443087445
0 0.46853146853146854 0.5026868588177821 0.14405594405594405 0.039081582804103565
0 0.44475524475524475 0.5363947239863215 0.15944055944055943 0.039081582804103565
0 0.4307692307692308 0.5749877870053737 0.15524475524475526 0.04152418172936004
0 0.4405594405594406 0.618466047874939 0.16223776223776223 0.0449438202247191
0 0.4671328671328671 0.6575476306790425 0.18181818181818182 0.04396678065461651
0 0.5020979020979021 0.7000488519785051 0.18041958041958042 0.048851978505129456
0 0.5202797202797202 0.7425500732779677 0.18601398601398603 0.03761602344894968
0 0.5160839160839161 0.776257938446507 0.2055944055944056 0.04054714215925745