0 0.44 0.6241564792176039 0.19486682808716713 0.03963325183374078
0 0.3915738498789346 0.5915158924205379 0.16414043583535115 0.06389975550122247
0 0.344818401937046 0.5531784841075794 0.1410169491525424 0.06167481662591692
0 0.31234866828087166 0.5212224938875306 0.13111380145278445 0.05112469437652818
0 0.29196125907990317 0.4767726161369193 0.11210653753026631 0.04001222493887533
0 0.3101210653753027 0.4345354523227384 0.1263922518159806 0.04223716381418088
0 0.37835351089588376 0.4192542787286063 0.1153753026634382 0.056124694376528075
0 0.4542857142857143 0.40898533007334964 0.09995157384987886 0.061124694376528114
0 0.5263680387409201 0.3984229828850856 0.10762711864406777 0.05778728606356966
0 0.5990072639225181 0.38257946210268945 0.1098305084745763 0.060574572127139306
0 0.639176755447942 0.3575794621026895 0.10871670702179172 0.05167481662591685
0 0.6666828087167069 0.3281295843520783 0.09990314769975785 0.04612469437652814
0 0.6655690072639225 0.3025672371638142 0.11089588377723959 0.04167481662591691
0 0.6512832929782083 0.27534229828850854 0.11089588377723959 0.04056234718826407
0 0.6380629539951573 0.24949877750611246 0.11092009685230012 0.031112469437652796
0 0.614140435835351 0.22312958435207825 0.10377723970944314 0.038288508557457204
0 0.5953268765133172 0.19468215158924204 0.09050847457627118 0.029951100244498777