0 0.5020979020979021 0.7200781631656082 0.2699300699300699 0.034684904738641914
0 0.5076923076923077 0.6741573033707865 0.24755244755244754 0.03175378602833415
0 0.5104895104895105 0.6326331216414265 0.22517482517482518 0.033707865168539325
0 0.5258741258741259 0.592085979482169 0.213986013986014 0.028334147532975085
0 0.5272727272727272 0.5549584758182706 0.22517482517482518 0.030288226673180263
0 0.5426573426573427 0.45236932095749877 0.193006993006993 0.026380068392769906
0 0.5468531468531469 0.48412310698583294 0.17902097902097902 0.024914509037616023
0 0.544055944055944 0.5139228138739619 0.2097902097902098 0.021983390327308255
0 0.5398601398601398 0.4211040547142159 0.1874125874125874 0.028334147532975085
0 0.5370629370629371 0.39276990718124083 0.1916083916083916 0.030776746458231558
0 0.5384615384615384 0.36492427943331707 0.2083916083916084 0.023937469467513434
0 0.4937062937062937 0.27796775769418663 0.1958041958041958 0.025891548607718612
0 0.4881118881118881 0.24963361016121152 0.1902097902097902 0.02149487054225696
0 0.5286713286713287 0.33805569125549584 0.21818181818181817 0.021983390327308255
0 0.5076923076923077 0.3072789447972643 0.2083916083916084 0.025403028822667317
0 0.4755244755244755 0.2252076209086468 0.20279720279720279 0.019052271617000488
0 0.5174825174825175 0.7576941866145579 0.2083916083916084 0.03663898387884709