0 0.4541509433962264 0.08217708333333333 0.24298113207547165 0.07060416666666666
0 0.48615094339622644 0.12558333333333332 0.22762264150943393 0.07291666666666667
0 0.5249245283018867 0.16492708333333334 0.22762264150943393 0.06944791666666668
0 0.5610943396226415 0.21180208333333334 0.24126415094339623 0.067125
0 0.576811320754717 0.260125 0.2580377358490566 0.06191666666666666
0 0.592 0.30584375 0.26747169811320753 0.0653958333333333
0 0.5789056603773585 0.348375 0.251754716981132 0.06712499999999993
0 0.562622641509434 0.39669791666666665 0.24818867924528296 0.07928125000000001
0 0.5170377358490565 0.44646875 0.23456603773584894 0.07581249999999998
0 0.44943396226415094 0.5008645833333333 0.273377358490566 0.07928125000000001
0 0.4033207547169811 0.5561354166666667 0.2670943396226414 0.0798645833333334
0 0.37658490566037744 0.6180520833333334 0.28492452830188675 0.061343750000000107
0 0.37554716981132075 0.6828749999999999 0.28283018867924536 0.06944791666666675
0 0.3912641509433962 0.7523125 0.2933018867924529 0.07870833333333328
0 0.46256603773584903 0.8240729166666667 0.3397547169811321 0.08680208333333325
0 0.4898301886792453 0.8975729166666666 0.39007547169811324 0.0810208333333333
0 0.4962264150943396 0.9583333333333334 0.43018867924528303 0.08333333333333333