0 0.4090188679245283 0.028791666666666667 0.21920754716981133 0.04382291666666666
0 0.45571698113207554 0.06745833333333334 0.25966037735849057 0.057572916666666675
0 0.4977358490566038 0.10355208333333334 0.24720754716981128 0.054135416666666665
0 0.5413018867924528 0.14823958333333334 0.25652830188679254 0.05929166666666668
0 0.6059056603773585 0.19507291666666668 0.2767547169811322 0.06015625
0 0.674377358490566 0.23460416666666667 0.2767358490566037 0.058437500000000024
0 0.7514150943396226 0.2814375 0.30005660377358484 0.07476041666666665
0 0.759188679245283 0.32998958333333334 0.3062830188679246 0.06875
0 0.7483018867924529 0.3811145833333333 0.34364150943396227 0.08335416666666665
0 0.667377358490566 0.43053125 0.33432075471698103 0.08765624999999998
0 0.5218490566037736 0.49024999999999996 0.33901886792452823 0.0781979166666666
0 0.4004528301886793 0.5572812500000001 0.335943396226415 0.07647916666666674
0 0.2938490566037736 0.6165729166666666 0.328188679245283 0.07991666666666669
0 0.2977358490566038 0.6887604166666667 0.3826603773584907 0.09194791666666664
0 0.3872264150943396 0.75965625 0.37173584905660384 0.08937499999999995
0 0.5000566037735849 0.8296875 0.3981698113207547 0.1056979166666667
0 0.6245660377358491 0.9010208333333334 0.44794339622641505 0.10913541666666665