0 0.5254150943396227 0.1171875 0.2555283018867926 0.0653958333333333
0 0.572622641509434 0.15451041666666668 0.24754716981132083 0.06829166666666667
0 0.6244905660377359 0.18952083333333333 0.25071698113207547 0.07581249999999998
0 0.6669433962264151 0.23523958333333334 0.24128301886792453 0.0700208333333333
0 0.7020566037735848 0.27459375 0.26332075471698124 0.07696874999999999
0 0.7287735849056604 0.32436458333333335 0.23920754716981127 0.06655208333333332
0 0.7403018867924529 0.37326041666666665 0.2287358490566038 0.06134374999999999
0 0.7193207547169812 0.4250625 0.253377358490566 0.07696874999999999
0 0.664811320754717 0.4707708333333333 0.24501886792452832 0.078125
0 0.5820188679245284 0.5260416666666666 0.2639056603773585 0.08680208333333325
0 0.5081132075471698 0.59028125 0.32156603773584896 0.09375
0 0.4426226415094339 0.6591458333333333 0.32052830188679243 0.08912499999999994
0 0.4106415094339622 0.7285833333333334 0.3257924528301886 0.08333333333333333
0 0.42269811320754724 0.7994791666666666 0.33941509433962264 0.0966458333333333
0 0.44550943396226417 0.8768020833333333 0.4286226415094339 0.08361458333333331
0 0.4912075471698113 0.08083333333333333 0.24015094339622636 0.05778125
0 0.4601320754716981 0.04319791666666666 0.2383962264150944 0.05416666666666667