0 0.47773584905660377 0.125 0.14969811320754722 0.04861458333333335
0 0.4945283018867925 0.16580208333333332 0.17522641509433964 0.06191666666666666
0 0.5128679245283019 0.21614583333333334 0.1993207547169811 0.06770833333333333
0 0.5343584905660377 0.26417708333333334 0.20456603773584897 0.06770833333333333
0 0.5589811320754717 0.31365625 0.19724528301886785 0.07291666666666667
0 0.5700000000000001 0.36603125 0.2255471698113207 0.06076041666666671
0 0.5799433962264151 0.41637500000000005 0.22869811320754724 0.07581249999999998
0 0.572622641509434 0.46701041666666665 0.21611320754716976 0.06481250000000002
0 0.5301320754716982 0.5188125 0.20835849056603786 0.08274999999999993
0 0.49554716981132074 0.5850729166666666 0.22305660377358497 0.08333333333333333
0 0.45152830188679244 0.6429375 0.24192452830188685 0.0798645833333334
0 0.4530943396226415 0.70659375 0.25554716981132086 0.07407291666666656
0 0.4651509433962264 0.7763333333333333 0.24192452830188674 0.0920104166666666
0 0.5191698113207548 0.8440416666666667 0.2726981132075471 0.0966458333333333
0 0.4740754716981132 0.09085416666666667 0.15703773584905664 0.05092708333333332
0 0.46877358490566035 0.05284374999999999 0.15143396226415093 0.034312499999999996