0 0.4201132075471698 0.8116979166666667 0.21541509433962266 0.07955208333333322
0 0.3571320754716981 0.7500312499999999 0.2168490566037736 0.07742708333333326
0 0.3345849056603774 0.6798958333333334 0.18205660377358493 0.07543750000000007
0 0.3789433962264151 0.6176875000000001 0.20607547169811316 0.07006249999999999
0 0.4182830188679245 0.5548645833333333 0.17152830188679238 0.09025000000000011
0 0.4687547169811321 0.5006979166666666 0.1538867924528303 0.07417708333333337
0 0.5106603773584906 0.44768749999999996 0.1730000000000001 0.06934374999999994
0 0.5302641509433963 0.39278124999999997 0.1583018867924528 0.05476041666666672
0 0.5466792452830189 0.34462499999999996 0.16958490566037734 0.05370833333333339
0 0.5575849056603773 0.3008125 0.14286792452830194 0.04940624999999995
0 0.5414150943396226 0.2565208333333333 0.15071698113207546 0.04874999999999995
0 0.5139622641509434 0.210125 0.1276792452830188 0.049583333333333354
0 0.5011132075471698 0.17476041666666667 0.14311320754716986 0.04730208333333336
0 0.475377358490566 0.13283333333333333 0.145566037735849 0.052739583333333326
0 0.45749056603773586 0.09273958333333333 0.1421320754716981 0.04098958333333333
0 0.43456603773584906 0.050875000000000004 0.13403773584905654 0.043583333333333335
0 0.45786792452830194 0.8684895833333334 0.20967924528301887 0.059895833333333336