0 0.5249130434782608 0.1944880174291939 0.22247826086956515 0.03131808278867102
0 0.5013913043478261 0.22081699346405229 0.21521739130434783 0.03494553376906316
0 0.5158695652173914 0.2482788671023965 0.20434782608695654 0.03540305010893246
0 0.5539130434782609 0.2777777777777778 0.21521739130434783 0.03540305010893246
0 0.5919565217391305 0.3036492374727669 0.18986956521739137 0.03177559912854026
0 0.6453913043478261 0.32611111111111113 0.23152173913043478 0.040392156862745145
0 0.6816521739130434 0.35040305010893247 0.22134782608695663 0.04084967320261438
0 0.6988695652173913 0.3799019607843137 0.2449130434782608 0.03630718954248371
0 0.7015652173913044 0.4078104575163399 0.21699999999999986 0.0358605664488017
0 0.6897826086956522 0.43686274509803924 0.22678260869565228 0.042211328976034856
0 0.6408695652173914 0.46591503267973855 0.25869565217391305 0.04493464052287582
0 0.5720434782608695 0.4940522875816994 0.2659565217391305 0.04583877995642706
0 0.502304347826087 0.5240087145969499 0.2532608695652174 0.044030501089324575
0 0.4615217391304348 0.5555555555555556 0.25869565217391305 0.039030501089324536
0 0.4588260869565217 0.5988997821350762 0.25691304347826077 0.05038126361655773
0 0.4533913043478261 0.6495098039215687 0.30039130434782596 0.04992374727668837
0 0.4681739130434783 0.6872331154684096 0.31560869565217403 0.0397821350762527