0 0.37666666666666665 0.7692327698309492 0.5362433862433862 0.04925877763329013
0 0.33560846560846563 0.7145253576072822 0.5377248677248677 0.0524057217165149
0 0.3616931216931217 0.6544343302990897 0.5146560846560847 0.04986996098829637
0 0.42296296296296293 0.6083094928478544 0.5911111111111113 0.046970091027308196
0 0.5413756613756613 0.5730429128738622 0.5934391534391533 0.058062418725617654
0 0.6522751322751322 0.5336540962288686 0.5477248677248676 0.0549674902470741
0 0.7535978835978836 0.49020806241872567 0.42291005291005296 0.05456436931079329
0 0.7808465608465609 0.4516775032509753 0.4383068783068782 0.054486345903771105
0 0.7502116402116402 0.40370611183355004 0.40031746031746046 0.04743823146944086
0 0.7004232804232804 0.369037711313394 0.3704232804232804 0.04379713914174246
0 0.6393121693121693 0.3338361508452536 0.3820634920634921 0.04200260078023401
0 0.554021164021164 0.30267880364109234 0.3486772486772487 0.040195058517555296
0 0.49682539682539684 0.2716514954486346 0.34761904761904755 0.04582574772431731
0 0.46687830687830684 0.23578673602080624 0.35788359788359797 0.03924577373211965
0 0.4480952380952381 0.19914174252275682 0.35619047619047617 0.04050715214564366
0 0.46407407407407403 0.16966189856957087 0.36645502645502653 0.03752925877763331
0 0.48169312169312173 0.13668400520156046 0.2649206349206349 0.03284785435630688