0 0.5149433962264152 0.07986458333333334 0.2450566037735849 0.057875
0 0.519132075471698 0.13079166666666667 0.20313207547169806 0.059031250000000014
0 0.49241509433962266 0.18055208333333334 0.2251509433962265 0.07870833333333334
0 0.47249056603773576 0.22309374999999998 0.22096226415094342 0.05844791666666668
0 0.41956603773584905 0.27198958333333334 0.21154716981132077 0.0752291666666667
0 0.3781698113207547 0.3153958333333333 0.21679245283018864 0.0763854166666667
0 0.3163207547169811 0.35851041666666666 0.21681132075471704 0.07465624999999995
0 0.2628679245283019 0.4030625 0.24407547169811322 0.078125
0 0.21571698113207544 0.45775 0.2629622641509434 0.06829166666666672
0 0.20207547169811318 0.5057916666666666 0.28601886792452824 0.06481250000000002
0 0.22566037735849057 0.5665520833333333 0.27237735849056605 0.08912499999999994
0 0.2802075471698113 0.63396875 0.27264150943396226 0.09433333333333328
0 0.3834339622641509 0.6903958333333333 0.284188679245283 0.10301041666666677
0 0.4976792452830188 0.7523125 0.28841509433962265 0.09954166666666661
0 0.5773396226415094 0.8101875 0.3366415094339622 0.1122708333333333
0 0.6347924528301887 0.8532708333333333 0.3691509433962264 0.1111145833333334
0 0.7062452830188679 0.9198020833333334 0.3645660377358491 0.08179166666666665