0 0.43081132075471695 0.09882291666666668 0.2752452830188679 0.044687500000000005
0 0.43235849056603776 0.13061458333333334 0.2690188679245283 0.05499999999999998
0 0.4580377358490566 0.17101041666666666 0.2767924528301888 0.05671874999999999
0 0.5350943396226415 0.17788541666666668 0.21607547169811317 0.08078125000000001
0 0.6121320754716981 0.17745833333333336 0.23939622641509434 0.07476041666666665
0 0.7078301886792452 0.19979166666666667 0.253377358490566 0.08507291666666668
0 0.7374150943396226 0.2337395833333333 0.31250943396226416 0.07562500000000003
0 0.7576415094339622 0.27240625 0.2720566037735848 0.06531250000000005
0 0.7514150943396226 0.3175208333333333 0.2627169811320755 0.0713229166666667
0 0.7273018867924529 0.3647916666666667 0.2611698113207546 0.09022916666666667
0 0.6899433962264151 0.4103333333333333 0.25805660377358486 0.07647916666666663
0 0.644811320754717 0.45975 0.2580754716981132 0.09453125
0 0.5724339622641509 0.5117395833333334 0.25652830188679254 0.0867916666666666
0 0.5187358490566037 0.5834895833333333 0.2612075471698112 0.09453125
0 0.4883962264150944 0.665125 0.25032075471698106 0.0859375
0 0.48994339622641514 0.7278541666666667 0.2721132075471699 0.07734375
0 0.5023962264150943 0.7854375 0.24409433962264152 0.058437499999999906