0 0.49528301886792453 0.09101041666666668 0.167622641509434 0.05263541666666667
0 0.4997547169811321 0.13459375 0.16464150943396225 0.052083333333333336
0 0.502245283018868 0.1768125 0.167622641509434 0.05756249999999999
0 0.5032264150943396 0.2256041666666667 0.16960377358490564 0.06085416666666668
0 0.5067169811320755 0.27275 0.17854716981132074 0.05428125000000002
0 0.5067169811320755 0.32236458333333334 0.19245283018867926 0.0625
0 0.510188679245283 0.3719895833333334 0.20137735849056607 0.06523958333333332
0 0.5181320754716982 0.430375 0.2073396226415094 0.0712708333333333
0 0.5394716981132076 0.48163541666666665 0.23413207547169818 0.06853124999999996
0 0.5563584905660377 0.5389270833333334 0.2420754716981131 0.07565624999999988
0 0.5791886792452831 0.6016979166666666 0.24801886792452837 0.06743750000000001
0 0.5945849056603774 0.65625 0.24703773584905672 0.07017708333333322
0 0.5995471698113207 0.71984375 0.24901886792452835 0.06908333333333326
0 0.5762075471698113 0.7908437500000001 0.25001886792452827 0.08059374999999988
0 0.5642830188679245 0.8719895833333333 0.2976792452830188 0.08936458333333329
0 0.479566037735849 0.05078125 0.17284905660377362 0.03538541666666666
0 0.48056603773584905 0.022166666666666668 0.1641698113207547 0.03381250000000001