0 0.45833962264150946 0.08159374999999999 0.28281132075471693 0.05092708333333335
0 0.4683396226415094 0.12413541666666666 0.3009811320754718 0.059604166666666666
0 0.47877358490566035 0.17129166666666668 0.2691698113207547 0.057875
0 0.4919245283018868 0.21961458333333334 0.2873584905660376 0.06423958333333335
0 0.4950188679245283 0.27257291666666666 0.29537735849056596 0.06596875000000005
0 0.4986981132075472 0.31799999999999995 0.2964150943396227 0.0653958333333333
0 0.5023584905660378 0.3692083333333333 0.29326415094339636 0.06481250000000002
0 0.4923962264150944 0.4238958333333333 0.32577358490566033 0.07002083333333337
0 0.4892641509433962 0.4759791666666667 0.3173773584905661 0.059604166666666694
0 0.49554716981132074 0.53675 0.34043396226415107 0.0769687500000001
0 0.4981509433962264 0.6041666666666666 0.3896981132075471 0.07754166666666672
0 0.5102075471698113 0.6695625 0.39073584905660386 0.08333333333333333
0 0.4934339622641509 0.7450833333333333 0.40960377358490574 0.0954895833333334
0 0.46356603773584903 0.8182916666666666 0.4253396226415093 0.07754166666666672
0 0.437377358490566 0.8859999999999999 0.42324528301886805 0.0949062499999999
0 0.4105471698113208 0.9536458333333333 0.46101886792452823 0.08937499999999995
0 0.4618867924528302 0.046875 0.30098113207547167 0.05083333333333335