0 0.3618266978922717 0.7405959941377626 0.23770491803278687 0.05471421592574499
0 0.373536299765808 0.6956521739130435 0.20843091334894615 0.0537371763556424
0 0.41217798594847777 0.6311675622862726 0.24004683840749413 0.07425500732779677
0 0.4426229508196721 0.5701025891548608 0.23770491803278687 0.08158280410356619
0 0.531615925058548 0.5183194919394235 0.21428571428571427 0.07914020517830972
0 0.5936768149882904 0.4650708353688324 0.20023419203747073 0.06839276990718124
0 0.6440281030444965 0.4176844162188569 0.21428571428571427 0.06204201270151441
0 0.6721311475409836 0.36590131900341966 0.20843091334894615 0.05471421592574499
0 0.6768149882903981 0.31998045920859797 0.18266978922716628 0.060576453346360526
0 0.6346604215456675 0.2789447972642892 0.19437939110070257 0.05666829506595017
0 0.5749414519906323 0.2423058133854421 0.16510538641686182 0.061553492916463115
0 0.49414519906323184 0.2144601856375183 0.1405152224824356 0.06741573033707865
0 0.4133489461358314 0.1885686370297997 0.15456674473067916 0.05569125549584758
0 0.38524590163934425 0.1626770884220811 0.16159250585480095 0.04152418172936004
0 0.37236533957845436 0.1255495847581827 0.20491803278688525 0.040058622374206154
0 0.36065573770491804 0.08744504152418173 0.1721311475409836 0.03224230581338544
0 0.38875878220140514 0.056179775280898875 0.17681498829039813 0.0356619443087445