0 0.4204184100418411 0.13690476190476192 0.23748953974895393 0.03422619047619048
0 0.44393305439330544 0.16964285714285715 0.23748953974895393 0.043154761904761904
0 0.5289539748953975 0.20275 0.2714644351464435 0.057285714285714294
0 0.6113389121338912 0.22582142857142856 0.2698326359832636 0.06323809523809525
0 0.6976150627615062 0.2488809523809524 0.3064435146443515 0.06027380952380952
0 0.7878242677824268 0.28013095238095237 0.3195397489539749 0.054309523809523814
0 0.7956903765690376 0.3288690476190476 0.30384937238493726 0.046130952380952384
0 0.7655648535564854 0.35936904761904764 0.27405857740585776 0.052083333333333336
0 0.6910460251046024 0.3954642857142857 0.2871129707112971 0.06771428571428571
0 0.553765690376569 0.4270833333333333 0.2741004184100418 0.0818452380952381
0 0.4348117154811716 0.47060714285714284 0.2923849372384937 0.07069047619047618
0 0.3419665271966527 0.51525 0.28979079497907956 0.07069047619047618
0 0.3132217573221757 0.5688214285714286 0.3159414225941423 0.05729761904761904
0 0.33543933054393305 0.6264880952380952 0.33949790794979084 0.06547619047619048
0 0.4138912133891214 0.6860119047619048 0.3656066945606694 0.07589285714285714
0 0.4831799163179917 0.7291666666666666 0.37870292887029294 0.06101190476190476
0 0.3833891213389121 0.1104047619047619 0.22949790794979077 0.04373809523809525