0 0.36035849056603775 0.09635416666666667 0.2084150943396226 0.0491875
0 0.4070188679245283 0.14698958333333334 0.23073584905660383 0.06134374999999999
0 0.46571698113207544 0.18691666666666668 0.2936415094339623 0.06365625000000001
0 0.49296226415094335 0.2320625 0.31250943396226416 0.06596874999999998
0 0.5181132075471698 0.28877083333333337 0.3125283018867924 0.06944791666666662
0 0.49292452830188677 0.3466458333333333 0.28698113207547177 0.07291666666666667
0 0.4866415094339623 0.4068333333333333 0.2974716981132075 0.08564583333333337
0 0.429 0.46498958333333335 0.28281132075471693 0.08738541666666665
0 0.38969811320754716 0.54021875 0.28177358490566035 0.08738541666666677
0 0.3613962264150943 0.6009791666666667 0.3320754716981132 0.0920104166666666
0 0.36086792452830185 0.666375 0.3394339622641509 0.08622916666666663
0 0.37345283018867925 0.7358229166666667 0.3373207547169811 0.08391666666666661
0 0.4290377358490566 0.7997708333333333 0.3355660377358491 0.0798645833333334
0 0.48615094339622644 0.8553229166666667 0.3303396226415095 0.0752291666666667
0 0.5469433962264151 0.91840625 0.36388679245283023 0.09721874999999992
0 0.32939622641509436 0.058416666666666665 0.24020754716981133 0.05176041666666666
0 0.29890566037735844 0.02678125 0.22492452830188675 0.04237499999999999