0 0.48162264150943396 0.9282083333333334 0.2682830188679246 0.05362500000000002
0 0.48507547169811316 0.8684999999999999 0.2662075471698114 0.05778125000000003
0 0.507056603773585 0.8060208333333333 0.25743396226415105 0.06111458333333341
0 0.5499056603773584 0.7437083333333334 0.21954716981132077 0.047645833333333346
0 0.5961132075471698 0.6841354166666667 0.22824528301886798 0.05538541666666674
0 0.6347358490566039 0.6159895833333333 0.23522641509433956 0.05464583333333337
0 0.6690188679245282 0.5564479166666667 0.2304528301886792 0.050635416666666565
0 0.6739056603773586 0.50075 0.2038679245283018 0.04983333333333337
0 0.6713584905660377 0.45046875 0.2028301886792453 0.04592708333333337
0 0.6672641509433962 0.4024479166666667 0.18664150943396218 0.044062499999999956
0 0.6526415094339623 0.3564583333333333 0.17790566037735842 0.043124999999999976
0 0.636 0.30415625 0.19167924528301894 0.059583333333333384
0 0.6202075471698113 0.25861458333333337 0.20101886792452822 0.05367708333333336
0 0.5741132075471698 0.21509375 0.18911320754716984 0.047677083333333314
0 0.5700566037735849 0.17223958333333333 0.19320754716981128 0.04479166666666667
0 0.5749811320754717 0.12959375 0.1922264150943396 0.050583333333333334
0 0.5461698113207548 0.08364583333333334 0.20086792452830196 0.040312500000000015