0 0.5603448275862069 0.6922325354176844 0.21921182266009853 0.0361504640937958
0 0.5615763546798029 0.655105031753786 0.21921182266009853 0.050806057645334635
0 0.5369458128078818 0.6082071323888617 0.2019704433497537 0.06106497313141182
0 0.5 0.5569125549584758 0.19088669950738915 0.06888128969223253
0 0.4445812807881773 0.5100146555935515 0.19088669950738915 0.05764533463605276
0 0.4027093596059113 0.46409379579872984 0.18472906403940886 0.0542256961406937
0 0.3633004926108374 0.42061553492916465 0.16748768472906403 0.06008793356130923
0 0.32019704433497537 0.37567171470444555 0.17733990147783252 0.04738641914997557
0 0.3054187192118227 0.3346360527601368 0.17857142857142858 0.04738641914997557
0 0.3103448275862069 0.30190522716170004 0.1933497536945813 0.0449438202247191
0 0.32142857142857145 0.2696629213483146 0.16625615763546797 0.04689789936492428
0 0.3411330049261084 0.23790913531998045 0.17118226600985223 0.04054714215925745
0 0.39039408866995073 0.21104054714215925 0.18226600985221675 0.04298974108451392
0 0.42610837438423643 0.18466047874938935 0.16748768472906403 0.03957010258915486
0 0.4482758620689655 0.1538837322911578 0.15886699507389163 0.0361504640937958
0 0.5640394088669951 0.7313141182217879 0.21305418719211822 0.03321934538348803
0 0.4766009852216749 0.12848070346849047 0.14655172413793102 0.03712750366389839