0 0.4284716981132076 0.07205208333333334 0.2943396226415094 0.06423958333333332
0 0.426377358490566 0.11082291666666667 0.3090188679245284 0.06076041666666668
0 0.43266037735849056 0.15133333333333335 0.3132075471698113 0.06423958333333335
0 0.4353207547169811 0.19617708333333334 0.35232075471698104 0.06944791666666668
0 0.46256603773584903 0.2471041666666667 0.35862264150943396 0.07291666666666667
0 0.5134150943396226 0.29601041666666666 0.35130188679245294 0.07465624999999995
0 0.5411698113207547 0.34345833333333337 0.3313962264150943 0.07002083333333337
0 0.5385660377358491 0.39612499999999995 0.3722641509433964 0.06308333333333328
0 0.5286037735849057 0.4502291666666667 0.36283018867924544 0.07060416666666663
0 0.5128301886792453 0.504625 0.36664150943396234 0.0787083333333334
0 0.5033962264150944 0.56915625 0.3603396226415095 0.08622916666666663
0 0.4960754716981132 0.6391770833333333 0.3603396226415095 0.08043750000000002
0 0.5039245283018867 0.7048645833333332 0.3823584905660377 0.08564583333333337
0 0.5369433962264151 0.7760416666666666 0.37501886792452827 0.08448958333333323
0 0.5631320754716981 0.84721875 0.4001509433962265 0.07754166666666672
0 0.582 0.9241875 0.43998113207547157 0.08564583333333337
0 0.4461320754716981 0.034166666666666665 0.3144528301886792 0.042499999999999996