0 0.5113962264150944 0.06785416666666667 0.22696226415094334 0.055770833333333325
0 0.5004716981132076 0.10548958333333332 0.23875471698113201 0.056697916666666674
0 0.5105660377358491 0.15336458333333333 0.2286415094339624 0.052052083333333304
0 0.5189811320754717 0.20122916666666668 0.2454716981132076 0.06041666666666667
0 0.5476037735849056 0.24816666666666667 0.2623018867924528 0.06134374999999999
0 0.6039811320754718 0.2969583333333333 0.23030188679245273 0.0622708333333333
0 0.6199811320754717 0.34296875 0.21515094339622637 0.06134374999999999
0 0.640188679245283 0.3908333333333333 0.25218867924528293 0.06041666666666667
0 0.640188679245283 0.4359166666666667 0.2622830188679245 0.0706354166666666
0 0.6208301886792453 0.49261458333333336 0.2505094339622641 0.07435416666666667
0 0.584622641509434 0.5446666666666666 0.26903773584905666 0.07249999999999991
0 0.5349622641509434 0.6120520833333334 0.31449056603773595 0.08830208333333331
0 0.5055094339622642 0.6738541666666666 0.2623207547169811 0.08179166666666665
0 0.474377358490566 0.7496145833333333 0.267377358490566 0.08643750000000001
0 0.4550188679245283 0.8183854166666666 0.2858867924528303 0.07157291666666671
0 0.47015094339622643 0.8946041666666668 0.32966037735849063 0.09387500000000013
0 0.4656603773584906 0.9516354166666667 0.35258490566037737 0.09672916666666656