0 0.5065471698113208 0.09316666666666666 0.20941509433962266 0.04513541666666665
0 0.5081320754716981 0.13136458333333334 0.21047169811320746 0.05323958333333332
0 0.5055094339622642 0.1741875 0.20313207547169806 0.059031250000000014
0 0.5049811320754717 0.214125 0.20209433962264153 0.05323958333333335
0 0.5117924528301887 0.2575208333333333 0.1863584905660377 0.055552083333333314
0 0.5206981132075472 0.3026666666666667 0.20418867924528308 0.05787500000000006
0 0.5112830188679246 0.3469375 0.20209433962264153 0.059604166666666694
0 0.5065660377358491 0.3938125 0.20732075471698114 0.06655208333333332
0 0.4986981132075472 0.4485 0.2251509433962265 0.06365625000000001
0 0.48245283018867924 0.4973958333333333 0.23667924528301876 0.0653958333333333
0 0.4672452830188679 0.5491875 0.24820754716981122 0.0798645833333334
0 0.4583396226415094 0.6056145833333333 0.2534528301886792 0.06886458333333323
0 0.47615094339622643 0.6658020833333332 0.25135849056603776 0.07581249999999998
0 0.5144528301886793 0.7306145833333333 0.2716415094339623 0.07581249999999998
0 0.5401320754716981 0.8052708333333333 0.28318867924528307 0.09780208333333344
0 0.585622641509434 0.8626770833333333 0.3876981132075472 0.09711458333333335
0 0.5067735849056604 0.06335416666666667 0.20918867924528303 0.04518750000000001