0 0.5088490566037736 0.077875 0.17775471698113215 0.056375
0 0.4956981132075472 0.11973958333333333 0.1656226415094339 0.057500000000000016
0 0.4982264150943396 0.16830208333333332 0.16462264150943395 0.05861458333333332
0 0.5144150943396226 0.21686458333333333 0.19494339622641496 0.05861458333333332
0 0.517943396226415 0.2626354166666667 0.17371698113207534 0.057500000000000044
0 0.5224905660377359 0.30589583333333337 0.17877358490566037 0.061406250000000044
0 0.5209811320754717 0.35753125 0.17977358490566034 0.0675416666666667
0 0.5300754716981132 0.406375 0.18786792452830198 0.06474999999999996
0 0.5533396226415094 0.45075000000000004 0.20845283018867927 0.07312500000000005
0 0.5826603773584905 0.5132708333333333 0.23271698113207553 0.07982291666666678
0 0.6049056603773585 0.5690937500000001 0.20847169811320757 0.08093750000000005
0 0.5983396226415094 0.6341249999999999 0.21958490566037736 0.07256250000000009
0 0.5669811320754717 0.6977604166666667 0.23739622641509422 0.0815
0 0.5143962264150943 0.7588854166666666 0.2374150943396227 0.08652083333333328
0 0.4608301886792453 0.8336875 0.25358490566037734 0.08429166666666674
0 0.4254339622641509 0.9068124999999999 0.29201886792452836 0.06865625000000009
0 0.526566037735849 0.036458333333333336 0.17879245283018866 0.041666666666666664