0 0.5164233576642335 0.68310546875 0.2518248175182482 0.0419921875
0 0.5492700729927007 0.72412109375 0.2591240875912409 0.04150390625
0 0.5091240875912408 0.64111328125 0.23175182481751824 0.048828125
0 0.49452554744525545 0.59765625 0.20437956204379562 0.05078125
0 0.49452554744525545 0.55419921875 0.21532846715328466 0.03955078125
0 0.5091240875912408 0.515625 0.2208029197080292 0.046875
0 0.5218978102189781 0.4765625 0.21532846715328466 0.03857421875
0 0.541970802919708 0.443359375 0.18613138686131386 0.041015625
0 0.5547445255474452 0.412109375 0.1843065693430657 0.03857421875
0 0.5565693430656934 0.38232421875 0.18065693430656934 0.03466796875
0 0.551094890510949 0.3515625 0.1843065693430657 0.03173828125
0 0.5401459854014599 0.32275390625 0.17153284671532848 0.02783203125
0 0.5273722627737226 0.296875 0.17153284671532848 0.02685546875
0 0.5127737226277372 0.271484375 0.16423357664233576 0.02783203125
0 0.49452554744525545 0.2451171875 0.16605839416058393 0.033203125
0 0.4854014598540146 0.21826171875 0.15875912408759124 0.02880859375
0 0.48722627737226276 0.1923828125 0.17518248175182483 0.02783203125