0 0.47888679245283017 0.054031249999999996 0.19688679245283022 0.044489583333333325
0 0.47960377358490563 0.08978124999999999 0.19833962264150945 0.04926041666666666
0 0.4839245283018868 0.12632291666666667 0.19545283018867932 0.052437500000000005
0 0.5026226415094339 0.16804166666666667 0.19256603773584896 0.05322916666666669
0 0.5177358490566037 0.21332291666666667 0.19688679245283022 0.061177083333333354
0 0.5465094339622641 0.25901041666666663 0.1997547169811321 0.05403125
0 0.5688113207547171 0.30906249999999996 0.21558490566037733 0.0683229166666667
0 0.5983207547169812 0.36150000000000004 0.2054905660377358 0.05561458333333332
0 0.5954339622641509 0.4139375 0.2112641509433963 0.05879166666666672
0 0.5774528301886792 0.4671666666666667 0.2242075471698114 0.06673958333333327
0 0.554433962264151 0.52278125 0.23284905660377353 0.07786458333333333
0 0.49543396226415093 0.5871354166666667 0.2558867924528302 0.07627083333333336
0 0.46737735849056605 0.6503020833333333 0.26020754716981137 0.07070833333333344
0 0.47888679245283017 0.7079062500000001 0.2573207547169811 0.06832291666666658
0 0.4896792452830188 0.7682916666666666 0.27028301886792455 0.08104166666666662
0 0.5551509433962265 0.8346250000000001 0.29471698113207556 0.08342708333333325
0 0.5896792452830188 0.90653125 0.32349056603773596 0.08739583333333342