0 0.4329622641509434 0.8402499999999999 0.2749622641509433 0.08788541666666679
0 0.4471320754716981 0.7622916666666666 0.23509433962264145 0.08507291666666675
0 0.4840377358490566 0.6909479166666667 0.2379433962264151 0.08191666666666678
0 0.5444905660377358 0.6314479166666668 0.22964150943396233 0.08077083333333329
0 0.5974716981132075 0.5730104166666667 0.25207547169811323 0.07319791666666665
0 0.648056603773585 0.5174166666666667 0.21811320754716984 0.06277083333333332
0 0.6667547169811321 0.4561875 0.2025471698113208 0.059927083333333304
0 0.670245283018868 0.40546875 0.23598113207547158 0.06340625000000001
0 0.6395094339622641 0.34736458333333337 0.22586792452830196 0.061302083333333354
0 0.6069056603773585 0.3006979166666667 0.2013396226415095 0.060135416666666684
0 0.5645283018867925 0.25701041666666663 0.2001509433962265 0.05355208333333336
0 0.5251698113207547 0.20701041666666667 0.17445283018867933 0.048781249999999984
0 0.48543396226415086 0.16580208333333332 0.14796226415094332 0.050520833333333334
0 0.46350943396226413 0.12861458333333334 0.17037735849056607 0.04382291666666666
0 0.4389433962264151 0.08214583333333333 0.17756603773584909 0.053322916666666664
0 0.4245660377358491 0.041875 0.15875471698113205 0.03496874999999999
0 0.4157169811320755 0.90690625 0.30805660377358496 0.07557291666666661