0 0.3946037735849056 0.08659375 0.20030188679245278 0.059083333333333335
0 0.4032075471698113 0.12394791666666666 0.21260377358490556 0.05229166666666669
0 0.4302641509433962 0.1725 0.21260377358490568 0.05976041666666667
0 0.4530188679245282 0.22038541666666667 0.22120754716981134 0.05908333333333336
0 0.49792452830188677 0.26758333333333334 0.2175094339622641 0.058406250000000055
0 0.5360566037735849 0.31105208333333334 0.20518867924528303 0.058406250000000055
0 0.5846415094339623 0.35350000000000004 0.24822641509433951 0.05908333333333336
0 0.6547358490566038 0.39730208333333333 0.2556037735849057 0.06927083333333334
0 0.7426792452830189 0.4366875 0.2617358490566038 0.07334374999999997
0 0.8103396226415095 0.48524999999999996 0.27154716981132065 0.06994791666666664
0 0.8429433962264151 0.5341458333333333 0.2801509433962264 0.07945833333333331
0 0.826943396226415 0.5962916666666668 0.2900000000000001 0.07878125000000011
0 0.7500754716981133 0.6434895833333333 0.2961509433962265 0.08896875000000008
0 0.6178490566037735 0.6822083333333333 0.27773584905660365 0.07810416666666668
0 0.49669811320754714 0.7277083333333334 0.2937547169811322 0.09032291666666671
0 0.3989056603773584 0.7793229166666666 0.29009433962264153 0.08082291666666658
0 0.36877358490566037 0.8241458333333332 0.29871698113207557 0.07538541666666679