0 0.6132596685082873 0.3037109375 0.14917127071823205 0.02587890625
0 0.6132596685082873 0.330078125 0.14732965009208104 0.0302734375
0 0.6408839779005525 0.3583984375 0.16758747697974216 0.02783203125
0 0.6611418047882136 0.38671875 0.16574585635359115 0.03466796875
0 0.6869244935543278 0.4140625 0.15469613259668508 0.03564453125
0 0.6998158379373849 0.4443359375 0.1712707182320442 0.03271484375
0 0.7182320441988951 0.47509765625 0.17679558011049723 0.037109375
0 0.7384898710865562 0.51123046875 0.19521178637200737 0.03857421875
0 0.7605893186003683 0.5498046875 0.20994475138121546 0.0439453125
0 0.7882136279926335 0.58984375 0.22467771639042358 0.044921875
0 0.7974217311233885 0.62890625 0.23756906077348067 0.03271484375
0 0.7863720073664825 0.66650390625 0.2596685082872928 0.04736328125
0 0.7532228360957642 0.70947265625 0.26703499079189685 0.05126953125
0 0.7403314917127072 0.7548828125 0.26335174953959484 0.04345703125
0 0.6151012891344383 0.28076171875 0.16022099447513813 0.0244140625
0 0.6022099447513812 0.25830078125 0.15837937384898712 0.0234375
0 0.6040515653775322 0.23779296875 0.15101289134438306 0.0263671875