0 0.5033207547169811 0.6891666666666667 0.15284905660377357 0.030885416666666762
0 0.46866037735849053 0.6432395833333333 0.16475471698113195 0.0274166666666666
0 0.4555094339622641 0.6005 0.16539622641509438 0.025322916666666608
0 0.4691320754716981 0.5689166666666666 0.17401886792452834 0.021958333333333257
0 0.5279811320754717 0.299625 0.1336981132075472 0.016322916666666624
0 0.538377358490566 0.32217708333333334 0.13196226415094328 0.01356249999999998
0 0.5586792452830189 0.3452395833333333 0.13298113207547174 0.01729166666666669
0 0.5823962264150944 0.3633645833333333 0.13637735849056598 0.017531250000000043
0 0.6112075471698113 0.382875 0.14649056603773583 0.021177083333333378
0 0.6409622641509434 0.4111666666666667 0.12154716981132067 0.02194791666666672
0 0.4941132075471698 0.5393958333333334 0.18256603773584903 0.0147708333333334
0 0.5307547169811321 0.5177708333333333 0.1800943396226416 0.014083333333333314
0 0.5793584905660377 0.499625 0.2224339622641509 0.01705208333333334
0 0.6400943396226415 0.46161458333333333 0.15339622641509426 0.015104166666666667
0 0.6525283018867925 0.43713541666666667 0.12356603773584908 0.013968749999999967
0 0.6296415094339622 0.4813854166666667 0.12422641509433968 0.011802083333333376
0 0.5109622641509434 0.7103750000000001 0.14188679245283028 0.027260416666666742