0 0.4393018867924529 0.9264375 0.3250188679245283 0.07682291666666667
0 0.4440188679245284 0.8489583333333334 0.27784905660377357 0.07291666666666667
0 0.44637735849056603 0.7721354166666666 0.268433962264151 0.08072916666666667
0 0.45581132075471703 0.703125 0.27784905660377357 0.08854166666666667
0 0.4841132075471698 0.6321666666666667 0.24483018867924528 0.09244791666666667
0 0.5218490566037736 0.5696666666666667 0.25424528301886795 0.08723958333333333
0 0.5937735849056603 0.5032604166666667 0.2330188679245283 0.08984375
0 0.6620754716981132 0.4657708333333333 0.22616981132075473 0.08035416666666666
0 0.742943396226415 0.41592708333333334 0.2180566037735848 0.06696874999999997
0 0.7591132075471698 0.37128125 0.218056603773585 0.05803125000000004
0 0.7496792452830189 0.3218020833333333 0.19381132075471702 0.058781249999999945
0 0.6957924528301886 0.28347916666666667 0.250867924528302 0.09672916666666669
0 0.596754716981132 0.24516666666666667 0.21447169811320746 0.08110416666666669
0 0.5098301886792452 0.22097916666666664 0.19962264150943387 0.08928124999999998
0 0.42020754716981135 0.18155208333333334 0.21679245283018875 0.07142708333333332
0 0.3959433962264151 0.13690625 0.222188679245283 0.06101041666666666
0 0.39188679245283015 0.094125 0.20062264150943404 0.04538541666666666