0 0.4564528301886792 0.09497916666666667 0.19511320754716985 0.05514583333333333
0 0.4520188679245283 0.1341875 0.1929056603773585 0.056375
0 0.4525660377358491 0.18290625 0.19845283018867937 0.0655625
0 0.45866037735849063 0.22886458333333334 0.23728301886792452 0.07414583333333334
0 0.4570000000000001 0.2757395833333333 0.2339622641509434 0.07108333333333335
0 0.46699999999999997 0.315875 0.22507547169811315 0.06923958333333337
0 0.4764339622641509 0.36672916666666666 0.21066037735849052 0.07046874999999998
0 0.46254716981132077 0.42064583333333333 0.21398113207547176 0.06801041666666663
0 0.4486792452830189 0.46844791666666663 0.22398113207547177 0.07046874999999998
0 0.4325849056603774 0.525125 0.23175471698113204 0.07230208333333342
0 0.3882075471698113 0.58915625 0.2450754716981132 0.07536458333333323
0 0.37543396226415093 0.64521875 0.24618867924528295 0.07230208333333342
0 0.3715471698113208 0.7089479166666667 0.2450754716981132 0.0821041666666666
0 0.4009622641509434 0.7674583333333334 0.25284905660377355 0.08762499999999988
0 0.4770188679245283 0.8318020833333333 0.2676415094339623 0.10355208333333342
0 0.5042075471698113 0.9041041666666667 0.2887358490566037 0.09130208333333342
0 0.45535849056603767 0.06208333333333334 0.18041509433962266 0.04416666666666666