0 0.4620355411954766 0.23193359375 0.1518578352180937 0.02587890625
0 0.45395799676898224 0.255859375 0.14054927302100162 0.02392578125
0 0.4491114701130856 0.2802734375 0.1470113085621971 0.02392578125
0 0.4604200323101777 0.306640625 0.1518578352180937 0.025390625
0 0.46526655896607433 0.33349609375 0.15508885298869143 0.02587890625
0 0.48303715670436187 0.359375 0.15508885298869143 0.02685546875
0 0.4894991922455573 0.388671875 0.1518578352180937 0.0283203125
0 0.5024232633279483 0.4208984375 0.15508885298869143 0.0283203125
0 0.5088852988691438 0.44921875 0.1631663974151858 0.02978515625
0 0.5072697899838449 0.4794921875 0.1777059773828756 0.0322265625
0 0.4878836833602585 0.5107421875 0.1841680129240711 0.03271484375
0 0.4620355411954766 0.54248046875 0.20678513731825526 0.0419921875
0 0.44264943457189015 0.580078125 0.2084006462035541 0.0439453125
0 0.4491114701130856 0.62255859375 0.2245557350565428 0.044921875
0 0.4781906300484653 0.66650390625 0.23909531502423265 0.05078125
0 0.531502423263328 0.7080078125 0.25363489499192243 0.05078125
0 0.5638126009693053 0.74462890625 0.2568659127625202 0.04248046875