0 0.5455849056603774 0.8329166666666666 0.3199056603773586 0.08061458333333343
0 0.46467924528301885 0.7682083333333334 0.31820754716981137 0.0900729166666667
0 0.3969245283018868 0.6956041666666667 0.3027735849056604 0.08375000000000009
0 0.3423396226415094 0.6345937500000001 0.29245283018867924 0.07633333333333331
0 0.3071698113207547 0.5653020833333334 0.2598490566037736 0.0696875000000001
0 0.3164716981132075 0.50571875 0.24698113207547176 0.0720520833333334
0 0.3966603773584905 0.44937499999999997 0.2124150943396226 0.0774166666666666
0 0.46069811320754717 0.40739583333333335 0.22728301886792449 0.06983333333333329
0 0.5153018867924528 0.3601979166666667 0.2610188679245284 0.07266666666666666
0 0.5320377358490567 0.31244791666666666 0.25045283018867925 0.06397916666666663
0 0.5177358490566037 0.25626041666666666 0.22184905660377366 0.06270833333333338
0 0.4912830188679245 0.21814583333333332 0.20041509433962268 0.06634374999999999
0 0.4599811320754717 0.17520833333333333 0.1943962264150944 0.0638125
0 0.422811320754717 0.13148958333333333 0.18296226415094333 0.05969791666666667
0 0.42124528301886793 0.08430208333333335 0.18611320754716978 0.06253125
0 0.43539622641509435 0.04403125 0.19554716981132073 0.04276041666666666
0 0.569 0.9075520833333334 0.3391509433962264 0.06770833333333333