0 0.5900377358490566 0.7853333333333333 0.3589622641509434 0.07665624999999991
0 0.6142264150943396 0.7158125 0.3514716981132075 0.06256249999999994
0 0.5671509433962264 0.649875 0.3957358490566038 0.06262499999999989
0 0.5296415094339623 0.5873020833333332 0.39983018867924525 0.06356249999999998
0 0.48309433962264153 0.5301979166666667 0.34403773584905667 0.06147916666666665
0 0.4517735849056604 0.47671874999999997 0.3440000000000001 0.041989583333333275
0 0.4173018867924528 0.42678125 0.29562264150943396 0.04760416666666671
0 0.4192264150943396 0.37977083333333334 0.2965283018867924 0.04282291666666668
0 0.42535849056603775 0.3338229166666667 0.2999811320754717 0.05478125000000003
0 0.42849056603773583 0.28609375 0.2886415094339622 0.04370833333333337
0 0.40450943396226413 0.24360416666666668 0.2794150943396227 0.042666666666666644
0 0.4144150943396226 0.200125 0.2575283018867925 0.04541666666666669
0 0.40109433962264157 0.15697916666666664 0.275 0.04187499999999999
0 0.38854716981132076 0.11387499999999999 0.32145283018867926 0.04519791666666665
0 0.37592452830188683 0.07189583333333333 0.3480943396226415 0.03560416666666667
0 0.5697924528301886 0.8523333333333334 0.40235849056603773 0.08353125000000006
0 0.48605660377358495 0.9121145833333333 0.44575471698113206 0.07991666666666669