0 0.5212452830188679 0.08634375 0.18830188679245274 0.05536458333333334
0 0.49954716981132075 0.12559375 0.17183018867924515 0.054531250000000024
0 0.4733396226415094 0.17310416666666667 0.1913018867924528 0.05866666666666666
0 0.4568867924528302 0.22020833333333334 0.1763396226415094 0.06032291666666669
0 0.43818867924528304 0.27060416666666665 0.17184905660377367 0.053708333333333275
0 0.41200000000000003 0.32307291666666665 0.1823396226415094 0.05618750000000006
0 0.4007735849056604 0.36521875000000004 0.21077358490566034 0.059489583333333346
0 0.41049056603773587 0.4238854166666667 0.2062830188679246 0.06114583333333338
0 0.42171698113207545 0.47801041666666666 0.21975471698113214 0.05866666666666672
0 0.4434150943396226 0.5346041666666667 0.23020754716981132 0.0661041666666667
0 0.4636226415094339 0.5932708333333333 0.22571698113207547 0.06776041666666661
0 0.4823207547169811 0.6564895833333334 0.22720754716981123 0.07354166666666657
0 0.49354716981132074 0.7250624999999999 0.23169811320754707 0.07354166666666657
0 0.4905471698113208 0.7837291666666667 0.23767924528301893 0.06528125000000008
0 0.48681132075471695 0.844875 0.23918867924528298 0.05701041666666669
0 0.4658679245283019 0.91221875 0.26613207547169815 0.07932291666666676
0 0.45754716981132076 0.9661458333333334 0.2962264150943396 0.06770833333333333