0 0.46462264150943394 0.09433333333333334 0.22830188679245284 0.05439583333333333
0 0.487188679245283 0.14004166666666668 0.24649056603773584 0.07060416666666663
0 0.5259811320754717 0.17910416666666668 0.2968113207547169 0.08043750000000002
0 0.6302641509433963 0.21295833333333333 0.2915849056603773 0.09606250000000002
0 0.704679245283019 0.25115625 0.2853207547169812 0.07176041666666665
0 0.7313962264150943 0.29513541666666665 0.30733962264150944 0.06596875000000005
0 0.7251132075471698 0.3535833333333333 0.25703773584905665 0.0775416666666666
0 0.6857735849056603 0.39467708333333335 0.2429245283018868 0.09606250000000002
0 0.6029811320754717 0.45081249999999995 0.24084905660377354 0.09259374999999999
0 0.5322264150943395 0.5037604166666667 0.2502830188679245 0.0954895833333334
0 0.48454716981132073 0.5688645833333333 0.2702075471698114 0.08448958333333323
0 0.4630566037735849 0.6359999999999999 0.24820754716981133 0.0763854166666666
0 0.48454716981132073 0.7080416666666667 0.2744150943396225 0.0920104166666666
0 0.5228301886792454 0.77575 0.2842264150943396 0.0954895833333334
0 0.554811320754717 0.8498229166666668 0.32511320754716994 0.08043750000000002
0 0.5894716981132075 0.9140312500000001 0.4046415094339623 0.10906250000000005
0 0.4575094339622641 0.06060416666666667 0.1927735849056604 0.04994791666666667