0 0.4467924528301887 0.8876354166666667 0.233 0.05682291666666662
0 0.4287547169811321 0.8167708333333333 0.22907547169811315 0.06071874999999996
0 0.43294339622641514 0.7452500000000001 0.2278301886792453 0.06330208333333331
0 0.45728301886792455 0.6765833333333333 0.23156603773584908 0.06993750000000011
0 0.4929056603773585 0.6127916666666666 0.23201886792452836 0.0745416666666666
0 0.5307358490566038 0.5485416666666667 0.2207358490566038 0.07121875000000012
0 0.5612452830188679 0.490125 0.2013584905660378 0.05561458333333332
0 0.5792830188679245 0.4366041666666666 0.20920754716981133 0.0597291666666667
0 0.5739433962264151 0.387125 0.19122641509433966 0.05553124999999994
0 0.5699056603773585 0.33640624999999996 0.19166037735849065 0.05584375000000001
0 0.5746981132075472 0.28783333333333333 0.19177358490566035 0.054739583333333286
0 0.5554150943396227 0.24476041666666665 0.17543396226415098 0.05765625000000003
0 0.548188679245283 0.20294791666666667 0.17049056603773588 0.04986458333333334
0 0.5486792452830189 0.15092708333333332 0.15633962264150947 0.05661458333333336
0 0.5486037735849056 0.10846874999999999 0.177811320754717 0.04602083333333334
0 0.561433962264151 0.06730208333333333 0.1881132075471699 0.04636458333333333
0 0.4628301886792453 0.94921875 0.2649811320754716 0.0561770833333334