0 0.47036082474226804 0.23095703125 0.1327319587628866 0.0244140625
0 0.47551546391752575 0.20361328125 0.17396907216494845 0.02294921875
0 0.47164948453608246 0.25830078125 0.16494845360824742 0.02490234375
0 0.48195876288659795 0.28759765625 0.14432989690721648 0.0263671875
0 0.4832474226804124 0.31689453125 0.18427835051546393 0.02783203125
0 0.48195876288659795 0.34375 0.18298969072164947 0.0283203125
0 0.4845360824742268 0.373046875 0.17654639175257733 0.02880859375
0 0.4742268041237113 0.404296875 0.16881443298969073 0.03271484375
0 0.47036082474226804 0.43798828125 0.15463917525773196 0.02880859375
0 0.4536082474226804 0.46875 0.18170103092783504 0.0263671875
0 0.43556701030927836 0.50390625 0.19072164948453607 0.03271484375
0 0.43556701030927836 0.53955078125 0.18556701030927836 0.02880859375
0 0.44458762886597936 0.57763671875 0.21005154639175258 0.0380859375
0 0.4420103092783505 0.62060546875 0.25644329896907214 0.037109375
0 0.4574742268041237 0.666015625 0.2551546391752577 0.03857421875
0 0.48582474226804123 0.70654296875 0.25 0.037109375
0 0.5077319587628866 0.74365234375 0.21005154639175258 0.0380859375