0 0.37839622641509435 0.8434270833333334 0.4578490566037735 0.06811458333333344
0 0.27764150943396226 0.7686041666666666 0.3602641509433962 0.06926041666666667
0 0.25973584905660374 0.7038229166666666 0.3665660377358491 0.06645833333333329
0 0.33416981132075474 0.6368125 0.36464150943396223 0.08052083333333329
0 0.4197547169811321 0.5708958333333333 0.3493584905660378 0.08230208333333332
0 0.5723584905660378 0.5119583333333334 0.3067735849056604 0.07457291666666659
0 0.6805471698113208 0.45535416666666667 0.2799245283018868 0.07105208333333338
0 0.7838867924528301 0.4041354166666667 0.30741509433962255 0.07419791666666668
0 0.8247547169811321 0.3547708333333333 0.27962264150943406 0.07021874999999997
0 0.8259622641509434 0.29662499999999997 0.28694339622641496 0.06751041666666661
0 0.7534905660377359 0.24852083333333336 0.3122264150943397 0.07414583333333334
0 0.6486415094339623 0.20310416666666667 0.23577358490566044 0.054906249999999976
0 0.6003207547169812 0.16307291666666668 0.26809433962264156 0.06161458333333331
0 0.5572075471698114 0.11923958333333333 0.2861509433962264 0.06933333333333333
0 0.5218301886792452 0.07155208333333334 0.22135849056603782 0.04932291666666666
0 0.45767924528301884 0.9190729166666666 0.3978867924528302 0.07548958333333336
0 0.5156415094339623 0.034416666666666665 0.20154716981132084 0.03542708333333334