0 0.42659482758620687 0.2006838453914767 0.11508620689655168 0.02967294350842418
0 0.42127155172413794 0.22797819623389495 0.1122629310344827 0.032487611496531246
0 0.42734913793103446 0.2566501486620416 0.12894396551724135 0.033785926660059494
0 0.4375646551724138 0.2859068384539148 0.13137931034482755 0.035490584737363676
0 0.4571336206896552 0.3154905847373637 0.12487068965517241 0.038196233894945454
0 0.46560344827586203 0.34591674925668975 0.12267241379310348 0.04053518334985132
0 0.47375 0.3768880079286422 0.12517241379310343 0.03562933597621412
0 0.47375 0.41063429137760155 0.12517241379310343 0.03656095143706639
0 0.4727370689655172 0.4455599603567889 0.12109913793103448 0.03422200198216053
0 0.464073275862069 0.48117938553022793 0.1139655172413793 0.03515361744301291
0 0.4508189655172414 0.5193855302279484 0.12823275862068967 0.03937561942517346
0 0.4263577586206897 0.5573538156590684 0.13640086206896557 0.040317145688800855
0 0.4100431034482758 0.6007234886025768 0.13028017241379308 0.03984142715559965
0 0.4192241379310345 0.6473637264618435 0.1404741379310345 0.045004955401387596
0 0.45795258620689655 0.6921308225966304 0.1506681034482758 0.04265609514370661
0 0.5099353448275863 0.7312685827552032 0.1547198275862068 0.045004955401387596
0 0.5583405172413793 0.7729930624380575 0.15980603448275857 0.04219028741328041