0 0.49431451612903227 0.1175540275049116 0.13282258064516128 0.029469548133595286
0 0.48558467741935485 0.1450589390962672 0.10995967741935488 0.03602161100196465
0 0.49028225806451614 0.17485265225933203 0.11399193548387089 0.04452848722986246
0 0.516491935483871 0.20694499017681728 0.11534274193548394 0.05370333988212182
0 0.5353024193548387 0.23673870333988212 0.1287701612903226 0.04388015717092334
0 0.5695766129032258 0.259007858546169 0.12473790322580645 0.05042239685658157
0 0.6092137096774194 0.2874950884086444 0.1448991935483871 0.05238703339882126
0 0.6300604838709677 0.3189292730844794 0.12741935483870978 0.049774066797642395
0 0.6408064516129032 0.3526522593320236 0.12471774193548389 0.04780943025540271
0 0.6313911290322581 0.3906385068762279 0.14354838709677428 0.05566797642436145
0 0.6145967741935483 0.4201080550098232 0.13951612903225816 0.05697445972495088
0 0.5702419354838709 0.4577603143418468 0.17983870967741944 0.05763261296660114
0 0.516491935483871 0.48919449901768175 0.17447580645161284 0.060245579567779886
0 0.456008064516129 0.5189882121807466 0.16911290322580644 0.05697445972495088
0 0.44727822580645166 0.5615618860510805 0.1709072580645161 0.04911591355599214
0 0.44258064516129036 0.6182023575638508 0.1803225806451613 0.060245579567779886
0 0.4466129032258065 0.6699410609037328 0.18838709677419355 0.0550098231827112