0 0.3613170731707317 0.8097241379310345 0.5313170731707317 0.05403448275862068
0 0.35360975609756096 0.7472988505747126 0.5941463414634145 0.05856321839080465
0 0.3541951219512195 0.6857356321839081 0.5735609756097562 0.06149425287356322
0 0.4556585365853658 0.627551724137931 0.44765853658536575 0.05056321839080461
0 0.6077560975609756 0.5864597701149425 0.39092682926829264 0.05060919540229882
0 0.7058048780487804 0.5390229885057471 0.42229268292682925 0.05131034482758619
0 0.7287317073170732 0.4929770114942529 0.4357073170731707 0.04631034482758616
0 0.714390243902439 0.4465862068965517 0.43521951219512206 0.04067816091954021
0 0.6318536585365854 0.40901149425287353 0.42053658536585353 0.03705747126436783
0 0.5675121951219513 0.37117241379310345 0.45360975609756105 0.04375862068965523
0 0.5185365853658537 0.32662068965517244 0.3713170731707317 0.04162068965517245
0 0.47770731707317077 0.28852873563218395 0.3900487804878048 0.034919540229885054
0 0.43326829268292677 0.24982758620689655 0.4241951219512194 0.047126436781609195
0 0.4043414634146342 0.2101264367816092 0.42921951219512183 0.04475862068965517
0 0.39707317073170734 0.17001149425287357 0.4234146341463415 0.04141379310344831
0 0.39190243902439026 0.13211494252873562 0.43702439024390244 0.045850574712643664
0 0.4913170731707317 0.8471609195402299 0.49395121951219506 0.051988505747126455