0 0.40524528301886786 0.03883333333333334 0.2736037735849056 0.06940624999999999
0 0.406 0.07932291666666667 0.28707547169811315 0.06114583333333332
0 0.4037547169811321 0.11898958333333333 0.3155094339622642 0.06444791666666667
0 0.4351698113207547 0.16938541666666668 0.29754716981132084 0.059489583333333346
0 0.46584905660377357 0.21896875000000002 0.2960377358490567 0.06610416666666664
0 0.5159811320754718 0.2615208333333333 0.2945283018867925 0.06196875000000001
0 0.5803396226415094 0.3077916666666667 0.27656603773584915 0.05701041666666669
0 0.617 0.35819791666666667 0.2570943396226415 0.06362500000000004
0 0.6327169811320754 0.4032291666666667 0.29150943396226414 0.0628020833333333
0 0.6229811320754717 0.4573541666666667 0.2870188679245283 0.06858333333333337
0 0.5967924528301887 0.5156041666666666 0.3034905660377359 0.0776666666666666
0 0.5713584905660377 0.5833541666666666 0.31847169811320747 0.07602083333333336
0 0.5279622641509434 0.6453333333333333 0.30350943396226415 0.07602083333333336
0 0.5032641509433963 0.7139166666666666 0.3020188679245282 0.07602083333333336
0 0.4912830188679245 0.7853854166666667 0.34392452830188674 0.07849999999999989
0 0.47783018867924526 0.8568541666666667 0.3588867924528303 0.08097916666666667
0 0.5087924528301887 0.9263437499999999 0.39030188679245287 0.08482291666666673