0 0.42947169811320757 0.8073958333333333 0.3125849056603773 0.05909375000000002
0 0.43749056603773584 0.7372916666666666 0.30581132075471706 0.07650000000000005
0 0.4942452830188679 0.6750624999999999 0.32547169811320753 0.07065624999999992
0 0.5614150943396227 0.6114791666666667 0.3338113207547169 0.06983333333333329
0 0.6146792452830189 0.5572604166666667 0.3732830188679246 0.07683333333333332
0 0.674188679245283 0.4982916666666667 0.34109433962264146 0.056625000000000016
0 0.6913962264150944 0.441 0.32760377358490567 0.0672604166666666
0 0.6709056603773584 0.3843229166666667 0.3253962264150944 0.051781250000000036
0 0.6476792452830188 0.33407291666666666 0.2957924528301886 0.04345833333333336
0 0.6030377358490566 0.2899583333333334 0.26707547169811313 0.0471041666666667
0 0.5416603773584905 0.2456458333333333 0.21922641509433952 0.03864583333333336
0 0.4831320754716981 0.2029166666666667 0.2550566037735848 0.04602083333333334
0 0.46637735849056605 0.15435416666666668 0.27343396226415084 0.05354166666666664
0 0.4486415094339622 0.10878125000000001 0.21954716981132077 0.04201041666666665
0 0.4447358490566038 0.0681875 0.2653773584905661 0.045229166666666654
0 0.4315849056603774 0.8606250000000001 0.3243396226415094 0.05395833333333329
0 0.4358301886792453 0.034416666666666665 0.20960377358490573 0.034739583333333345