0 0.48004314994606256 0.27294921875 0.12837108953613807 0.03466796875
0 0.4886731391585761 0.30078125 0.13807982740021574 0.0380859375
0 0.511326860841424 0.330078125 0.1574973031283711 0.04541015625
0 0.535059331175836 0.36083984375 0.15641855447680691 0.05419921875
0 0.5663430420711975 0.38818359375 0.12837108953613807 0.04296875
0 0.6030204962243797 0.41455078125 0.10679611650485436 0.0419921875
0 0.6213592233009708 0.44677734375 0.12837108953613807 0.03759765625
0 0.6148867313915858 0.47119140625 0.13700107874865156 0.0400390625
0 0.6084142394822006 0.501953125 0.16612729234088458 0.04296875
0 0.5771305285868392 0.53076171875 0.1704422869471413 0.04541015625
0 0.540453074433657 0.56494140625 0.1779935275080906 0.0439453125
0 0.5242718446601942 0.603515625 0.1930960086299892 0.04638671875
0 0.5134843581445523 0.64501953125 0.19093851132686085 0.05126953125
0 0.5134843581445523 0.69580078125 0.20388349514563106 0.06005859375
0 0.511326860841424 0.744140625 0.20388349514563106 0.04833984375
0 0.47680690399137 0.24658203125 0.12405609492988134 0.0302734375
0 0.47249190938511326 0.2216796875 0.1348435814455232 0.0283203125