0 0.5426037735849056 0.9178333333333334 0.24645283018867925 0.05599999999999999
0 0.544188679245283 0.85296875 0.2433018867924527 0.07209375000000004
0 0.541320754716981 0.781625 0.2375849056603773 0.0821875000000001
0 0.5356037735849056 0.7124895833333333 0.22615094339622643 0.06891666666666675
0 0.5058679245283019 0.6464375 0.21699999999999997 0.06528125000000008
0 0.5024339622641509 0.5869270833333334 0.2353018867924529 0.06433333333333333
0 0.49858490566037733 0.5331041666666666 0.2086981132075472 0.0677916666666666
0 0.49656603773584906 0.46886458333333336 0.16696226415094342 0.057375000000000044
0 0.5124339622641509 0.41748958333333336 0.19241509433962267 0.062260416666666644
0 0.5471698113207547 0.37590625 0.1801132075471699 0.07282291666666664
0 0.548754716981132 0.3216875 0.17698113207547161 0.05814583333333338
0 0.5583207547169812 0.27796875000000004 0.1521132075471698 0.05403125
0 0.5629056603773585 0.22248958333333332 0.1486792452830188 0.05765625000000003
0 0.5644716981132076 0.17805208333333333 0.14552830188679244 0.04865624999999998
0 0.5650377358490567 0.13204166666666667 0.1215094339622641 0.03649999999999999
0 0.5666603773584905 0.08984375 0.1740754716981132 0.044270833333333336
0 0.5324528301886792 0.96484375 0.25190566037735845 0.044270833333333336