0 0.4456981132075471 0.9002395833333333 0.35450943396226414 0.06593749999999995
0 0.4060943396226415 0.8307916666666666 0.31933962264150945 0.06593749999999995
0 0.3892264150943396 0.7612604166666667 0.2730188679245283 0.06923958333333337
0 0.37479245283018864 0.6940208333333333 0.250433962264151 0.08059374999999988
0 0.4020943396226415 0.6166041666666667 0.29875471698113215 0.06812500000000009
0 0.47041509433962264 0.56846875 0.25930188679245275 0.07601041666666669
0 0.5456037735849056 0.53184375 0.24616981132075477 0.07663541666666672
0 0.6366603773584906 0.47746875 0.2584716981132076 0.0780520833333334
0 0.7154339622641509 0.41765625 0.2839245283018868 0.09035416666666668
0 0.7431698113207547 0.35554166666666664 0.2513396226415095 0.05988541666666668
0 0.7355849056603774 0.3006145833333333 0.255056603773585 0.07503124999999997
0 0.7014150943396227 0.25586458333333334 0.2598490566037736 0.07296874999999996
0 0.6559433962264151 0.21656250000000002 0.22041509433962253 0.06317708333333331
0 0.5897735849056603 0.1630625 0.21500000000000008 0.053385416666666664
0 0.5408867924528302 0.11507291666666666 0.2556037735849057 0.05464583333333331
0 0.4748490566037736 0.07301041666666667 0.19898113207547166 0.05038541666666667
0 0.46018867924528295 0.034041666666666665 0.24954716981132075 0.041666666666666664