0 0.5094339622641509 0.03679166666666667 0.19269811320754715 0.043906249999999994
0 0.5043018867924528 0.07995833333333334 0.15724528301886798 0.03648958333333333
0 0.4689811320754717 0.11034375 0.19354716981132083 0.04517708333333334
0 0.4465471698113208 0.16045833333333331 0.19267924528301889 0.05859375
0 0.4461132075471698 0.20014583333333333 0.14779245283018877 0.05812500000000001
0 0.44754716981132076 0.240875 0.21356603773584895 0.04929166666666666
0 0.4844339622641509 0.2929583333333333 0.23700000000000002 0.04930208333333338
0 0.5225849056603774 0.34165625 0.2064150943396226 0.052937500000000054
0 0.5430377358490566 0.39184375 0.22843396226415102 0.06304166666666665
0 0.5619056603773585 0.44503125000000004 0.2536037735849056 0.05137500000000005
0 0.5683396226415095 0.49262500000000004 0.2350188679245282 0.06668749999999998
0 0.5484716981132075 0.5565416666666666 0.2518867924528302 0.05564583333333341
0 0.5297358490566038 0.6091875000000001 0.23786792452830177 0.07348958333333329
0 0.5198867924528302 0.6716875000000001 0.2576037735849056 0.08107291666666659
0 0.5113018867924528 0.7395625 0.24043396226415106 0.07791666666666662
0 0.5243018867924528 0.8140625 0.2601698113207547 0.07413541666666675
0 0.5321698113207547 0.8862708333333333 0.24445283018867936 0.06231249999999993