0 0.5264325842696629 0.02354381443298969 0.12294943820224714 0.030231958762886597
0 0.5372191011235955 0.04832474226804124 0.10999999999999992 0.038170103092783514
0 0.5464044943820225 0.0783118556701031 0.10674157303370786 0.04262886597938144
0 0.5658707865168539 0.11002577319587628 0.11969101123595509 0.04461340206185568
0 0.5874719101123596 0.1415077319587629 0.11752808988764053 0.045103092783505154
0 0.615 0.1742139175257732 0.1121348314606742 0.045103092783505154
0 0.6285112359550562 0.20989690721649484 0.11969101123595509 0.040141752577319556
0 0.6393258426966292 0.2458376288659794 0.11536516853932582 0.037667525773195897
0 0.6252808988764045 0.28275773195876286 0.12227528089887649 0.05105670103092784
0 0.6079775280898876 0.3211726804123711 0.13699438202247186 0.05452319587628866
0 0.5809831460674157 0.36082474226804123 0.1456460674157304 0.05452319587628859
0 0.5388483146067417 0.4002319587628866 0.1456460674157304 0.05798969072164949
0 0.49887640449438203 0.44606958762886595 0.14780898876404497 0.056507731958762915
0 0.46755617977528086 0.49242268041237114 0.15646067415730333 0.05006443298969075
0 0.46646067415730336 0.5432216494845361 0.1802247191011235 0.056507731958762915
0 0.48106741573033707 0.6024484536082474 0.19210674157303367 0.056005154639175304
0 0.4903370786516854 0.6445876288659793 0.16879213483146077 0.042074742268041206