0 0.3731132075471698 0.8645520833333333 0.3817358490566036 0.06467708333333325
0 0.3494339622641509 0.8164270833333334 0.35726415094339625 0.06738541666666673
0 0.35371698113207545 0.7452916666666667 0.2849811320754717 0.0798645833333334
0 0.4157169811320755 0.6769895833333333 0.32271698113207553 0.09207291666666677
0 0.497566037735849 0.6038958333333333 0.31588679245283013 0.08683333333333323
0 0.5983962264150943 0.5443854166666667 0.3200566037735849 0.08686458333333344
0 0.6684905660377358 0.49873958333333335 0.2730188679245282 0.08081250000000004
0 0.7350188679245283 0.44234375 0.28209433962264147 0.06920833333333339
0 0.7345283018867925 0.3818229166666667 0.24875471698113213 0.05233333333333334
0 0.7471509433962265 0.33658333333333335 0.25783018867924523 0.04816666666666668
0 0.7287735849056604 0.2843125 0.22107547169811312 0.0418333333333333
0 0.7120943396226416 0.2389375 0.22009433962264147 0.04335416666666667
0 0.670566037735849 0.19559375 0.2247358490566038 0.04891666666666664
0 0.633188679245283 0.14385416666666667 0.2504716981132076 0.04962499999999999
0 0.6048867924528302 0.1020625 0.2482641509433963 0.04937500000000001
0 0.5919056603773585 0.05121875 0.2546226415094338 0.04290625
0 0.3779811320754718 0.92253125 0.39105660377358487 0.055989583333333336