0 0.45109433962264156 0.8971354166666666 0.2542830188679246 0.08072916666666667
0 0.4475660377358491 0.8098958333333334 0.25664150943396236 0.08072916666666667
0 0.47467924528301897 0.7402395833333333 0.27784905660377357 0.08723958333333333
0 0.49001886792452826 0.6744791666666666 0.21888679245283016 0.0859375
0 0.5124150943396226 0.60221875 0.19766037735849054 0.08723958333333333
0 0.5631132075471698 0.54753125 0.22358490566037736 0.09765625
0 0.6279622641509434 0.49284374999999997 0.1929245283018868 0.08463541666666667
0 0.6822075471698114 0.43945833333333334 0.20233962264150945 0.07421875
0 0.7293773584905661 0.37826041666666665 0.19288679245283022 0.07421875
0 0.7376226415094339 0.3294270833333333 0.19052830188679248 0.0625
0 0.707 0.27539583333333334 0.22450943396226417 0.07682291666666667
0 0.6480377358490566 0.23503125 0.22449056603773587 0.11328125
0 0.5584150943396226 0.20117708333333334 0.18673584905660381 0.09505208333333333
0 0.4912075471698113 0.171875 0.21266037735849064 0.09114583333333333
0 0.4511320754716981 0.13477083333333334 0.20322641509433959 0.06380208333333333
0 0.4216415094339623 0.10221875 0.22915094339622638 0.053385416666666664
0 0.4133773584905661 0.056645833333333326 0.19296226415094336 0.03515625