0 0.437377358490566 0.09114583333333333 0.19475471698113211 0.05497916666666667
0 0.43371698113207546 0.13976041666666666 0.17696226415094332 0.05266666666666667
0 0.45732075471698114 0.18027083333333332 0.22028301886792453 0.07233333333333333
0 0.4892830188679245 0.22975 0.23390566037735855 0.07060416666666663
0 0.5338301886792453 0.27228125 0.23705660377358487 0.07696874999999999
0 0.5663396226415095 0.3156875 0.2643207547169812 0.07581249999999998
0 0.6014339622641509 0.3625625 0.23813207547169818 0.0653958333333333
0 0.6192452830188679 0.41059375000000004 0.23813207547169818 0.057291666666666664
0 0.6097924528301887 0.46498958333333335 0.23560377358490567 0.07002083333333337
0 0.6008867924528303 0.5208333333333334 0.24084905660377354 0.07870833333333328
0 0.5663018867924529 0.5827500000000001 0.23875471698113201 0.07291666666666667
0 0.5223018867924528 0.6475729166666666 0.22867924528301894 0.07291666666666667
0 0.5013207547169811 0.71325 0.2199056603773584 0.07002083333333337
0 0.5165471698113208 0.7832708333333334 0.22133962264150933 0.078125
0 0.5584716981132075 0.8530104166666667 0.2590754716981131 0.08680208333333325
0 0.6042264150943396 0.91340625 0.30554716981132085 0.0931979166666667
0 0.4499811320754717 0.062468749999999997 0.17233962264150948 0.03720833333333333