0 0.48469811320754713 0.0515625 0.2571320754716981 0.042020833333333334
0 0.49922641509433957 0.09129166666666667 0.23915094339622642 0.05270833333333333
0 0.5365849056603773 0.13865625 0.2585094339622641 0.05270833333333336
0 0.5877735849056603 0.18105208333333334 0.2889433962264151 0.050416666666666644
0 0.6424150943396226 0.22918750000000002 0.3428867924528302 0.06416666666666669
0 0.704679245283019 0.27998958333333335 0.33733962264150935 0.0588229166666667
0 0.7212830188679245 0.3300208333333333 0.3373207547169811 0.06569791666666672
0 0.7212830188679245 0.38388541666666665 0.3373207547169811 0.06798958333333331
0 0.6576415094339623 0.42934375 0.31798113207547163 0.07486458333333333
0 0.5566415094339622 0.46601041666666665 0.3069245283018867 0.08251041666666671
0 0.43349056603773584 0.5065000000000001 0.32079245283018865 0.08861458333333326
0 0.3248867924528302 0.5725833333333333 0.34711320754716984 0.0954895833333334
0 0.2716037735849056 0.657375 0.3651132075471698 0.07563541666666657
0 0.3179622641509435 0.7158229166666668 0.3747735849056604 0.07028125000000003
0 0.3601698113207547 0.7524895833333333 0.3595471698113207 0.08403125000000007
0 0.47637735849056595 0.80634375 0.354 0.09090624999999998
0 0.5775094339622642 0.8831875 0.42532075471698105 0.0996979166666667