0 0.507622641509434 0.0834375 0.1763018867924527 0.05026041666666667
0 0.503056603773585 0.12365624999999998 0.15990566037735848 0.05026041666666667
0 0.5185471698113208 0.16587500000000002 0.17994339622641511 0.05026041666666667
0 0.5376603773584905 0.20809375000000002 0.18175471698113216 0.05428125000000002
0 0.5567735849056603 0.2533333333333333 0.17992452830188682 0.05026041666666667
0 0.5740754716981132 0.2975729166666667 0.18537735849056602 0.04825000000000005
0 0.5922830188679246 0.34230208333333334 0.20358490566037732 0.05931250000000006
0 0.6004716981132076 0.3885520833333333 0.1981320754716981 0.05529166666666671
0 0.6032075471698113 0.4378125 0.1890188679245282 0.05931249999999994
0 0.5813584905660377 0.4905833333333333 0.1926603773584906 0.060322916666666636
0 0.5567735849056603 0.55040625 0.20905660377358481 0.06735416666666676
0 0.5103396226415094 0.6122291666666667 0.19996226415094343 0.07640624999999991
0 0.4593584905660377 0.66903125 0.22183018867924528 0.07338541666666672
0 0.4029245283018868 0.7323645833333334 0.22184905660377366 0.06936458333333324
0 0.37833962264150944 0.8052499999999999 0.2236603773584906 0.060322916666666754
0 0.3929056603773585 0.8811458333333333 0.27464150943396215 0.06534375000000002
0 0.3915471698113208 0.9412187500000001 0.33373584905660375 0.08184374999999994