0 0.4892391304347826 0.21642928786359078 0.0914311594202899 0.03356068204613839
0 0.4830253623188406 0.24826479438314947 0.09764492753623184 0.03012036108324978
0 0.4783695652173913 0.2813941825476429 0.11630434782608703 0.034423269809428336
0 0.48224637681159416 0.3153861584754263 0.12407608695652175 0.03183550651955869
0 0.4775905797101449 0.34163490471414243 0.10541666666666677 0.03786359077231695
0 0.48458333333333337 0.3760581745235707 0.1007608695652174 0.034423269809428336
0 0.48536231884057973 0.4109127382146439 0.10231884057971018 0.035285857572718106
0 0.5001268115942029 0.44404212637913737 0.09452898550724628 0.03269809428284857
0 0.5195471014492754 0.47846539618856565 0.11784420289855065 0.03958876629889672
0 0.5335326086956521 0.5120260782347041 0.12717391304347833 0.03442326980942822
0 0.5568478260869565 0.5507522567703109 0.12405797101449278 0.04130391173520568
0 0.5754891304347827 0.5890471414242728 0.12715579710144917 0.04044132397191568
0 0.582481884057971 0.6329287863590772 0.1380253623188407 0.05077231695085245
0 0.5684963768115943 0.6768204613841524 0.15047101449275374 0.04389167502507522
0 0.5280978260869565 0.727592778335005 0.15047101449275352 0.05077231695085245
0 0.46436594202898546 0.7714744232698094 0.16293478260869554 0.05077231695085245
0 0.4379528985507246 0.8123269809428285 0.18798913043478258 0.05728184553660973