0 0.33661807580174924 0.24740412979351034 0.12895043731778422 0.026342182890855423
0 0.34233236151603497 0.27444444444444444 0.14072886297376097 0.028446411012782644
0 0.34390670553935865 0.2953392330383481 0.15215743440233234 0.0344149459193707
0 0.36731778425655975 0.31728613569321534 0.1448979591836735 0.03968534906588005
0 0.4183381924198251 0.33993117010816126 0.14489795918367343 0.04424778761061947
0 0.4766472303206997 0.3592527040314651 0.17405247813411076 0.04424778761061947
0 0.5302623906705539 0.3810226155358899 0.14387755102040822 0.04424778761061947
0 0.5609912536443148 0.4075319567354965 0.1386588921282799 0.04109144542772858
0 0.5724489795918367 0.4379154375614553 0.14282798833819244 0.033008849557522174
0 0.5521282798833819 0.46583087512291055 0.15428571428571433 0.04109144542772858
0 0.5208746355685131 0.49550639134709934 0.16848396501457732 0.04775811209439533
0 0.4579008746355685 0.528338249754179 0.17160349854227408 0.05021632251720741
0 0.4115743440233236 0.5606489675516224 0.18723032069970838 0.052320550639134746
0 0.3782507288629738 0.5945329400196657 0.18516034985422739 0.05126843657817119
0 0.377201166180758 0.6345722713864307 0.2122157434402333 0.04494591937069817
0 0.38294460641399414 0.6756538839724681 0.1924489795918367 0.05126843657817119
0 0.416734693877551 0.7146705998033432 0.22918367346938778 0.03648967551622409