0 0.4796981132075472 0.8801666666666667 0.33883018867924536 0.07512499999999989
0 0.45884905660377356 0.8020416666666667 0.3257169811320755 0.0794375
0 0.44979245283018865 0.7331562500000001 0.2997547169811321 0.06898958333333335
0 0.4567735849056604 0.6680416666666668 0.27628301886792456 0.07459374999999989
0 0.47477358490566035 0.6062708333333333 0.2693962264150943 0.060281249999999884
0 0.4941509433962264 0.5503020833333333 0.24141509433962272 0.07203125000000009
0 0.5259811320754717 0.48855208333333333 0.22879245283018868 0.056437499999999946
0 0.5485471698113208 0.43123958333333334 0.21194339622641517 0.060239583333333374
0 0.5566792452830189 0.3832291666666666 0.21867924528301882 0.058958333333333356
0 0.5657924528301886 0.33005208333333336 0.2320943396226415 0.05129166666666667
0 0.5564716981132075 0.2799479166666667 0.20781132075471695 0.0457395833333333
0 0.563811320754717 0.23040625 0.21150943396226418 0.057270833333333354
0 0.5410943396226414 0.18109375 0.2113396226415094 0.05207291666666668
0 0.5266603773584906 0.13225 0.20871698113207549 0.05440624999999999
0 0.5213207547169811 0.08722916666666666 0.19801886792452839 0.04198958333333334
0 0.530433962264151 0.048749999999999995 0.2091132075471699 0.046614583333333334
0 0.48041509433962265 0.9466354166666666 0.378132075471698 0.06835416666666655