0 0.5062630480167014 0.12548828125 0.12421711899791232 0.029296875
0 0.5125260960334029 0.15234375 0.11586638830897704 0.0419921875
0 0.5146137787056367 0.1806640625 0.11482254697286012 0.03955078125
0 0.5375782881002088 0.2041015625 0.10647181628392484 0.0400390625
0 0.5647181628392485 0.2255859375 0.11795407098121086 0.04541015625
0 0.6012526096033403 0.2451171875 0.11899791231732777 0.04541015625
0 0.6356993736951984 0.27197265625 0.11899791231732777 0.04296875
0 0.662839248434238 0.29736328125 0.12421711899791232 0.04345703125
0 0.6659707724425887 0.32421875 0.13569937369519833 0.03564453125
0 0.6638830897703549 0.357421875 0.13674321503131523 0.041015625
0 0.6638830897703549 0.39404296875 0.1440501043841336 0.052734375
0 0.6315240083507306 0.42822265625 0.13987473903966596 0.05712890625
0 0.593945720250522 0.46484375 0.1440501043841336 0.0634765625
0 0.5365344467640919 0.49658203125 0.14613778705636743 0.06005859375
0 0.47390396659707723 0.5322265625 0.1524008350730689 0.06591796875
0 0.4352818371607516 0.57666015625 0.1524008350730689 0.05908203125
0 0.4290187891440501 0.61083984375 0.174321503131524 0.04736328125