0 0.5233962264150943 0.07132291666666667 0.3234339622641509 0.06359375000000002
0 0.5623018867924527 0.11772916666666666 0.32341509433962257 0.06703125
0 0.600433962264151 0.16198958333333333 0.3031698113207548 0.06960416666666666
0 0.6479056603773584 0.20623958333333334 0.32650943396226406 0.06359375000000002
0 0.6891509433962264 0.25221875 0.34362264150943395 0.06616666666666665
0 0.679811320754717 0.29175 0.3373962264150944 0.06788541666666663
0 0.6759056603773586 0.3467395833333333 0.3389622641509433 0.07304166666666667
0 0.6424528301886793 0.3922916666666667 0.33118867924528295 0.07647916666666663
0 0.5809811320754718 0.44384375 0.3140754716981133 0.08335416666666665
0 0.5156037735849056 0.49411458333333336 0.31409433962264155 0.08421874999999991
0 0.46424528301886797 0.5443854166666667 0.373245283018868 0.0953854166666666
0 0.4183396226415094 0.6079791666666666 0.35301886792452825 0.08335416666666665
0 0.423 0.6754374999999999 0.3592452830188679 0.07734375
0 0.4416792452830189 0.7480520833333333 0.39971698113207543 0.09194791666666664
0 0.5016037735849057 0.81809375 0.4354905660377357 0.09796874999999995
0 0.5226037735849057 0.8864062500000001 0.4681698113207547 0.0971041666666667
0 0.5182075471698113 0.953125 0.4522830188679246 0.08482291666666673