0 0.35741035856573705 0.6660997732426304 0.3825498007968128 0.03968253968253968
0 0.3649003984063745 0.6087074829931973 0.32776892430278876 0.06094104308390023
0 0.506812749003984 0.5739795918367347 0.26302788844621516 0.06802721088435375
0 0.6412350597609562 0.534297052154195 0.2430677290836653 0.06235827664399093
0 0.7319123505976096 0.5002834467120182 0.2451394422310758 0.05102040816326531
0 0.8296812749003984 0.46377551020408164 0.255617529880478 0.05437641723356013
0 0.8661354581673307 0.42196145124716555 0.22310756972111553 0.045351473922902494
0 0.8291633466135458 0.38105442176870746 0.24302788844621515 0.04109977324263039
0 0.779402390438247 0.3513945578231293 0.23498007968127496 0.05102040816326531
0 0.4022310756972111 0.17219954648526076 0.20330677290836655 0.0467687074829932
0 0.39976095617529883 0.20691609977324263 0.18836653386454183 0.02834467120181406
0 0.4121912350597609 0.2359750566893424 0.20326693227091638 0.03826530612244898
0 0.4619920318725099 0.2699886621315193 0.21322709163346618 0.03826530612244898
0 0.5118326693227092 0.2884126984126984 0.15529880478087657 0.05243764172335601
0 0.5790438247011952 0.3160430839002268 0.16023904382470108 0.0481859410430839
0 0.6786055776892431 0.33976190476190476 0.15868525896414337 0.05116780045351473
0 0.4165737051792829 0.1396485260770975 0.23430278884462152 0.037199546485260776