0 0.6477735849056604 0.9332812500000001 0.28992452830188675 0.07164583333333331
0 0.611377358490566 0.8651875 0.26467924528301884 0.07262500000000002
0 0.5585849056603773 0.7898645833333333 0.2526603773584905 0.07456249999999992
0 0.5266037735849057 0.7295416666666666 0.23524528301886805 0.06769791666666668
0 0.4926415094339623 0.6643020833333334 0.2379622641509434 0.0556250000000001
0 0.48405660377358495 0.5994375000000001 0.2653584905660377 0.06333333333333328
0 0.4825849056603774 0.5372291666666666 0.21928301886792448 0.05795833333333344
0 0.5073396226415094 0.48408333333333337 0.20409433962264142 0.05879166666666672
0 0.5389433962264151 0.4280833333333333 0.2241886792452829 0.05990624999999999
0 0.5494905660377358 0.3785833333333333 0.21292452830188682 0.05614583333333331
0 0.5319622641509434 0.33105208333333336 0.19403773584905668 0.059281249999999966
0 0.5076981132075471 0.2840520833333333 0.19354716981132083 0.04781249999999997
0 0.48062264150943396 0.23651041666666667 0.19869811320754718 0.045541666666666696
0 0.47230188679245283 0.2016875 0.16633962264150937 0.04758333333333334
0 0.455622641509434 0.1595625 0.17028301886792452 0.05070833333333334
0 0.4474150943396226 0.11026041666666667 0.18667924528301896 0.04926041666666669
0 0.4463962264150944 0.07617708333333333 0.1882452830188679 0.040364583333333336