0 0.44681132075471697 0.0804375 0.24088679245283012 0.052083333333333336
0 0.4908679245283019 0.12384375 0.2705849056603773 0.07407291666666665
0 0.5118301886792452 0.17042708333333334 0.27479245283018866 0.07465625000000002
0 0.5485094339622641 0.2164375 0.30205660377358495 0.07176041666666665
0 0.587811320754717 0.26446875 0.2800566037735848 0.06829166666666661
0 0.599867924528302 0.30903125000000004 0.28739622641509444 0.05903124999999996
0 0.6014339622641509 0.36082291666666666 0.2695660377358491 0.07117708333333338
0 0.575754716981132 0.39930208333333334 0.2538490566037735 0.0752291666666667
0 0.5275094339622641 0.44646875 0.25343396226415105 0.07696874999999999
0 0.47249056603773576 0.4971041666666667 0.25660377358490566 0.0810208333333333
0 0.429 0.5541041666666667 0.28281132075471693 0.08159374999999992
0 0.4158867924528302 0.6197916666666666 0.3111132075471698 0.06481250000000002
0 0.40750943396226413 0.6805520833333334 0.28805660377358494 0.0763854166666666
0 0.4484150943396226 0.7528958333333333 0.31773584905660385 0.09375
0 0.5097358490566039 0.8174166666666667 0.3355849056603774 0.09316666666666672
0 0.5344716981132075 0.8869375 0.3713396226415093 0.08300000000000006
0 0.4367924528301887 0.044375000000000005 0.26664150943396214 0.05121875