0 0.5984716981132076 0.8587812499999999 0.3053207547169812 0.07109375
0 0.5540943396226415 0.7838437500000001 0.2465471698113207 0.07493750000000006
0 0.5052075471698113 0.7140416666666667 0.23273584905660383 0.06862500000000012
0 0.44954716981132076 0.6494270833333334 0.2461320754716982 0.07117708333333325
0 0.41222641509433966 0.5885729166666667 0.2533207547169811 0.07043749999999989
0 0.3594339622641509 0.5330520833333333 0.24713207547169816 0.0675937500000001
0 0.3579622641509434 0.4749791666666667 0.2178867924528302 0.06121874999999998
0 0.35530188679245284 0.42239583333333336 0.2154905660377358 0.0496458333333333
0 0.3551320754716981 0.37575000000000003 0.2034716981132075 0.05318749999999994
0 0.35545283018867924 0.31986458333333334 0.20115094339622644 0.05925
0 0.3713018867924528 0.26978125000000003 0.20366037735849057 0.05914583333333331
0 0.3810377358490566 0.2295104166666667 0.1822075471698113 0.05767708333333334
0 0.40635849056603773 0.1833125 0.194811320754717 0.057270833333333354
0 0.4406037735849057 0.13263541666666667 0.1873018867924528 0.049531249999999985
0 0.427377358490566 0.08390625 0.20179245283018876 0.04730208333333333
0 0.42654716981132074 0.037697916666666664 0.22643396226415094 0.05171875000000001
0 0.5763018867924529 0.919375 0.3015660377358491 0.06459374999999999