0 0.5161290322580645 0.6591796875 0.29339477726574503 0.0263671875
0 0.434715821812596 0.61962890625 0.282642089093702 0.025390625
0 0.38863287250384027 0.5791015625 0.2780337941628264 0.03271484375
0 0.39477726574500765 0.53955078125 0.30721966205837176 0.029296875
0 0.44393241167434716 0.50244140625 0.2764976958525346 0.02734375
0 0.5314900153609831 0.47705078125 0.2903225806451613 0.02685546875
0 0.6021505376344086 0.451171875 0.2887864823348694 0.0263671875
0 0.6344086021505376 0.4228515625 0.29339477726574503 0.0263671875
0 0.6159754224270353 0.39697265625 0.26574500768049153 0.0185546875
0 0.5821812596006144 0.36767578125 0.2857142857142857 0.02001953125
0 0.533026113671275 0.34326171875 0.2304147465437788 0.0234375
0 0.47772657450076805 0.31884765625 0.2534562211981567 0.01904296875
0 0.434715821812596 0.291015625 0.2227342549923195 0.02001953125
0 0.4393241167434716 0.26416015625 0.1935483870967742 0.01806640625
0 0.43164362519201227 0.2421875 0.2196620583717358 0.01708984375
0 0.5944700460829493 0.69482421875 0.2749615975422427 0.0283203125
0 0.5852534562211982 0.736328125 0.2749615975422427 0.0322265625