0 0.6058301886792452 0.8769791666666666 0.35113207547169817 0.07112499999999997
0 0.6669622641509434 0.8079270833333333 0.3151320754716981 0.07232291666666674
0 0.6820754716981132 0.7340208333333333 0.30911320754716987 0.06613541666666668
0 0.6530377358490567 0.6615208333333332 0.33933962264150946 0.05863541666666663
0 0.6256226415094339 0.5929062500000001 0.33647169811320765 0.05876041666666675
0 0.5724339622641509 0.54275 0.31650943396226416 0.06653124999999989
0 0.5328679245283019 0.48461458333333335 0.317320754716981 0.06437499999999995
0 0.5149056603773584 0.4330833333333333 0.29792452830188676 0.050406249999999986
0 0.5069245283018868 0.381 0.2679056603773585 0.0514375
0 0.503245283018868 0.329125 0.24703773584905672 0.04298958333333332
0 0.4806415094339623 0.28136458333333336 0.2548113207547169 0.05060416666666671
0 0.4717924528301887 0.23526041666666667 0.23832075471698125 0.04910416666666665
0 0.47171698113207544 0.18661458333333333 0.227943396226415 0.04467708333333332
0 0.47677358490566035 0.14259375 0.25252830188679254 0.05264583333333336
0 0.4735471698113207 0.09334375 0.26290566037735846 0.04249999999999998
0 0.4666603773584906 0.05701041666666667 0.2742264150943396 0.04371875
0 0.537188679245283 0.9211979166666667 0.4059811320754716 0.06342708333333344