0 0.4895283018867924 0.07482291666666667 0.18322641509433965 0.039968750000000004
0 0.48449056603773577 0.11339583333333333 0.17649056603773577 0.04646874999999998
0 0.4769056603773585 0.15708333333333335 0.1680754716981133 0.05205208333333336
0 0.4735471698113208 0.20308333333333334 0.18490566037735848 0.05483333333333332
0 0.45754716981132076 0.25745833333333334 0.2067924528301887 0.07063541666666667
0 0.4516603773584906 0.31369791666666663 0.20511320754716988 0.06785416666666665
0 0.4339811320754717 0.37132291666666667 0.20007547169811313 0.05855208333333337
0 0.402 0.4280208333333333 0.20007547169811313 0.06041666666666667
0 0.3834716981132076 0.4749583333333333 0.20345283018867932 0.06320833333333328
0 0.37169811320754714 0.5279375 0.21354716981132077 0.06134374999999999
0 0.37169811320754714 0.57765625 0.21018867924528298 0.0622708333333333
0 0.3775849056603774 0.6362187499999999 0.22196226415094336 0.0641354166666666
0 0.4078867924528302 0.6961666666666667 0.22196226415094336 0.0706354166666666
0 0.43818867924528304 0.7686666666666666 0.2354150943396226 0.0706354166666666
0 0.4609056603773585 0.8439479166666667 0.2673962264150943 0.08179166666666665
0 0.45837735849056604 0.9155208333333333 0.326320754716981 0.08179166666666665
0 0.4548867924528302 0.9702395833333333 0.3364150943396227 0.05952083333333344