0 0.5289622641509434 0.03705208333333333 0.22666037735849057 0.04048958333333332
0 0.5331132075471698 0.06990625 0.22666037735849057 0.05270833333333333
0 0.535188679245283 0.10923958333333333 0.21975471698113214 0.04889583333333333
0 0.5531698113207547 0.1505 0.23633962264150943 0.056531249999999984
0 0.5725471698113207 0.19480208333333332 0.23358490566037726 0.055000000000000014
0 0.607132075471698 0.23529166666666665 0.233566037735849 0.05958333333333332
0 0.6320377358490566 0.28189583333333335 0.23909433962264157 0.059583333333333384
0 0.6341132075471698 0.33040625 0.24877358490566043 0.06187499999999998
0 0.6126603773584905 0.38197916666666665 0.25569811320754715 0.06876041666666666
0 0.5628490566037736 0.4320104166666667 0.24741509433962264 0.06952083333333334
0 0.4833018867924528 0.479375 0.29032075471698116 0.07563541666666668
0 0.40305660377358493 0.5332395833333333 0.2986415094339622 0.07486458333333333
0 0.3760566037735849 0.6035208333333333 0.32494339622641516 0.08097916666666667
0 0.3719245283018868 0.6638750000000001 0.3138679245283019 0.07639583333333325
0 0.42449056603773583 0.7288020833333333 0.3470754716981132 0.08861458333333326
0 0.5137358490566037 0.7983229166666667 0.35673584905660366 0.09167708333333333
0 0.5815283018867924 0.8689895833333333 0.40098113207547165 0.09396875000000003