0 0.5657735849056604 0.1171875 0.2314150943396226 0.0515
0 0.5684150943396227 0.16377083333333334 0.23079245283018857 0.0543958333333333
0 0.5841132075471698 0.21904166666666666 0.20101886792452822 0.06655208333333332
0 0.6187358490566038 0.27257291666666666 0.23709433962264145 0.0625
0 0.6732264150943397 0.32117708333333334 0.2475849056603774 0.07060416666666663
0 0.7109622641509434 0.36573958333333334 0.25177358490566026 0.06944791666666662
0 0.7198679245283018 0.4186875 0.30315094339622634 0.0653958333333333
0 0.7130566037735849 0.4814791666666667 0.29369811320754713 0.09143749999999998
0 0.6281320754716981 0.5318333333333333 0.27856603773584904 0.08333333333333333
0 0.554754716981132 0.59259375 0.3079245283018869 0.08333333333333333
0 0.47930188679245284 0.6348333333333334 0.27860377358490573 0.0810208333333333
0 0.43790566037735845 0.6982083333333333 0.2922452830188679 0.078125
0 0.4001698113207547 0.765625 0.296433962264151 0.0752291666666667
0 0.40645283018867917 0.8420104166666668 0.3132075471698113 0.0763854166666666
0 0.5593396226415094 0.07865625000000001 0.2038490566037735 0.048374999999999994
0 0.4168490566037736 0.9176249999999999 0.3467735849056603 0.09078125000000009
0 0.5609245283018869 0.041979166666666665 0.18601886792452837 0.038072916666666665