0 0.4120188679245283 0.043770833333333335 0.24801886792452837 0.056145833333333325
0 0.41147169811320755 0.09267708333333333 0.24911320754716987 0.05493750000000001
0 0.4092830188679245 0.13795833333333332 0.24911320754716987 0.06702083333333336
0 0.401622641509434 0.18958333333333333 0.23600000000000007 0.05916666666666668
0 0.40381132075471693 0.24089583333333334 0.25567924528301883 0.06279166666666663
0 0.40052830188679245 0.29131250000000003 0.26005660377358486 0.06822916666666666
0 0.3885094339622641 0.3504791666666666 0.26005660377358486 0.06339583333333335
0 0.39616981132075474 0.4066354166666667 0.2819245283018868 0.07184375000000003
0 0.4005283018867924 0.4706354166666667 0.27973584905660376 0.06702083333333336
0 0.41639622641509433 0.53371875 0.293943396226415 0.07003125000000002
0 0.4092830188679245 0.59953125 0.29941509433962266 0.0845312500000001
0 0.36171698113207545 0.6659479166666666 0.3223773584905661 0.08814583333333322
0 0.30430188679245285 0.7356770833333334 0.35192452830188686 0.08754166666666663
0 0.3403962264150943 0.7945520833333333 0.3322264150943396 0.06641666666666665
0 0.4650566037735848 0.822625 0.2950188679245283 0.07667708333333323
0 0.5689245283018868 0.8600520833333333 0.3627924528301886 0.08512500000000003
0 0.6602264150943397 0.9180208333333333 0.4141698113207547 0.09116666666666665