0 0.553686440677966 0.13087223587223587 0.21635593220338983 0.03368550368550371
0 0.5626271186440678 0.16554054054054054 0.19847457627118634 0.03692874692874693
0 0.5603813559322034 0.2044103194103194 0.18059322033898306 0.03563882063882063
0 0.548093220338983 0.24361179361179364 0.19177966101694913 0.03757985257985255
0 0.5224152542372882 0.2789189189189189 0.19847457627118645 0.03433660933660932
0 0.5033898305084745 0.3126044226044226 0.2052118644067797 0.03952088452088454
0 0.47211864406779663 0.3527764127764128 0.2141525423728813 0.043402948402948456
0 0.44978813559322034 0.3926167076167076 0.24097457627118646 0.040171990171990225
0 0.4285593220338983 0.4331081081081081 0.22533898305084749 0.039520884520884474
0 0.4285593220338983 0.4749017199017199 0.24317796610169498 0.038869778869778854
0 0.4341525423728813 0.5205773955773956 0.26330508474576275 0.0472972972972973
0 0.46766949152542375 0.5694963144963144 0.30351694915254235 0.04794840294840291
0 0.505635593220339 0.6187346437346437 0.2990254237288135 0.051830466830466895
0 0.5514406779661016 0.6731572481572482 0.3280932203389831 0.06219901719901733
0 0.610635593220339 0.7363267813267813 0.3526271186440679 0.06673218673218666
0 0.6676271186440678 0.7998157248157247 0.30572033898305073 0.05507371007370999
0 0.715677966101695 0.8584520884520884 0.3481355932203391 0.05960687960687958