0 0.6639455782312925 0.16560820713238886 0.1360544217687075 0.039081582804103565
0 0.6462585034013606 0.19980459208597948 0.1401360544217687 0.04250122129946263
0 0.6040816326530613 0.22813873961895456 0.14829931972789115 0.044455300439667805
0 0.545578231292517 0.2501221299462628 0.14829931972789115 0.04592085979482169
0 0.4925170068027211 0.27503663898387887 0.14285714285714285 0.044455300439667805
0 0.4340136054421769 0.3014167073766488 0.16462585034013605 0.043478260869565216
0 0.3904761904761905 0.3346360527601368 0.16462585034013605 0.04250122129946263
0 0.3768707482993197 0.37225207620908646 0.1619047619047619 0.043478260869565216
0 0.3891156462585034 0.41182217879824135 0.18639455782312925 0.039081582804103565
0 0.4326530612244898 0.4499267220322423 0.2054421768707483 0.04592085979482169
0 0.4965986394557823 0.49145090376160233 0.21496598639455783 0.057156814851001464
0 0.563265306122449 0.5339521250610649 0.22448979591836735 0.057156814851001464
0 0.6258503401360545 0.5823155837811431 0.19863945578231293 0.057156814851001464
0 0.6653061224489796 0.6360527601367856 0.22040816326530613 0.061553492916463115
0 0.672108843537415 0.6936980947728383 0.19591836734693877 0.05471421592574499
0 0.6462585034013606 0.7464582315583781 0.20816326530612245 0.05911089399120664
0 0.6054421768707483 0.7860283341475329 0.25170068027210885 0.05569125549584758