0 0.5772222222222222 0.66002541296061 0.28725925925925927 0.05223634053367204
0 0.5489259259259259 0.6943456162642948 0.2744444444444443 0.054536213468869214
0 0.6739259259259259 0.6226175349428208 0.26666666666666666 0.0621219822109277
0 0.7747407407407407 0.5661499364675985 0.2214074074074073 0.06494282083862772
0 0.7767777777777778 0.5244980940279542 0.25840740740740736 0.05223634053367219
0 0.7808888888888889 0.47790343074968233 0.25840740740740736 0.05223634053367219
0 0.6887407407407408 0.4349936467598475 0.22962962962962963 0.048005082592121946
0 0.6188148148148148 0.39891994917407875 0.24903703703703708 0.05692503176620071
0 0.5484074074074073 0.3656670902160101 0.18851851851851845 0.05364675984752227
0 0.5072592592592593 0.33813214739517156 0.20500000000000007 0.04941550190597203
0 0.45788888888888885 0.3113087674714104 0.18855555555555545 0.04941550190597203
0 0.4130370370370371 0.2793138500635324 0.22988888888888886 0.041296060991105464
0 0.37933333333333336 0.23914866581956798 0.16774074074074072 0.03993646759847523
0 0.3727037037037037 0.20579415501905973 0.15981481481481483 0.03766200762388817
0 0.3594814814814815 0.17561626429479035 0.17303703703703704 0.04175349428208388
0 0.3661111111111111 0.13728081321473953 0.15981481481481483 0.04219822109275732
0 0.3617037037037037 0.10681067344345617 0.16159259259259257 0.03256670902160101