0 0.5044565217391304 0.21777331995987964 0.10365942028985513 0.037693079237713124
0 0.5119746376811595 0.25221664994984955 0.10320652173913049 0.03182547642928788
0 0.5205978260869565 0.278074222668004 0.11182971014492757 0.03261785356068203
0 0.5234601449275362 0.3090972918756269 0.10608695652173923 0.03580742226680045
0 0.5213043478260869 0.3433099297893681 0.09889492753623194 0.03421263791374124
0 0.5184420289855073 0.37712136409227687 0.09315217391304341 0.03500501504513538
0 0.51125 0.41133400200601805 0.09603260869565215 0.03659979939819459
0 0.5019202898550724 0.44793380140421263 0.1003442028985507 0.03500501504513538
0 0.47893115942028985 0.48293881644934805 0.10608695652173904 0.0381945837512538
0 0.4623913043478261 0.5147642928786359 0.12190217391304341 0.03819458375125369
0 0.44085144927536224 0.5509729187562689 0.12478260869565216 0.03898696088264784
0 0.4264673913043478 0.5903510531594784 0.13054347826086957 0.03977933801404221
0 0.4214492753623188 0.636098294884654 0.13197463768115947 0.043761283851554776
0 0.42934782608695654 0.6806519558676029 0.1449094202898551 0.04694082246740216
0 0.4760507246376811 0.7291875626880642 0.16356884057971008 0.056489468405215584
0 0.5220289855072464 0.7761283851554663 0.16643115942028985 0.053309929789368195
0 0.5486050724637681 0.8147141424272818 0.17072463768115945 0.058876629889669053