0 0.5238473767885533 0.0244140625 0.1271860095389507 0.04833984375
0 0.534181240063593 0.0625 0.11844197138314785 0.04833984375
0 0.5476947535771065 0.10791015625 0.11844197138314785 0.05810546875
0 0.5405405405405406 0.16259765625 0.12003179650238474 0.07080078125
0 0.5151033386327504 0.21044921875 0.13672496025437203 0.07763671875
0 0.47615262321144675 0.2578125 0.13036565977742448 0.0732421875
0 0.4467408585055644 0.30224609375 0.14069952305246422 0.07275390625
0 0.4260731319554849 0.35009765625 0.14149443561208266 0.0712890625
0 0.417329093799682 0.40087890625 0.1724960254372019 0.0595703125
0 0.4220985691573927 0.45654296875 0.1573926868044515 0.07373046875
0 0.43402225755166934 0.494140625 0.14626391096979333 0.0615234375
0 0.4483306836248013 0.53125 0.15023847376788554 0.0615234375
0 0.46502384737678853 0.58837890625 0.151033386327504 0.0625
0 0.49364069952305245 0.63037109375 0.16136724960254373 0.06884765625
0 0.5158982511923689 0.69970703125 0.17170111287758347 0.068359375
0 0.5373608903020668 0.76171875 0.18998410174880764 0.06689453125
0 0.5524642289348172 0.80712890625 0.13513513513513514 0.05322265625