0 0.5053333333333333 0.2041015625 0.19466666666666665 0.04541015625
0 0.4746666666666667 0.23388671875 0.18 0.0419921875
0 0.43066666666666664 0.26416015625 0.19466666666666665 0.04638671875
0 0.38666666666666666 0.29833984375 0.20133333333333334 0.03857421875
0 0.3453333333333333 0.318359375 0.20133333333333334 0.044921875
0 0.2986666666666667 0.35009765625 0.22266666666666668 0.05029296875
0 0.272 0.3876953125 0.23733333333333334 0.04833984375
0 0.276 0.42822265625 0.216 0.0419921875
0 0.3373333333333333 0.46337890625 0.276 0.04931640625
0 0.4053333333333333 0.498046875 0.2693333333333333 0.0517578125
0 0.48933333333333334 0.5263671875 0.25733333333333336 0.05908203125
0 0.5973333333333334 0.552734375 0.2613333333333333 0.05029296875
0 0.6746666666666666 0.59375 0.23733333333333334 0.04736328125
0 0.7106666666666667 0.64501953125 0.24266666666666667 0.0546875
0 0.6706666666666666 0.70361328125 0.2733333333333333 0.05615234375
0 0.576 0.74609375 0.2613333333333333 0.0537109375
0 0.5186666666666667 0.79248046875 0.2733333333333333 0.05810546875