0 0.6400954653937947 0.2000098231827112 0.12038186157517886 0.02891944990176817
0 0.6506921241050119 0.22538310412573673 0.10978520286396182 0.029469548133595286
0 0.6606443914081146 0.24831041257367387 0.12171837708830549 0.03165029469548131
0 0.6785441527446301 0.27231827111984286 0.1336276849642005 0.03493123772102156
0 0.6931264916467781 0.2960609037328094 0.13097852028639617 0.03765225933202362
0 0.7057279236276849 0.323614931237721 0.12964200477326981 0.038202357563850674
0 0.724272076372315 0.35036345776031436 0.12966587112171848 0.03383104125736733
0 0.7269212410501193 0.3768271119842829 0.13231503579952253 0.03984282907662077
0 0.7209785202863961 0.40247544204322205 0.11828162291169465 0.04202357563850685
0 0.7043914081145585 0.436041257367387 0.14291169451073985 0.04693516699410606
0 0.6719093078758949 0.4581434184675835 0.14424821002386648 0.05293713163064832
0 0.6308114558472554 0.49197445972495085 0.14954653937947487 0.04966601178781931
0 0.5996420047732697 0.5206286836935167 0.1508830548926015 0.045844793713163134
0 0.5784486873508353 0.5503732809430255 0.16150357995226722 0.04420432220039293
0 0.5718138424821002 0.5869351669941061 0.16415274463007168 0.046385068762279005
0 0.5678281622911694 0.6243222003929273 0.18004773269689736 0.04693516699410606
0 0.6326730310262529 0.17731827111984283 0.10832935560859186 0.026267190569744605