0 0.4607488986784141 0.13024602026049203 0.1832599118942731 0.03665701881331401
0 0.4533920704845815 0.16208393632416787 0.18621145374449344 0.03955137481910272
0 0.43651982378854626 0.19512301013024605 0.19061674008810578 0.042937771345875564
0 0.41669603524229076 0.23251808972503615 0.18916299559471364 0.04438494934876992
0 0.3983259911894273 0.27086830680173657 0.2229515418502202 0.04872648335745299
0 0.39026431718061677 0.30752532561505064 0.23616740088105734 0.04486251808972504
0 0.3873127753303965 0.34756874095513746 0.2302643171806168 0.04872648335745299
0 0.4005286343612335 0.38639652677279307 0.21854625550660786 0.051128798842257656
0 0.42916299559471366 0.4242691751085384 0.22 0.056439942112879886
0 0.4776651982378855 0.4671924746743849 0.23519823788546249 0.06319826338639646
0 0.4996916299559472 0.5101302460202605 0.2469603524229075 0.056439942112879886
0 0.5180176211453744 0.5605354558610709 0.26255506607929524 0.060781476121562955
0 0.4989427312775331 0.6121562952243126 0.27189427312775327 0.06753979739507954
0 0.4820264317180617 0.6702894356005789 0.27872246696035247 0.07862518089725042
0 0.4277092511013216 0.7211722141823445 0.2816740088105727 0.07717800289435607
0 0.3726431718061674 0.7826772793053546 0.29193832599118935 0.06801736613603473
0 0.4774449339207048 0.10367583212735167 0.18207048458149772 0.03484804630969611