0 0.6957736389684813 0.7626548196015078 0.23806590257879667 0.04891222401723205
0 0.7548567335243552 0.7162089391491653 0.2249140401146132 0.06192784060312332
0 0.7691833810888252 0.6623586429725363 0.23207736389684816 0.06192784060312332
0 0.7315902578796561 0.6037964458804523 0.22133237822349572 0.07942918686052773
0 0.6313323782234957 0.5620624663435649 0.23702005730659018 0.07673667205169628
0 0.5095702005730659 0.5250403877221325 0.2083524355300859 0.08616047388260635
0 0.42183381088825217 0.49138395261173934 0.2334097421203438 0.07269789983844911
0 0.34842406876790827 0.4624394184168013 0.25128939828080227 0.06058158319870759
0 0.323323782234957 0.4213785675821217 0.19994269340974222 0.048465266558966075
0 0.3179512893982808 0.3782983306408185 0.18204871060171926 0.048465266558966075
0 0.3287106017191977 0.3446418955304254 0.18918338108882532 0.043080236941303175
0 0.3627220630372493 0.3069466882067851 0.15696275071633245 0.048465266558966075
0 0.4182378223495702 0.2753096392030156 0.17484240687679078 0.05250403877221325
0 0.45583094555873926 0.24636510500807754 0.16409742120343834 0.043080236941303175
0 0.48806590257879656 0.20934302638664512 0.1712607449856733 0.04711900915455035
0 0.4898567335243553 0.17905223478729132 0.139025787965616 0.03769520732364028
0 0.4733810888252149 0.14898761443187938 0.14276504297994266 0.03769520732364028