0 0.6007025761124122 0.0542256961406937 0.18618266978922718 0.03321934538348803
0 0.6100702576112412 0.08744504152418173 0.18266978922716628 0.038104543234000976
0 0.6311475409836066 0.12310698583292623 0.1885245901639344 0.03712750366389839
0 0.6100702576112412 0.15583781143136297 0.18266978922716628 0.045432340009770394
0 0.5644028103044496 0.1875915974596971 0.18266978922716628 0.048851978505129456
0 0.5128805620608899 0.2154372252076209 0.1885245901639344 0.05129457743038593
0 0.4379391100702576 0.2418172936003908 0.1885245901639344 0.05129457743038593
0 0.3629976580796253 0.2740595994137763 0.16627634660421545 0.05129457743038593
0 0.32435597189695553 0.3160723009281876 0.18618266978922718 0.05862237420615535
0 0.32201405152224827 0.36590131900341966 0.20843091334894615 0.04787493893502687
0 0.3442622950819672 0.4152418172936004 0.21428571428571427 0.05276013678553981
0 0.41100702576112413 0.4675134342940889 0.2259953161592506 0.056179775280898875
0 0.477751756440281 0.5168539325842697 0.26346604215456676 0.06106497313141182
0 0.5550351288056206 0.5740107474352711 0.2611241217798595 0.06839276990718124
0 0.6053864168618267 0.6345872007816317 0.2693208430913349 0.06204201270151441
0 0.6334894613583139 0.6976062530532486 0.26346604215456676 0.06106497313141182
0 0.6288056206088993 0.7445041524181729 0.25526932084309134 0.0635075720566683