0 0.6073529411764705 0.70751953125 0.23823529411764705 0.0498046875
0 0.575 0.66064453125 0.27794117647058825 0.068359375
0 0.5117647058823529 0.61279296875 0.2661764705882353 0.0537109375
0 0.43970588235294117 0.5654296875 0.21764705882352942 0.05908203125
0 0.36764705882352944 0.53271484375 0.22941176470588234 0.0576171875
0 0.3161764705882353 0.4921875 0.22205882352941175 0.05224609375
0 0.3029411764705882 0.44775390625 0.22205882352941175 0.0498046875
0 0.3220588235294118 0.4140625 0.20147058823529412 0.03857421875
0 0.3514705882352941 0.37841796875 0.20588235294117646 0.05078125
0 0.4088235294117647 0.34814453125 0.18970588235294117 0.0498046875
0 0.43970588235294117 0.314453125 0.16911764705882354 0.046875
0 0.47205882352941175 0.28564453125 0.15294117647058825 0.0537109375
0 0.48970588235294116 0.2509765625 0.1411764705882353 0.0498046875
0 0.5088235294117647 0.2197265625 0.16911764705882354 0.04296875
0 0.48970588235294116 0.19384765625 0.17352941176470588 0.0400390625
0 0.6 0.76416015625 0.20588235294117646 0.0498046875
0 0.47941176470588237 0.16162109375 0.19264705882352942 0.03466796875