0 0.5018270401948843 0.79638671875 0.26431181485992694 0.0537109375
0 0.5395858708891595 0.7451171875 0.2350791717417783 0.05615234375
0 0.587088915956151 0.68701171875 0.23751522533495736 0.07421875
0 0.6272838002436053 0.6328125 0.21802679658952498 0.06201171875
0 0.630937880633374 0.57763671875 0.23629719853836784 0.05810546875
0 0.6151035322777101 0.52685546875 0.21680876979293545 0.04736328125
0 0.5761266747868453 0.4794921875 0.19732034104750304 0.04443359375
0 0.5505481120584653 0.43701171875 0.19488428745432398 0.04296875
0 0.5310596833130329 0.39599609375 0.17904993909866018 0.03955078125
0 0.5164433617539586 0.35498046875 0.16930572472594396 0.041015625
0 0.5054811205846529 0.3173828125 0.14738124238733252 0.04248046875
0 0.4945188794153471 0.28076171875 0.146163215590743 0.033203125
0 0.5018270401948843 0.24658203125 0.14494518879415347 0.0419921875
0 0.4920828258221681 0.208984375 0.14372716199756394 0.0361328125
0 0.5054811205846529 0.1767578125 0.12911084043848964 0.03759765625
0 0.5006090133982948 0.14697265625 0.15225334957369063 0.029296875
0 0.4884287454323995 0.111328125 0.16443361753958588 0.03369140625