0 0.4374166666666667 0.8001662971175166 0.35691666666666666 0.05213968957871394
0 0.4657916666666667 0.7479933481152994 0.3082083333333333 0.04879157427937915
0 0.5195416666666667 0.6965410199556541 0.33870833333333344 0.048470066518847034
0 0.5497083333333334 0.6457427937915743 0.2913333333333334 0.0462971175166297
0 0.5521666666666667 0.5949778270509978 0.2644166666666666 0.045177383592017735
0 0.5578333333333333 0.5525388026607538 0.29924999999999996 0.04043237250554327
0 0.5008333333333334 0.5080820399113082 0.2711666666666667 0.04515521064301554
0 0.44975 0.4672727272727273 0.24812500000000004 0.03672949002217294
0 0.40950000000000003 0.4261640798226164 0.22758333333333336 0.03620842572062081
0 0.383625 0.39186252771618624 0.23208333333333328 0.03625277161862533
0 0.40625 0.3597450110864745 0.24154166666666665 0.03863636363636366
0 0.44675 0.3231374722838138 0.221375 0.03797117516629712
0 0.5042916666666667 0.2873835920177384 0.2509583333333334 0.03666297117516635
0 0.5314583333333334 0.2552771618625277 0.2538333333333333 0.03568736141906873
0 0.537 0.2258869179600887 0.1946249999999999 0.029966740576496644
0 0.5492083333333333 0.1923281596452328 0.2017916666666667 0.030243902439024424
0 0.5470416666666666 0.16242793791574278 0.19845833333333332 0.0298337028824834