0 0.43472906403940886 0.655105031753786 0.24261083743842365 0.04298974108451392
0 0.4729064039408867 0.6106497313141183 0.21674876847290642 0.049829018075232046
0 0.4987684729064039 0.558866634098681 0.1921182266009852 0.06204201270151441
0 0.5480295566502463 0.5109916951636542 0.1810344827586207 0.061553492916463115
0 0.5935960591133005 0.46213971665852466 0.16502463054187191 0.05862237420615535
0 0.6490147783251231 0.424523693209575 0.16133004926108374 0.06546165119687347
0 0.6761083743842364 0.37371763556424037 0.16502463054187191 0.05129457743038593
0 0.6982758620689655 0.3346360527601368 0.16379310344827586 0.0449438202247191
0 0.7056650246305419 0.30092818759159745 0.1477832512315271 0.0449438202247191
0 0.6921182266009852 0.2696629213483146 0.17364532019704434 0.046409379579872984
0 0.6600985221674877 0.2432828529555447 0.17364532019704434 0.05324865657059111
0 0.6342364532019704 0.21250610649731314 0.16748768472906403 0.04298974108451392
0 0.5738916256157636 0.18368343917928676 0.16009852216748768 0.03761602344894968
0 0.5295566502463054 0.15925744992672203 0.13054187192118227 0.03517342452369321
0 0.5197044334975369 0.12750366389838788 0.1268472906403941 0.04201270151441133
0 0.4273399014778325 0.6956521739130435 0.22783251231527094 0.034684904738641914
0 0.43472906403940886 0.7327796775769418 0.18472906403940886 0.03126526624328285