0 0.5932415519399249 0.8359375 0.1939924906132666 0.05224609375
0 0.6082603254067585 0.78662109375 0.17146433041301626 0.04443359375
0 0.6120150187734669 0.744140625 0.17521902377972465 0.046875
0 0.5857321652065082 0.69775390625 0.16520650813516896 0.046875
0 0.55819774718398 0.65869140625 0.1739674593241552 0.04150390625
0 0.5269086357947435 0.61962890625 0.17271589486858574 0.04833984375
0 0.4780976220275344 0.5859375 0.16020025031289112 0.04931640625
0 0.43429286608260326 0.55078125 0.17647058823529413 0.046875
0 0.3854818523153942 0.521484375 0.16270337922403003 0.04296875
0 0.36545682102628285 0.48583984375 0.15769712140175218 0.03076171875
0 0.3642052565707134 0.45263671875 0.15519399249061328 0.033203125
0 0.3704630788485607 0.4208984375 0.14017521902377972 0.03466796875
0 0.40175219023779724 0.39208984375 0.1376720901126408 0.0439453125
0 0.42052565707133915 0.3623046875 0.14017521902377972 0.04296875
0 0.44180225281602004 0.32763671875 0.1476846057571965 0.041015625
0 0.4593241551939925 0.2978515625 0.13642052565707133 0.029296875
0 0.5669586983729662 0.88525390625 0.19148936170212766 0.04931640625