0 0.5640092165898617 0.13448 0.2269585253456221 0.037211428571428576
0 0.5564976958525346 0.16996571428571428 0.2248387096774193 0.041725714285714276
0 0.5447004608294931 0.2102285714285714 0.2612903225806452 0.047840000000000014
0 0.5264976958525346 0.2435885714285714 0.2976958525345623 0.05448000000000002
0 0.4696774193548387 0.28691428571428573 0.24414746543778798 0.052354285714285784
0 0.44612903225806455 0.3301028571428571 0.27202764976958527 0.052091428571428615
0 0.3898617511520737 0.36970285714285717 0.2880645161290322 0.06059428571428569
0 0.3191244239631336 0.4101028571428571 0.29451612903225804 0.05900571428571428
0 0.24944700460829494 0.44704000000000005 0.3266820276497696 0.05528
0 0.2135483870967742 0.49648000000000003 0.3427649769585253 0.06219428571428567
0 0.26129032258064516 0.5412571428571429 0.35912442396313365 0.06299428571428572
0 0.3614746543778802 0.5902971428571429 0.3816589861751152 0.07388571428571439
0 0.4804147465437788 0.6328228571428571 0.40096774193548385 0.08663999999999994
0 0.5838248847926267 0.6842514285714286 0.3870506912442397 0.07468571428571419
0 0.6122580645161291 0.7464457142857143 0.4159907834101382 0.0640571428571428
0 0.5720276497695852 0.8118285714285715 0.4427649769585253 0.07043428571428584
0 0.4962211981566821 0.8523428571428571 0.4633640552995392 0.05375999999999996