0 0.4328059071729958 0.815847208619001 0.23854430379746833 0.05339862879529871
0 0.4423417721518987 0.7527619980411362 0.21343881856540087 0.06435847208619004
0 0.4995991561181435 0.6884035259549461 0.20738396624472563 0.07835455435847209
0 0.5508227848101265 0.6240352595494613 0.21943037974683544 0.0727619980411361
0 0.6261603375527426 0.5652693437806072 0.20736286919831215 0.0727619980411361
0 0.6864345991561182 0.5044074436826641 0.17721518987341772 0.07136141038197835
0 0.7316455696202532 0.4512340842311459 0.17118143459915608 0.0629676787463271
0 0.7331434599156118 0.4057688540646425 0.1741772151898733 0.06156709108716946
0 0.7030379746835443 0.3560920666013712 0.1693459915611814 0.05177277179236044
0 0.6427637130801688 0.3064250734573947 0.1452320675105486 0.0727619980411361
0 0.5478270042194093 0.2826346718903036 0.15424050632911396 0.0727619980411361
0 0.3923628691983122 0.17769833496571988 0.1652320675105485 0.044769833496571966
0 0.41485232067510547 0.21571008814887366 0.179535864978903 0.04617042115572966
0 0.4729746835443038 0.2562879529872674 0.18329113924050633 0.058295788442703216
0 0.40189873417721517 0.13274240940254653 0.16924050632911397 0.0479040156709109
0 0.43354430379746833 0.09845249755142017 0.16025316455696198 0.04639569049951029
0 0.4726793248945148 0.0672869735553379 0.17276371308016875 0.048824681684622916