0 0.5092976588628763 0.1790236051502146 0.17969899665551844 0.03836909871244634
0 0.4947157190635451 0.2071244635193133 0.1790969899665552 0.04260729613733903
0 0.47635451505016724 0.23840128755364806 0.19508361204013372 0.049549356223175973
0 0.4226755852842809 0.2666523605150215 0.20230769230769233 0.05166309012875534
0 0.35816053511705687 0.2890128755364807 0.19949832775919724 0.04623390557939917
0 0.3341471571906354 0.31771459227467813 0.22682274247491638 0.047435622317596605
0 0.3002675585284281 0.3474785407725322 0.22521739130434784 0.04954935622317591
0 0.31341137123745816 0.3846459227467811 0.1948160535117057 0.04954935622317591
0 0.37137123745819395 0.41243562231759656 0.19979933110367895 0.05560085836909877
0 0.4396321070234113 0.4441630901287553 0.2007357859531772 0.05620171673819742
0 0.48387959866220737 0.47634120171673816 0.21016722408026767 0.05468884120171677
0 0.5225083612040133 0.5271030042918455 0.24973244147157195 0.057714592274678074
0 0.4980267558528428 0.5624570815450645 0.24220735785953182 0.06496781115879824
0 0.4344481605351171 0.605214592274678 0.22963210702341144 0.06526824034334756
0 0.36334448160535116 0.6435836909871245 0.26260869565217393 0.056802575107296194
0 0.38277591973244146 0.6869420600858369 0.2730769230769231 0.04694206008583691
0 0.5061204013377927 0.15208154506437768 0.18685618729096992 0.0310085836909871