0 0.5517151162790698 0.026092503987240827 0.155406976744186 0.052185007974481654
0 0.5173546511627907 0.07248803827751196 0.16598837209302333 0.052200956937799026
0 0.45127906976744186 0.11816586921850081 0.1712790697674419 0.06234449760765551
0 0.37994186046511624 0.1587719298245614 0.19773255813953483 0.07105263157894734
0 0.2953779069767442 0.18993620414673046 0.20305232558139533 0.08409888357256781
0 0.23593023255813952 0.24068580542264753 0.20040697674418603 0.07539074960127588
0 0.2161046511627907 0.29940988835725674 0.20305232558139533 0.06234449760765546
0 0.23063953488372094 0.3508771929824561 0.22154069767441856 0.060893141945773534
0 0.2768895348837209 0.40741626794258373 0.250610465116279 0.07539074960127588
0 0.38258720930232565 0.45237639553429027 0.22944767441860467 0.08409888357256781
0 0.48430232558139535 0.5002232854864433 0.24261627906976738 0.08988835725677834
0 0.5781104651162791 0.5683572567783094 0.313953488372093 0.09569377990430622
0 0.6573837209302326 0.6401275917065391 0.2874999999999999 0.0942424242424243
0 0.6930523255813953 0.7358213716108453 0.27956395348837215 0.0942424242424243
0 0.6884302325581395 0.8250558213716107 0.24883720930232564 0.07749601275917052
0 0.6487499999999999 0.8777352472089315 0.2742441860465116 0.08358851674641161
0 0.6151162790697673 0.9351834130781499 0.26636627906976745 0.08409888357256781