0 0.7214766081871345 0.12171041490262491 0.15362573099415194 0.049263336155800176
0 0.6670760233918128 0.15974597798475867 0.1548830409356726 0.045639288738357306
0 0.6032894736842105 0.1923539373412362 0.16241228070175442 0.061583403895004246
0 0.5307456140350877 0.21010160880609652 0.16492690058479526 0.05940728196443689
0 0.47195906432748536 0.23110922946655377 0.16494152046783633 0.05940728196443689
0 0.4081578947368421 0.24922099915325993 0.16745614035087714 0.05940728196443689
0 0.36312865497076025 0.28472480948348855 0.1699707602339181 0.055063505503810305
0 0.32687134502923976 0.33145639288738354 0.16747076023391816 0.061583403895004246
0 0.3281140350877193 0.3785436071126164 0.18248538011695914 0.054335309060118506
0 0.3387426900584795 0.4241913632514818 0.16622807017543867 0.04999153259949193
0 0.39690058479532164 0.4687468247248095 0.17245614035087725 0.06230313293818791
0 0.45631578947368423 0.5154784081287045 0.17869883040935675 0.0630313293818798
0 0.5000877192982456 0.5672734970364098 0.17869883040935675 0.0681033022861982
0 0.5307309941520467 0.6281287044877223 0.19994152046783625 0.07389500423370024
0 0.556374269005848 0.6998560541913632 0.20119883040935674 0.07099915325994911
0 0.5507456140350877 0.7799153259949196 0.20244152046783628 0.0760711261642675
0 0.5175730994152047 0.8632091447925487 0.23233918128654965 0.09136325148179517