0 0.6386447368421053 0.7368231841526045 0.13306578947368405 0.05450476889214964
0 0.6621315789473684 0.6880851063829787 0.13118421052631585 0.055546588407923723
0 0.6677763157894737 0.6388187820983126 0.11239473684210535 0.042971386647101935
0 0.6574342105263158 0.5927072633895818 0.11051315789473685 0.04716801173881142
0 0.6367631578947368 0.5539251650770359 0.11427631578947371 0.05135730007336757
0 0.5944868421052631 0.5125238444607484 0.11313157894736844 0.05030814380044016
0 0.5672236842105263 0.47584005869405727 0.11052631578947368 0.0482098312545855
0 0.5456052631578948 0.4402054292002935 0.10114473684210527 0.04402054292002935
0 0.5277499999999999 0.4087600880410858 0.10302631578947362 0.039831254585473194
0 0.5268157894736842 0.3699853264856934 0.11242105263157902 0.039831254585473194
0 0.5324473684210527 0.33958914159941306 0.0973815789473684 0.03353631694790905
0 0.5333947368421053 0.30814380044020545 0.09175000000000003 0.035634629493763795
0 0.5409078947368421 0.2751283932501834 0.09550000000000006 0.036683785766691124
0 0.5427894736842105 0.2421129860601614 0.09926315789473691 0.029347028613352897
0 0.5315131578947369 0.21381511371973588 0.08423684210526314 0.027248716067498156
0 0.5221184210526316 0.19127659574468084 0.09175000000000003 0.028297872340425568
0 0.5062631578947369 0.16984592809977989 0.09843421052631572 0.028613352898019074