0 0.5672983870967742 0.11464673913043477 0.15451612903225803 0.03672554347826087
0 0.5515725806451612 0.14402173913043478 0.16665322580645156 0.03508152173913043
0 0.5418951612903226 0.17625 0.16665322580645156 0.03591032608695653
0 0.5176612903225807 0.20726902173913045 0.16665322580645156 0.03591032608695653
0 0.4874193548387097 0.24072010869565216 0.15455645161290316 0.03426630434782605
0 0.4789112903225806 0.2729483695652174 0.17149193548387098 0.03345108695652175
0 0.4789112903225806 0.30722826086956523 0.1763306451612903 0.03835597826086959
0 0.4934677419354839 0.3455706521739131 0.186008064516129 0.04161684782608695
0 0.5322177419354839 0.37985054347826086 0.19568548387096762 0.04161684782608695
0 0.575766129032258 0.4112635869565217 0.21020161290322578 0.04243206521739133
0 0.6423790322580645 0.4443070652173913 0.2271370967741935 0.04813858695652167
0 0.6811290322580644 0.48592391304347826 0.23197580645161303 0.04650815217391307
0 0.6920161290322581 0.5287635869565218 0.23439516129032256 0.05059782608695653
0 0.6798790322580646 0.5834375 0.2779838709677419 0.060380434782608614
0 0.6000000000000001 0.6291304347826088 0.2925403225806452 0.062010869565217376
0 0.4849596774193548 0.6846195652173913 0.28044354838709673 0.07343749999999993
0 0.4232258064516129 0.7384782608695651 0.263508064516129 0.06528532608695646