0 0.4867826086956521 0.19730936819172112 0.18804347826086956 0.026721132897603455
0 0.49052173913043473 0.22247276688453158 0.19052173913043474 0.029825708061002175
0 0.47934782608695653 0.25043572984749457 0.17313043478260867 0.03480392156862744
0 0.44217391304347825 0.2752941176470588 0.18308695652173906 0.03232026143790851
0 0.40495652173913044 0.29922657952069714 0.19795652173913045 0.034183006535947705
0 0.360304347826087 0.32314814814814813 0.19299999999999995 0.0348039215686275
0 0.31069565217391304 0.34862745098039216 0.22278260869565222 0.032320261437908455
0 0.31069565217391304 0.3769063180827887 0.22773913043478258 0.032941176470588245
0 0.307 0.40673202614379084 0.21039130434782616 0.03168845315904143
0 0.31569565217391304 0.43811546840958604 0.23269565217391308 0.0348039215686275
0 0.360304347826087 0.46515250544662307 0.25752173913043475 0.03915032679738568
0 0.43721739130434784 0.49249455337690634 0.2673913043478261 0.041633986928104605
0 0.493 0.525119825708061 0.28473913043478255 0.04473856209150332
0 0.5351739130434783 0.5589869281045752 0.27482608695652166 0.041633986928104605
0 0.5487826086956522 0.6003159041394336 0.29217391304347823 0.041013071895424934
0 0.5413478260869565 0.6515795206971677 0.29217391304347834 0.051579520697167654
0 0.5512608695652175 0.6929084967320261 0.28226086956521734 0.044738562091503196