0 0.5892050209205021 0.13763095238095238 0.2710041841004183 0.04369047619047621
0 0.5437656903765691 0.16647619047619047 0.2814644351464434 0.053011904761904795
0 0.47594142259414224 0.1982857142857143 0.3008368200836819 0.05216666666666666
0 0.4073640167364017 0.2216190476190476 0.3425941422594142 0.0665952380952381
0 0.28661087866108786 0.2440952380952381 0.2948953974895398 0.0623452380952381
0 0.22552301255230126 0.27717857142857144 0.27108786610878666 0.07167857142857141
0 0.20686192468619247 0.3193809523809523 0.2874895397489539 0.05344047619047618
0 0.2397071129707113 0.3573452380952381 0.2610878661087866 0.05726190476190479
0 0.3276569037656904 0.3923333333333333 0.2789539748953976 0.07040476190476189
0 0.4409205020920502 0.4285952380952381 0.2909205020920501 0.07846428571428568
0 0.5594142259414225 0.4695238095238095 0.3043514644351465 0.07465476190476195
0 0.6510878661087867 0.513 0.3088284518828452 0.06913095238095245
0 0.6838912133891213 0.5664404761904762 0.30288702928870287 0.05810714285714293
0 0.6652719665271967 0.6279404761904762 0.3192887029288703 0.06489285714285713
0 0.6093305439330544 0.6858333333333334 0.31422594142259425 0.07973809523809526
0 0.6033891213389122 0.109 0.2546025104602511 0.04157142857142859
0 0.5329707112970711 0.7267619047619048 0.3520920502092049 0.056297619047619006