0 0.48290410958904106 0.02254437869822485 0.11901369863013699 0.045078895463510855
0 0.46823287671232877 0.06551282051282052 0.10923287671232879 0.046489151873767245
0 0.44182191780821917 0.11059171597633136 0.11510958904109585 0.05494082840236687
0 0.4056164383561644 0.15497041420118343 0.11316438356164385 0.06199211045364893
0 0.37627397260273976 0.1930078895463511 0.12490410958904102 0.06480276134122286
0 0.33615068493150685 0.23245562130177516 0.12687671232876713 0.07044378698224853
0 0.3087671232876712 0.27754437869822485 0.13079452054794524 0.05354043392504927
0 0.3019178082191781 0.3296745562130178 0.12493150684931505 0.05354043392504927
0 0.3097397260273973 0.3832051282051282 0.14449315068493154 0.05635108481262326
0 0.33517808219178086 0.43181459566074953 0.14447945205479457 0.057761341222879736
0 0.3792054794520548 0.49027613412228793 0.15034246575342466 0.0732642998027613
0 0.44182191780821917 0.5431065088757396 0.14641095890410957 0.07748520710059165
0 0.5014931506849315 0.5973471400394478 0.1600958904109589 0.08171597633136085
0 0.5533424657534246 0.6699112426035503 0.16595890410958902 0.07748520710059165
0 0.5778082191780822 0.7431656804733728 0.16400000000000003 0.07185404339250483
0 0.5846575342465754 0.8206508875739645 0.19726027397260273 0.07748520710059165
0 0.5866027397260274 0.8896844181459566 0.23638356164383553 0.08875739644970414