0 0.4741825095057034 0.14482564679415072 0.1654752851711027 0.03374578177727784
0 0.48368821292775666 0.1778740157480315 0.15596958174904946 0.03233970753655793
0 0.462319391634981 0.2080989876265467 0.16072243346007598 0.03093363329583802
0 0.4528136882129278 0.248177727784027 0.1987452471482889 0.03796400449943757
0 0.4117110266159696 0.28078740157480314 0.1895817490494297 0.044128233970753675
0 0.40003802281368817 0.3166929133858268 0.207148288973384 0.03979752530933633
0 0.3810266159695817 0.35346456692913386 0.21007604562737642 0.044128233970753675
0 0.37661596958174903 0.39412823397075364 0.23638783269961972 0.037210348706411746
0 0.37368821292775667 0.43004499437570304 0.24809885931558937 0.034611923509561285
0 0.3678707224334601 0.467244094488189 0.21885931558935362 0.04326209223847023
0 0.3883269961977186 0.5126771653543307 0.2539163498098858 0.04586051743532057
0 0.4277946768060837 0.5632958380202474 0.2509885931558936 0.04499437570303712
0 0.46874524714828897 0.6113160854893139 0.2685171102661597 0.054510686164229515
0 0.5053231939163498 0.6679977502812149 0.271444866920152 0.05364454443194607
0 0.5696577946768061 0.7294263217097863 0.2889733840304182 0.06057367829021362
0 0.6134980988593156 0.7783127109111361 0.2948288973384031 0.04932508436445434
0 0.46482889733840305 0.11335208098987626 0.20319391634980988 0.031012373453318327