0 0.4934051724137931 0.08394773039889959 0.23258620689655163 0.04037138927097661
0 0.5099568965517242 0.11903713892709768 0.19663793103448277 0.0454057771664374
0 0.5063362068965517 0.15481430536451166 0.20094827586206898 0.0463273727647868
0 0.479051724137931 0.19448418156808803 0.22159482758620688 0.05320495185694636
0 0.4193965517241379 0.23027510316368638 0.23978448275862066 0.05687757909215959
0 0.3777155172413793 0.26237964236588723 0.22543103448275867 0.05504814305364509
0 0.33749999999999997 0.30204951856946355 0.21439655172413796 0.0582530949105915
0 0.3281034482758621 0.3470151306740028 0.21823275862068964 0.050921595598349356
0 0.31448275862068964 0.3804951856946355 0.21103448275862072 0.056423658872077
0 0.31232758620689655 0.41513067400275105 0.23306034482758617 0.05412654745529577
0 0.364051724137931 0.4598486932599725 0.21870689655172418 0.06192572214580465
0 0.40573275862068964 0.49815680880330127 0.23021551724137929 0.06147180192572206
0 0.5121120689655172 0.5300275103163686 0.26185344827586204 0.07202200825309493
0 0.5890086206896552 0.5846217331499312 0.30353448275862077 0.0674277854195323
0 0.6436206896551724 0.6426409903713892 0.3064224137931036 0.06605226960110039
0 0.6565517241379311 0.7082393397524072 0.31215517241379315 0.07797799174690516
0 0.6580172413793103 0.7628198074277854 0.31793103448275856 0.06697386519944987