0 0.4951388888888889 0.2913654223968566 0.09046296296296293 0.026542239685658137
0 0.49560185185185185 0.31309430255402754 0.10800925925925932 0.028467583497053063
0 0.4983101851851852 0.3369449901768173 0.10620370370370369 0.029233791748526514
0 0.4983101851851852 0.3602161100196464 0.11525462962962968 0.03038310412573669
0 0.4901388888888889 0.38732809430255405 0.10407407407407403 0.03538310412573672
0 0.4860648148148148 0.4131041257367387 0.1067824074074074 0.03615913555992147
0 0.4756481481481481 0.43848722986247546 0.10587962962962966 0.03154223968565817
0 0.47067129629629634 0.4606090373280943 0.11615740740740742 0.03577603143418463
0 0.4484722222222222 0.4869548133595285 0.12613425925925928 0.04769155206286833
0 0.4325925925925926 0.5208055009823183 0.1376157407407407 0.04385068762278988
0 0.4058564814814815 0.5534970530451867 0.14576388888888883 0.03769155206286826
0 0.39997685185185183 0.5834970530451866 0.15574074074074082 0.04461689587426333
0 0.4053935185185185 0.6169646365422398 0.1575462962962963 0.05154223968565818
0 0.4285185185185185 0.6527308447937131 0.1421527777777777 0.05846758349705303
0 0.46069444444444446 0.6871611001964636 0.16692129629629632 0.06423379174852661
0 0.508287037037037 0.7242730844793712 0.1768981481481482 0.050000000000000086
0 0.4959722222222222 0.2729273084479371 0.09458333333333337 0.020746561886051083