0 0.5026433121019108 0.6873111782477341 0.28585987261146495 0.0755287009063444
0 0.6141082802547772 0.6344410876132931 0.2938216560509554 0.0755287009063444
0 0.6777707006369427 0.5796878147029204 0.3017515923566879 0.07175226586102719
0 0.7573885350318471 0.5331117824773414 0.23805732484076433 0.059164149043303124
0 0.7792993630573248 0.48841893252769386 0.26589171974522297 0.04783484390735146
0 0.7653503184713376 0.4424773413897281 0.28579617834394905 0.04909365558912387
0 0.7076751592356687 0.4097482376636455 0.2992993630573249 0.06168177240684793
0 0.6340445859872612 0.3694662638469285 0.21570063694267522 0.059164149043303124
0 0.5444585987261147 0.3342195367573011 0.2355732484076432 0.06671701913393756
0 0.48277070063694266 0.297079556898288 0.1997452229299362 0.050352467270896276
0 0.4210828025477707 0.263091641490433 0.24350318471337573 0.050352467270896276
0 0.4091082802547771 0.2259617321248741 0.2580254777070063 0.04909365558912387
0 0.3673248407643312 0.18945619335347433 0.23019108280254785 0.036505538771399795
0 0.35735668789808916 0.15798590130916415 0.21028662420382166 0.04154078549848943
0 0.3493949044585987 0.12084592145015106 0.234171974522293 0.04028197381671702
0 0.3533757961783439 0.08559919436052367 0.26601910828025477 0.04028197381671702
0 0.41108280254777074 0.7452165156092648 0.341624203821656 0.07804632426988922