0 0.5068905950095969 0.7421499448732084 0.18754318618042234 0.0509922822491731
0 0.47690978886756236 0.6808158765159867 0.16595009596928978 0.06339581036383682
0 0.4361228406909789 0.631896361631753 0.14675623800383875 0.062017640573318635
0 0.40132437619961614 0.5781477398015435 0.16272552783109412 0.0509922822491731
0 0.4105566218809981 0.5298566703417861 0.13946257197696743 0.04515986769570015
0 0.43925143953934737 0.49094818081587654 0.1573512476007678 0.05300992282249178
0 0.4780230326295586 0.45458654906284457 0.1281765834932821 0.05257993384784999
0 0.5230518234165067 0.4172657111356119 0.12374280230326301 0.05257993384784999
0 0.5599616122840692 0.3824917309812569 0.10305182341650682 0.04919514884233738
0 0.5695585412667946 0.349845644983462 0.10157389635316691 0.04664829106945982
0 0.5643953934740883 0.312954796030871 0.10305182341650661 0.03392502756339579
0 0.5429750479846449 0.2807276736493936 0.10452975047984651 0.032227122381477416
0 0.5119769673704415 0.2438257993384785 0.10454894433781195 0.04155457552370452
0 0.4972168905950096 0.2048180815876516 0.09863723608445295 0.038169790518191846
0 0.49500959692898266 0.1768246968026461 0.10011516314779265 0.038169790518191846
0 0.48909788867562376 0.14078280044101432 0.08831094049904029 0.03562293274531422
0 0.4824376199616123 0.10593164277839029 0.10786948176583491 0.034189636163175295