0 0.5842021276595746 0.6133464180569186 0.22343085106382976 0.06588812561334652
0 0.6582978723404256 0.5642787046123651 0.21962765957446803 0.057477919528949886
0 0.7209840425531914 0.5138076545632974 0.20061170212765944 0.057477919528949886
0 0.7760638297872341 0.46544651619234545 0.2347872340425531 0.05047105004906766
0 0.7969414893617021 0.4226790971540726 0.2157978723404255 0.05747791952895
0 0.7817553191489361 0.37572129538763493 0.23098404255319155 0.056074582924435706
0 0.7570744680851065 0.3378704612365064 0.21199468085106393 0.053277723258096134
0 0.6905851063829788 0.30281648675171735 0.17781914893617026 0.04485770363101083
0 0.6051063829787234 0.2740824337585869 0.18922872340425542 0.04346418056918544
0 0.5595212765957447 0.24323846908734054 0.20582446808510635 0.051874386653581954
0 0.5196276595744681 0.2067811579980373 0.16265957446808502 0.051874386653581954
0 0.4873404255319149 0.17243375858684987 0.1892553191489361 0.04485770363101078
0 0.47973404255319146 0.14089303238469086 0.18167553191489363 0.040657507360157025
0 0.46074468085106385 0.10514229636898921 0.17406914893617018 0.044857703631010805
0 0.44744680851063834 0.07290480863591757 0.1778723404255319 0.03925417075564279
0 0.5120212765957447 0.6511972522080471 0.27664893617021274 0.057477919528949886
0 0.4376063829787234 0.03680078508341511 0.22577127659574464 0.03680078508341511