0 0.6401662707838479 0.23860557768924304 0.1221140142517814 0.031603585657370536
0 0.6222802850356295 0.26704183266932274 0.11646080760095005 0.033187250996015986
0 0.5902375296912115 0.29153386454183267 0.12399049881235165 0.033187250996015986
0 0.5563420427553444 0.31445219123505974 0.1353206650831353 0.034760956175298785
0 0.5148931116389549 0.3401294820717132 0.1428503562945368 0.03397410358565738
0 0.4875771971496437 0.3673804780876494 0.1485273159144894 0.037928286852589685
0 0.4715439429928741 0.39741035856573703 0.15040380047505936 0.034760956175298785
0 0.46684085510688833 0.4250597609561753 0.1409976247030879 0.033187250996015986
0 0.4856769596199525 0.4503386454183267 0.1485273159144894 0.031603585657370536
0 0.49228028503562943 0.47048804780876496 0.13909738717339667 0.027649402390438237
0 0.518646080760095 0.49340637450199204 0.13909738717339667 0.026075697211155328
0 0.5403087885985749 0.5099900398406374 0.13719714964370544 0.026075697211155442
0 0.5648218527315915 0.5309262948207171 0.1447268408551069 0.028446215139442177
0 0.5930641330166271 0.5589741035856574 0.15225653206650835 0.03397410358565727
0 0.6269833729216151 0.5984860557768924 0.16731591448931102 0.03871513944223097
0 0.6354631828978622 0.6395617529880478 0.1692161520190024 0.04502988047808769
0 0.6269833729216151 0.6861752988047808 0.17109263657957238 0.04345617529880489