0 0.531812865497076 0.1837151702786378 0.23479532163742695 0.035000000000000024
0 0.5659649122807018 0.21128482972136226 0.21011695906432754 0.03043343653250778
0 0.5771929824561404 0.23876160990712075 0.17502923976608192 0.02958204334365327
0 0.5739766081871346 0.266656346749226 0.19415204678362566 0.02958204334365327
0 0.5643859649122808 0.2924303405572755 0.20695906432748545 0.028730650154798764
0 0.5787719298245614 0.31862229102167183 0.21011695906432754 0.03380804953560368
0 0.5867251461988304 0.3507430340557276 0.20695906432748545 0.03043343653250778
0 0.5978947368421053 0.3782043343653251 0.2165497076023392 0.03126934984520122
0 0.5944444444444444 0.40722910216718267 0.2505263157894737 0.035913312693498525
0 0.5759649122807017 0.4387770897832817 0.2571345029239766 0.03970588235294114
0 0.5532163742690058 0.46611455108359134 0.2707017543859649 0.04196594427244584
0 0.524327485380117 0.4938699690402477 0.29654970760233923 0.04575851393188846
0 0.4863157894736842 0.5268575851393189 0.3151461988304093 0.05441176470588232
0 0.4302923976608187 0.5721826625386996 0.2771929824561404 0.04732198142414869
0 0.42485380116959065 0.6265170278637772 0.33327485380116967 0.05470588235294123
0 0.47976608187134506 0.684922600619195 0.37286549707602334 0.07405572755417962
0 0.5983040935672514 0.7478947368421053 0.38801169590643286 0.07687306501547983