0 0.6653386454183267 0.6588321995464853 0.3453386454183267 0.051315192743764164
0 0.5964541832669323 0.1410204081632653 0.2131872509960159 0.03259637188208617
0 0.611394422310757 0.17219954648526076 0.2131872509960159 0.02976190476190476
0 0.6213147410358565 0.20763038548752835 0.2231474103585657 0.03826530612244898
0 0.6014342629482072 0.2416439909297052 0.2131872509960159 0.043934240362811794
0 0.5541035856573706 0.2671428571428571 0.23812749003984057 0.035430839002267574
0 0.4844223107569721 0.28273242630385487 0.20824701195219117 0.03826530612244898
0 0.3872908366533864 0.30612244897959184 0.21326693227091634 0.03968253968253968
0 0.290199203187251 0.32242630385487525 0.19832669322709165 0.055272108843537414
0 0.2304382470119522 0.352891156462585 0.27800796812749007 0.0481859410430839
0 0.1756573705179283 0.3862018140589569 0.29792828685258965 0.0467687074829932
0 0.18812749003984064 0.42446712018140587 0.29298804780876503 0.03826530612244898
0 0.1856175298804781 0.46131519274376415 0.30788844621513944 0.03826530612244898
0 0.2877290836653386 0.4988662131519274 0.28466135458167324 0.06235827664399093
0 0.37737051792828685 0.5250907029478458 0.3245418326693226 0.06660997732426303
0 0.49689243027888447 0.5683106575963719 0.354422310756972 0.07653061224489796
0 0.6139043824701196 0.6115419501133786 0.3295617529880477 0.07227891156462585