0 0.5544607843137256 0.16706093189964158 0.27818627450980393 0.036738351254480286
0 0.5601960784313725 0.2001194743130227 0.25808823529411756 0.04268817204301077
0 0.5429901960784314 0.2359856630824373 0.2752941176470588 0.04862604540023893
0 0.5128431372549019 0.2700955794504182 0.25808823529411756 0.05528076463560332
0 0.44176470588235295 0.3038590203106332 0.23946078431372547 0.054934289127837536
0 0.359264705882353 0.33324970131421744 0.25240196078431376 0.0535244922341696
0 0.2824509803921568 0.36053763440860215 0.3026470588235294 0.05212664277180406
0 0.24588235294117644 0.39551971326164875 0.2696078431372549 0.05422939068100357
0 0.28823529411764703 0.4378494623655914 0.28872549019607846 0.05633213859020308
0 0.37862745098039213 0.47389486260454 0.2916176470588236 0.06752688172043009
0 0.4927450980392157 0.5066069295101553 0.29019607843137263 0.06927120669056155
0 0.5946568627450981 0.5443847072879331 0.31892156862745097 0.06297491039426528
0 0.6822058823529411 0.5907407407407407 0.3562745098039216 0.05702508960573479
0 0.6886764705882353 0.6440979689366786 0.37431372549019615 0.05248506571087224
0 0.6549509803921569 0.6901075268817204 0.38151960784313715 0.054934289127837536
0 0.5400980392156863 0.13540023894862604 0.3097549019607843 0.03918757467144562
0 0.5940686274509804 0.7276702508960573 0.4161274509803921 0.04517323775388285