0 0.4441810344827586 0.7610109018830525 0.1595474137931035 0.041060455896927715
0 0.4826508620689655 0.7270267591674926 0.13183189655172417 0.0438949454905847
0 0.5411422413793103 0.6902180376610505 0.12564655172413797 0.05238850346878087
0 0.596573275862069 0.6484539147670961 0.11948275862068952 0.048136769078295276
0 0.5873275862068965 0.5988999008919722 0.13178879310344824 0.048136769078295276
0 0.5734698275862068 0.5592566897918732 0.1225646551724138 0.048136769078295276
0 0.5503879310344828 0.5167789890981169 0.13797413793103444 0.042477700693756094
0 0.5411422413793103 0.482794846382557 0.10717672413793107 0.042477700693756205
0 0.5276508620689656 0.44562933597621407 0.10592672413793099 0.036105054509415216
0 0.5245689655172413 0.4123587710604559 0.09668103448275865 0.03468780971258672
0 0.5322629310344827 0.3773141724479683 0.0997629310344828 0.03256689791873143
0 0.5315086206896552 0.3472348860257681 0.11053879310344819 0.029028741328047537
0 0.5438146551724138 0.31396432111000994 0.10437500000000001 0.03468780971258672
0 0.5653663793103448 0.28705649157581764 0.09206896551724143 0.036105054509415216
0 0.5807543103448276 0.25626362735381564 0.09512931034482755 0.02973240832507433
0 0.5815301724137931 0.23042616451932607 0.11515086206896541 0.03468780971258672
0 0.5688577586206897 0.198790882061447 0.1221767241379309 0.030981169474727444