0 0.47907964601769915 0.2262338949454906 0.12580530973451334 0.049177403369672947
0 0.45626548672566375 0.2521506442021804 0.13465486725663725 0.05069375619425171
0 0.44028318584070797 0.2780773042616452 0.15031858407079657 0.05450941526263627
0 0.38922123893805305 0.30246778989098116 0.1448849557522124 0.06213082259663027
0 0.3565486725663717 0.33353815659068387 0.1353628318584071 0.048027750247770104
0 0.3415752212389381 0.3611694747274529 0.14352212389380536 0.04688800792864228
0 0.3266017699115044 0.4027254707631318 0.11766371681415932 0.05069375619425171
0 0.3490796460176991 0.4305450941526264 0.10424778761061942 0.06670961347869184
0 0.39093805309734514 0.4568483647175421 0.11173451327433627 0.06594648166501484
0 0.44334513274336285 0.48048562933597616 0.11446017699115037 0.06365708622398417
0 0.49644247787610624 0.4993557978196234 0.11584070796460184 0.06022794846382555
0 0.5464778761061947 0.5336570862239842 0.1655398230088495 0.06784935579781966
0 0.5791504424778762 0.5856888007928642 0.14920353982300877 0.05908820614469761
0 0.5835575221238938 0.6421010901883053 0.14688495575221241 0.05756194251734383
0 0.5709734513274337 0.6861347869177403 0.16527433628318583 0.050317145688800774
0 0.48623008849557525 0.20145688800792866 0.1210442477876106 0.045361744301288386
0 0.497716814159292 0.17520317145688802 0.0980530973451327 0.034430128840436086