0 0.5305291005291005 0.1372561768530559 0.22343915343915338 0.030871261378413537
0 0.5423809523809524 0.16729518855656697 0.2132804232804233 0.030871261378413537
0 0.5593650793650794 0.2006631989596879 0.22682539682539685 0.03253576072821844
0 0.5492063492063491 0.23362808842652796 0.23365079365079364 0.03338101430429131
0 0.505079365079365 0.26699609882964886 0.23365079365079364 0.03338101430429131
0 0.45243386243386247 0.29912873862158645 0.2438624338624339 0.037542262678803645
0 0.3574074074074074 0.3320806241872562 0.2302645502645503 0.041716514954486396
0 0.2725396825396825 0.364629388816645 0.25068783068783074 0.038387516254876436
0 0.2334920634920635 0.4025877763328998 0.24730158730158727 0.03921976592977889
0 0.21481481481481485 0.4413914174252276 0.25746031746031744 0.04005201560468134
0 0.23349206349206347 0.4776853055916775 0.28804232804232804 0.034213263979193685
0 0.3098941798941799 0.524408322496749 0.2982010582010582 0.04755526657997406
0 0.4337566137566138 0.5694668400520156 0.2947619047619048 0.045890767230169
0 0.5475132275132275 0.6057607282184655 0.2981481481481481 0.04505851755526655
0 0.6408465608465609 0.6520676202860859 0.33544973544973533 0.045890767230169
0 0.6526984126984127 0.7117295188556567 0.3592063492063493 0.053394018205461566
0 0.64 0.7620026007802341 0.4101587301587302 0.0636801040312094