0 0.5404988662131519 0.24884042553191488 0.11836734693877561 0.03054255319148934
0 0.5309297052154195 0.27489361702127657 0.11836734693877561 0.02874468085106381
0 0.5204081632653061 0.3067872340425532 0.11646258503401363 0.0332340425531915
0 0.5079591836734694 0.3350851063829787 0.11453514739229023 0.03234042553191487
0 0.49934240362811794 0.3683297872340426 0.11646258503401363 0.03234042553191487
0 0.5031746031746032 0.3970744680851064 0.11263038548752838 0.03234042553191487
0 0.522312925170068 0.4267234042553191 0.10879818594104312 0.03413829787234046
0 0.5338095238095237 0.4545638297872341 0.11646258503401363 0.0305425531914894
0 0.5701814058956916 0.48017021276595745 0.12410430839002272 0.03682978723404256
0 0.5960317460317461 0.5071170212765957 0.1107029478458051 0.03682978723404256
0 0.6161224489795918 0.5399148936170213 0.11643990929705221 0.035936170212765926
0 0.6247392290249433 0.5762978723404255 0.1260090702947847 0.036829787234042434
0 0.620907029478458 0.6140319148936171 0.1336734693877552 0.0440212765957448
0 0.5931519274376417 0.6499574468085106 0.14324263038548743 0.05299999999999993
0 0.5452834467120181 0.6849999999999999 0.14707482993197282 0.04222340425531921
0 0.5031746031746032 0.725872340425532 0.15476190476190477 0.046712765957446896
0 0.4801814058956916 0.7636063829787234 0.16240362811791384 0.046712765957446896