0 0.5830921052631579 0.799863354037267 0.5029605263157894 0.051068322981366335
0 0.6013157894736842 0.7591428571428571 0.4810526315789474 0.049689440993788817
0 0.5830921052631579 0.7080745341614907 0.42993421052631575 0.05244720496894413
0 0.5428947368421052 0.6452670807453417 0.3933552631578947 0.06486956521739135
0 0.4588157894736842 0.5935155279503105 0.4884210526315788 0.04693167701863351
0 0.3638157894736842 0.5403726708074534 0.4007236842105263 0.04555279503105585
0 0.32361842105263156 0.49206211180124226 0.40802631578947374 0.04555279503105585
0 0.29802631578947364 0.4506583850931677 0.3715131578947368 0.048310559006211166
0 0.3126315789473685 0.4092422360248447 0.3569078947368421 0.037267080745341616
0 0.34921052631578947 0.37267080745341613 0.3715131578947368 0.04693167701863351
0 0.38940789473684206 0.33954037267080744 0.3495394736842105 0.049689440993788817
0 0.44789473684210523 0.29951552795031056 0.32032894736842105 0.044173913043478195
0 0.45519736842105263 0.26638509316770187 0.261842105263158 0.03588819875776396
0 0.45519736842105263 0.22911801242236024 0.3495394736842105 0.04140372670807452
0 0.4880921052631579 0.19945341614906834 0.2983552631578947 0.0345093167701863
0 0.4990131578947368 0.1621863354037267 0.3056578947368422 0.04002484472049693
0 0.48072368421052625 0.12905590062111802 0.2983552631578947 0.040024844720496895