0 0.5360532150776053 0.7011033099297894 0.15700665188470053 0.04212637913741224
0 0.5427050997782705 0.6579739217652959 0.1392682926829267 0.03610832497492478
0 0.5005986696230599 0.3184553660982949 0.121529933481153 0.03911735205616851
0 0.4784257206208426 0.34804413239719156 0.11711751662971173 0.03610832497492478
0 0.4318625277161863 0.36710130391173523 0.11711751662971173 0.03610832497492478
0 0.3864079822616408 0.38615847542627885 0.10161862527716183 0.04613841524573721
0 0.3398447893569845 0.4047141424272818 0.11935698447893567 0.04312938816449348
0 0.31658536585365854 0.4292878635907723 0.12600886917960086 0.04012036108324975
0 0.30993348115299335 0.4583751253761284 0.12600886917960086 0.0320962888665998
0 0.30106430155210645 0.48244734202607825 0.1215742793791574 0.028084252758274825
0 0.33210643015521063 0.5095285857572718 0.12230598669623065 0.04012036108324975
0 0.4163636363636364 0.533099297893681 0.15334811529933487 0.055165496489468405
0 0.4850776053215078 0.567703109327984 0.1711086474501109 0.058174523570712136
0 0.516119733924612 0.6123370110330993 0.1711086474501109 0.05717151454363089
0 0.5194235033259423 0.29187562688064195 0.12818181818181806 0.034102306920762285
0 0.5372062084257206 0.7307823470411234 0.17195121951219514 0.03518555667000996
0 0.5235254988913526 0.2698194583751254 0.11079822616407989 0.022647943831494523