0 0.5391383219954649 0.22603980099502485 0.1287301587301587 0.042149253731343296
0 0.5182086167800454 0.2599004975124378 0.12462585034013601 0.04646766169154233
0 0.5026077097505669 0.292318407960199 0.14267573696145128 0.04575124378109455
0 0.4886621315192744 0.321681592039801 0.13120181405895695 0.045383084577114444
0 0.47882086167800453 0.3544577114427861 0.15746031746031747 0.04682587064676611
0 0.47061224489795916 0.3924577114427861 0.13941043083900231 0.04358208955223876
0 0.4726530612244898 0.4295621890547264 0.16156462585034015 0.05151243781094526
0 0.48333333333333334 0.4657611940298507 0.16156462585034015 0.05259701492537315
0 0.5013832199546485 0.5043084577114427 0.16485260770975066 0.05259701492537315
0 0.5346258503401361 0.5453731343283582 0.18700680272108836 0.05475621890547261
0 0.5674603174603174 0.5882388059701492 0.20013605442176868 0.0554726368159204
0 0.5690929705215418 0.632905472636816 0.20834467120181405 0.056199004975124395
0 0.5387301587301587 0.6793731343283582 0.19684807256235828 0.06700497512437803
0 0.4972789115646259 0.7328656716417911 0.2173696145124717 0.07168159203980096
0 0.5420181405895692 0.19722388059701493 0.12954648526077098 0.03854726368159205
0 0.4555102040816326 0.7783084577114429 0.22938775510204074 0.05511442786069662
0 0.5511111111111111 0.17059701492537313 0.140907029478458 0.030736318407960185