0 0.5834756097560976 0.7023555555555555 0.37585365853658526 0.07407407407407407
0 0.5059146341463414 0.6437777777777778 0.3759146341463415 0.06195555555555563
0 0.4560365853658537 0.5872 0.3648170731707318 0.05656296296296289
0 0.458780487804878 0.5380444444444444 0.31493902439024396 0.055214814814814786
0 0.5142073170731707 0.4875407407407407 0.34817073170731705 0.04039999999999997
0 0.5724390243902439 0.4538666666666667 0.32042682926829275 0.05386666666666669
0 0.6250609756097562 0.41414814814814815 0.3148780487804879 0.047140740740740816
0 0.6278658536585365 0.3717185185185185 0.2871951219512195 0.04309629629629626
0 0.6334146341463415 0.3286222222222222 0.2871951219512195 0.048488888888888915
0 0.6029268292682927 0.2996592592592593 0.2373170731707318 0.03905185185185187
0 0.5973780487804878 0.26397037037037036 0.2373170731707318 0.04309629629629626
0 0.6167682926829269 0.22626666666666664 0.2428658536585365 0.037703703703703684
0 0.5973780487804878 0.19325925925925924 0.2373170731707318 0.0336740740740741
0 0.5613414634146342 0.1670074074074074 0.2428658536585365 0.035022222222222246
0 0.5114634146341464 0.14007407407407407 0.23176829268292679 0.0430962962962963
0 0.47542682926829266 0.1111111111111111 0.22628048780487814 0.03367407407407406
0 0.6860365853658537 0.7528592592592592 0.348109756097561 0.05656296296296289