0 0.5425179856115108 0.16370417193426043 0.1895323741007194 0.041580278128950675
0 0.5468705035971223 0.1974841972187105 0.2109352517985611 0.0459039190897598
0 0.5758273381294965 0.23711757269279393 0.21215827338129503 0.04461441213653606
0 0.5462589928057554 0.2721997471554994 0.21215827338129503 0.06106194690265488
0 0.4969424460431655 0.3079266750948167 0.1993884892086331 0.06150442477876103
0 0.43348920863309354 0.3319595448798988 0.21294964028776986 0.05847029077117573
0 0.35586330935251803 0.34647281921618206 0.222841726618705 0.07275600505688995
0 0.2825539568345324 0.3748419721871049 0.22902877697841723 0.06798988621997468
0 0.19136690647482016 0.39823008849557523 0.27582733812949645 0.07666245259165612
0 0.17043165467625898 0.42897597977243995 0.3106834532374101 0.06279393173198478
0 0.14205035971223026 0.4770543615676359 0.27093525179856115 0.0705941845764855
0 0.17597122302158275 0.5212262958280658 0.29219424460431653 0.06886219974715553
0 0.22341726618705035 0.5658407079646017 0.2786330935251799 0.0809860935524653
0 0.3318345323741007 0.600480404551201 0.3033093525179856 0.08878634639696589
0 0.45258992805755394 0.6401137800252845 0.33043165467625907 0.09614412136536024
0 0.5727338129496403 0.686890012642225 0.3366187050359712 0.09182048040455106
0 0.6127338129496404 0.755385587863464 0.33341726618705037 0.06379266750948172