0 0.5474634146341464 0.15591764705882352 0.2473170731707318 0.032200000000000006
0 0.5577560975609757 0.1902235294117647 0.2700975609756098 0.04215294117647057
0 0.5403902439024391 0.22569411764705882 0.2809756097560977 0.04661176470588236
0 0.5051219512195122 0.2584235294117647 0.3102926829268292 0.050270588235294136
0 0.4329268292682927 0.2902470588235294 0.27229268292682923 0.0531529411764706
0 0.34663414634146344 0.319964705882353 0.2820975609756097 0.04922352941176474
0 0.2586829268292683 0.35111764705882353 0.2994634146341463 0.05550588235294112
0 0.23102439024390245 0.38724705882352944 0.2897073170731708 0.045564705882352965
0 0.26409756097560977 0.42272941176470585 0.2777560975609756 0.05420000000000006
0 0.3683414634146342 0.45847058823529413 0.31063414634146347 0.06283529411764702
0 0.4769268292682926 0.4929058823529412 0.31063414634146347 0.07148235294117646
0 0.5881951219512195 0.5300823529411764 0.3790731707317074 0.06467058823529415
0 0.6592682926829269 0.5778705882352941 0.35629268292682936 0.056552941176470646
0 0.6684878048780487 0.6274823529411765 0.37214634146341474 0.056823529411764655
0 0.629951219512195 0.6706823529411765 0.4296585365853658 0.06048235294117657
0 0.5832682926829268 0.7121882352941177 0.44487804878048776 0.05289411764705887
0 0.5138048780487805 0.13014117647058823 0.27521951219512186 0.0351764705882353