0 0.5356417112299465 0.724174653887114 0.15978609625668447 0.06656017039403621
0 0.6125133689839574 0.6869009584664537 0.15310160427807484 0.06389776357827476
0 0.6810160427807487 0.6622790202342917 0.1497326203208556 0.06256656017039404
0 0.7261229946524064 0.6316613418530351 0.15307486631016043 0.04126730564430245
0 0.7562032085561498 0.5943876464323748 0.16644385026737968 0.04659211927582534
0 0.7495187165775401 0.5637699680511182 0.1731283422459893 0.0439297124600639
0 0.7278342245989304 0.5284877529286475 0.15772727272727274 0.042598509052183174
0 0.6944117647058823 0.497209797657082 0.15770053475935833 0.04126730564430245
0 0.6659893048128341 0.47058572949946753 0.13430481283422466 0.04126730564430245
0 0.6509358288770053 0.4426304579339723 0.1430748663101604 0.035942492012779555
0 0.6241978609625668 0.41134185303514376 0.12970588235294114 0.03194888178913738
0 0.6275401069518717 0.38338658146964855 0.1430748663101604 0.026624068157614485
0 0.6241978609625668 0.3580937167199148 0.13639037433155077 0.03194888178913738
0 0.6191978609625669 0.3301384451544196 0.13304812834224597 0.03461128860489883
0 0.6191978609625669 0.3035143769968051 0.11967914438502672 0.03194888178913738
0 0.6158556149732621 0.2808839190628328 0.1397326203208556 0.03461128860489883
0 0.4966577540106952 0.7642598509052183 0.20342245989304808 0.04855165069222569