0 0.49636363636363634 0.7272549019607844 0.3488038277511962 0.04656862745098039
0 0.5223923444976077 0.6876348039215686 0.3498564593301436 0.06535539215686266
0 0.6101435406698564 0.6474632352941176 0.2913875598086125 0.07216911764705895
0 0.7031578947368421 0.5882352941176471 0.3073205741626795 0.059914215686274495
0 0.6845454545454546 0.5467034313725491 0.3126315789473686 0.05037990196078433
0 0.6207655502392345 0.505171568627451 0.2913875598086123 0.046299019607843106
0 0.5170813397129186 0.4772549019607843 0.2754545454545454 0.04765931372549018
0 0.4214354066985646 0.4432230392156863 0.2755023923444977 0.04765931372549018
0 0.3868421052631579 0.40100490196078437 0.2701913875598086 0.042205882352941246
0 0.37358851674641147 0.36492647058823524 0.2117224880382775 0.04357843137254895
0 0.4001435406698564 0.32747549019607847 0.2329665071770335 0.05310049019607848
0 0.424066985645933 0.28799019607843135 0.24889952153110054 0.05310049019607848
0 0.43999999999999995 0.2505392156862745 0.21698564593301434 0.04357843137254902
0 0.49320574162679426 0.2239950980392157 0.18507177033492828 0.05583333333333334
0 0.5410047846889952 0.18110294117647058 0.18507177033492828 0.035404411764705865
0 0.4665071770334928 0.7700122549019608 0.39483253588516737 0.04819852941176462
0 0.5414832535885168 0.14787990196078432 0.20669856459330152 0.03758578431372547