0 0.3872881355932203 0.21922982885085576 0.10539951573849872 0.03687041564792179
0 0.3670944309927361 0.24668704156479215 0.10232445520581111 0.036858190709046425
0 0.35000000000000003 0.2674694376528117 0.11474576271186437 0.036075794621026884
0 0.33447941888619853 0.2972860635696822 0.11162227602905575 0.03138141809290949
0 0.3406779661016949 0.33298288508557455 0.13026634382566588 0.040000000000000036
0 0.3593220338983051 0.35572127139364307 0.13026634382566588 0.03843520782396095
0 0.40358353510895884 0.3831784841075795 0.1349152542372882 0.0431418092909535
0 0.4711622276029056 0.3969070904645477 0.1395641646489104 0.04392420537897304
0 0.5472881355932203 0.40317848410757945 0.17060532687651328 0.05019559902200496
0 0.6164164648910412 0.41808068459657705 0.15973365617433408 0.048630806845965734
0 0.6995157384987893 0.4416136919315404 0.17677966101694914 0.05019559902200482
0 0.7368038740920098 0.47182151589242055 0.17987893462469726 0.0509902200488998
0 0.7282566585956416 0.5020171149144254 0.17832929782082318 0.048630806845965734
0 0.6956416464891041 0.5235819070904646 0.19387409200968536 0.052555012224938885
0 0.6544794188861985 0.55260391198044 0.17990314769975776 0.0509902200488998
0 0.6024213075060533 0.5863447432762836 0.20631961259079912 0.058826405867970666
0 0.5705811138014528 0.6196699266503667 0.18924939467312354 0.051772616136919206