0 0.5273255813953489 0.10117482517482518 0.12232558139534878 0.03360839160839161
0 0.5133720930232558 0.13254545454545455 0.10991279069767443 0.03211188811188812
0 0.5009593023255814 0.16465734265734266 0.13162790697674429 0.03808391608391607
0 0.48776162790697675 0.20274125874125876 0.14249999999999996 0.04106293706293708
0 0.47613372093023254 0.23783216783216785 0.14404069767441863 0.03958041958041959
0 0.46604651162790695 0.27479720279720277 0.14561046511627918 0.0403216783216783
0 0.460610465116279 0.31362237762237766 0.16578488372093014 0.044797202797202756
0 0.4644767441860465 0.34909090909090906 0.1704360465116279 0.04555244755244754
0 0.476889534883721 0.3924055944055944 0.17665697674418598 0.045552447552447625
0 0.4846511627906977 0.42114685314685313 0.17354651162790694 0.044797202797202756
0 0.5071511627906977 0.4737902097902098 0.18130813953488373 0.04853146853146859
0 0.5172383720930233 0.5283076923076924 0.18595930232558147 0.057496503496503516
0 0.5094767441860465 0.580951048951049 0.19837209302325584 0.05973426573426578
0 0.47767441860465115 0.6358321678321679 0.2123255813953489 0.05899300699300692
0 0.4078488372093024 0.6813846153846154 0.24029069767441852 0.06496503496503503
0 0.35505813953488374 0.7321678321678322 0.20616279069767438 0.055999999999999946
0 0.5347093023255813 0.07416783216783217 0.1320639534883721 0.03029370629370629