0 0.56955 0.16257328990228012 0.28134999999999993 0.039706840390879475
0 0.56955 0.19655808903365907 0.29125 0.04542888165038
0 0.52835 0.23447339847991314 0.3110000000000001 0.05401737242128122
0 0.4814 0.2702388707926167 0.2764 0.05258414766558084
0 0.44520000000000004 0.3133441910966341 0.29345 0.04864277958740495
0 0.3859 0.34821932681867535 0.30935 0.05973941368078174
0 0.30435 0.38828447339847993 0.3209 0.056872964169381104
0 0.23929999999999998 0.4245928338762215 0.3620999999999999 0.05007600434310532
0 0.19645000000000004 0.47036916395222583 0.34235 0.05579804560260585
0 0.25825 0.5145494028230184 0.40380000000000005 0.06116178067318137
0 0.34804999999999997 0.5592616720955483 0.39885000000000004 0.06617806731813251
0 0.48555 0.5993268186753529 0.43015000000000003 0.08334419109663409
0 0.5917999999999999 0.6501194353963083 0.4384 0.0747557003257328
0 0.6214500000000001 0.7060912052117263 0.4614999999999999 0.06295331161780675
0 0.5852 0.7685124864277958 0.48064999999999997 0.06689467969598252
0 0.5720000000000001 0.13073832790445167 0.27640000000000015 0.04256243213897936
0 0.5125 0.8116503800217155 0.46655 0.048479913137893696