0 0.46669154228855725 0.071015625 0.2648009950248756 0.07835937500000001
0 0.45111940298507464 0.112646484375 0.27159203980099506 0.06856445312499998
0 0.37781094527363185 0.149375 0.24611940298507462 0.08693359374999998
0 0.30139303482587065 0.19560546875 0.21805970149253737 0.07775390625
0 0.2343532338308458 0.236923828125 0.2430099502487562 0.080810546875
0 0.2070646766169154 0.279169921875 0.272636815920398 0.06856445312500004
0 0.17587064676616915 0.333349609375 0.2664179104477612 0.07530273437500001
0 0.17666666666666667 0.383857421875 0.2367910447761194 0.07468750000000002
0 0.23982587064676616 0.439873046875 0.2606467661691543 0.082646484375
0 0.3357213930348259 0.4934472656250001 0.2622388059701493 0.09672851562499996
0 0.44097014925373135 0.544560546875 0.2762686567164179 0.10346679687500004
0 0.561044776119403 0.59751953125 0.29813432835820886 0.09550781249999996
0 0.6507213930348258 0.669453125 0.3246517412935323 0.09489257812500007
0 0.6787562189054727 0.7462890625 0.31467661691542287 0.08448242187499999
0 0.6889054726368159 0.823115234375 0.3349253731343283 0.08876953125000009
0 0.6963184079601991 0.883720703125 0.3661194029850745 0.06681640625000007
0 0.5078109452736318 0.02791015625 0.20077114427860693 0.049775390625