0 0.5291705069124423 0.7042802547770701 0.3317972350230415 0.06733757961783426
0 0.479815668202765 0.7579617834394905 0.3778801843317972 0.058229299363057374
0 0.5966359447004608 0.6442165605095541 0.3021658986175115 0.0545987261146497
0 0.5835023041474655 0.5937197452229299 0.29557603686635936 0.060968152866242055
0 0.5242857142857142 0.541859872611465 0.27705069124423964 0.04640764331210185
0 0.40907834101382484 0.5027261146496815 0.27705069124423964 0.05550318471337586
0 0.338294930875576 0.45905732484076434 0.2528571428571429 0.05005095541401269
0 0.302073732718894 0.41947770700636944 0.2463133640552996 0.04549044585987266
0 0.3053917050691244 0.37807643312101913 0.25944700460829484 0.05185987261146501
0 0.33336405529953916 0.34212738853503183 0.2561751152073733 0.06005095541401272
0 0.39917050691244244 0.3107388535031847 0.229815668202765 0.05550318471337586
0 0.45511520737327193 0.2770700636942675 0.23640552995391698 0.06642038216560507
0 0.4896774193548387 0.22929936305732485 0.21990783410138248 0.0545987261146497
0 0.5258986175115208 0.195171974522293 0.23308755760368657 0.03912101910828023
0 0.5588018433179723 0.16560509554140126 0.20672811059907828 0.040038216560509564
0 0.5752534562211982 0.13329936305732484 0.23308755760368668 0.042764331210191076
0 0.5538709677419354 0.10645859872611464 0.2363594470046084 0.034573248407643295