0 0.4857276995305164 0.7704858757062146 0.3921126760563381 0.06073446327683616
0 0.556150234741784 0.7168135593220339 0.33338028169014094 0.05790960451977401
0 0.5913145539906104 0.672316384180791 0.36859154929577476 0.05367231638418079
0 0.626525821596244 0.620768361581921 0.3333802816901408 0.052259887005649715
0 0.5854929577464788 0.5790960451977402 0.321643192488263 0.05084745762711865
0 0.544413145539906 0.5331977401129944 0.33338028169014094 0.052259887005649715
0 0.46225352112676055 0.49082485875706217 0.32169014084507047 0.05790960451977401
0 0.41826291079812206 0.4505649717514124 0.3627699530516431 0.05367231638418079
0 0.42117370892018774 0.4067796610169492 0.32169014084507047 0.0423728813559322
0 0.4505164319248826 0.3806553672316384 0.3334272300469484 0.052259887005649715
0 0.506244131455399 0.3411073446327684 0.31582159624413153 0.04943502824858757
0 0.550281690140845 0.3008474576271186 0.28647887323943666 0.04519774011299435
0 0.5531924882629108 0.2662485875706215 0.3040375586854461 0.046610169491525424
0 0.5678873239436619 0.22952542372881354 0.2747417840375587 0.038135593220338986
0 0.5707981220657277 0.19915254237288135 0.25713615023474184 0.03672316384180791
0 0.5707981220657277 0.15112994350282485 0.19845070422535216 0.0423728813559322
0 0.4513615023474178 0.8267909604519774 0.3902816901408451 0.05