0 0.727577002053388 0.772719123505976 0.19755646817248468 0.04288844621513939
0 0.7223819301848049 0.7242430278884462 0.175400410677618 0.056912350597609664
0 0.6695893223819301 0.6694621513944223 0.15308008213552352 0.06118525896414349
0 0.6050718685831622 0.6168227091633466 0.1824024640657085 0.07256972111553775
0 0.5420123203285421 0.5684362549800798 0.16772073921971242 0.06403386454183263
0 0.48921971252566737 0.5229083665338645 0.16770020533880894 0.05833665338645412
0 0.4510677618069815 0.47240039840637454 0.16080082135523616 0.056912350597609546
0 0.44225872689938395 0.42045816733067726 0.1373305954825462 0.05548804780876498
0 0.437864476386037 0.37635458167330677 0.1285420944558522 0.049800796812749
0 0.46866529774127313 0.34504980079681274 0.1256057494866529 0.05264940239043826
0 0.5332032854209446 0.31516932270916337 0.11971252566735104 0.05548804780876498
0 0.5815811088295688 0.28101593625498006 0.11090349075975357 0.049800796812749
0 0.6241273100616016 0.24615537848605576 0.11383983572895265 0.05122509960159358
0 0.6461190965092403 0.21058764940239044 0.12850102669404526 0.04837649402390438
0 0.6431827515400411 0.17287848605577688 0.11090349075975357 0.03841633466135457
0 0.6446406570841889 0.13801792828685258 0.13141683778234087 0.04268924302788846
0 0.6371457905544148 0.10593625498007968 0.13741273100616008 0.030039840637450195