0 0.5015962441314554 0.15377049180327867 0.23089201877934276 0.035781420765027334
0 0.4981220657276995 0.18359562841530055 0.2563380281690142 0.03602185792349725
0 0.4935680751173709 0.2080327868852459 0.27140845070422537 0.038590163934426235
0 0.46492957746478875 0.24089617486338796 0.24995305164319254 0.03975956284153005
0 0.457887323943662 0.2706010928961749 0.27004694835680754 0.03881967213114752
0 0.44685446009389673 0.30193442622950817 0.28211267605633805 0.040229508196721254
0 0.4458215962441314 0.33024043715846996 0.25802816901408454 0.03648087431693989
0 0.4528638497652582 0.361224043715847 0.25802816901408454 0.03812021857923497
0 0.4593896713615023 0.3937377049180328 0.2449295774647888 0.04326775956284157
0 0.4764788732394366 0.427879781420765 0.26502347417840383 0.04279781420765024
0 0.5302347417840375 0.4633114754098361 0.262018779342723 0.04583606557377043
0 0.5714084507042253 0.5003825136612022 0.2961502347417841 0.050754098360655794
0 0.5869953051643193 0.5414316939890711 0.2851173708920189 0.04817486338797819
0 0.5744131455399061 0.5931147540983607 0.29413145539906094 0.050983606557377145
0 0.5086384976525822 0.6431584699453552 0.3072300469483568 0.06127868852459009
0 0.4573708920187793 0.6939125683060109 0.3494366197183099 0.05660109289617482
0 0.40657276995305164 0.7372459016393443 0.37474178403755865 0.057311475409836124