0 0.4702264150943396 0.31944791666666666 0.09181132075471703 0.03284374999999997
0 0.4491132075471699 0.34209375000000003 0.08566037735849052 0.03601041666666672
0 0.4271509433962264 0.36282291666666666 0.09181132075471692 0.03533333333333329
0 0.3982452830188679 0.38161458333333337 0.09058490566037734 0.04619791666666669
0 0.3738301886792453 0.40947916666666667 0.09675471698113203 0.043031249999999945
0 0.35947169811320756 0.43926041666666665 0.11726415094339618 0.04235416666666663
0 0.36398113207547167 0.46597916666666667 0.11479245283018863 0.04235416666666663
0 0.3820377358490566 0.48591666666666666 0.10096226415094338 0.04779166666666666
0 0.42962264150943397 0.5041458333333334 0.13460377358490572 0.05526041666666662
0 0.4766037735849057 0.5135416666666667 0.13256603773584905 0.04823958333333327
0 0.5036603773584906 0.5396979166666667 0.16211320754716974 0.048916666666666705
0 0.5342264150943395 0.5651770833333334 0.16581132075471697 0.04054166666666674
0 0.5364905660377358 0.60209375 0.1465283018867924 0.04597916666666677
0 0.5309433962264151 0.6447916666666667 0.1475849056603774 0.059791666666666764
0 0.4718679245283019 0.3015625 0.10083018867924527 0.03057291666666669
0 0.5006037735849056 0.69078125 0.16466037735849054 0.05478124999999991
0 0.47905660377358494 0.2798541666666667 0.09137735849056605 0.029947916666666668