0 0.5597619047619048 0.2297268408551069 0.1063571428571429 0.03353919239904989
0 0.5485476190476191 0.26136579572446555 0.11654761904761902 0.041425178147268406
0 0.5238571428571429 0.28347980997624705 0.10992857142857147 0.048028503562945295
0 0.5004285714285714 0.31066508313539193 0.11502380952380953 0.05514251781472678
0 0.4762142857142857 0.3400118764845606 0.12676190476190477 0.04777909738717342
0 0.46526190476190477 0.3669596199524941 0.12319047619047621 0.0442161520190024
0 0.45685714285714285 0.39859857482185274 0.11554761904761898 0.04700712589073639
0 0.46730952380952384 0.4365795724465558 0.13133333333333339 0.04472684085510685
0 0.49304761904761907 0.46910926365795724 0.13509523809523813 0.05133016627078388
0 0.520047619047619 0.5060926365795725 0.12795238095238098 0.052090261282660345
0 0.5505952380952381 0.5384916864608076 0.13000000000000006 0.05184085510688834
0 0.5898333333333333 0.5790261282660333 0.1442619047619047 0.05057007125890741
0 0.6012857142857143 0.6184085510688837 0.16085714285714287 0.05311163895486939
0 0.6117142857142858 0.6591923990498811 0.16138095238095232 0.05743467933491674
0 0.6066190476190476 0.6982066508313539 0.16035714285714278 0.05616389548693582
0 0.5982142857142857 0.7416627078384799 0.20466666666666675 0.052090261282660213
0 0.569547619047619 0.20407363420427554 0.10590476190476195 0.03165083135391921