0 0.5180472103004292 0.2628150406504065 0.09995708154506434 0.022520325203252
0 0.5198497854077253 0.2836280487804878 0.10173819742489264 0.03314024390243904
0 0.5140343347639484 0.3025406504065041 0.11716738197424897 0.03356707317073168
0 0.48776824034334765 0.32686991869918697 0.12015021459227469 0.04907520325203248
0 0.4453862660944206 0.33493902439024387 0.11253218884120171 0.04823170731707321
0 0.38976394849785406 0.3494918699186992 0.13675965665236056 0.04546747967479676
0 0.33862660944206013 0.37296747967479676 0.1170171673819742 0.0444004065040651
0 0.3141630901287554 0.3980386178861789 0.12733905579399135 0.039725609756097596
0 0.3287553648068669 0.4292682926829268 0.1251072961373391 0.045680894308943135
0 0.3498497854077253 0.4551930894308943 0.13328326180257513 0.05842479674796749
0 0.4032188841201717 0.4715548780487805 0.14854077253218878 0.057997967479674846
0 0.45414163090128756 0.49364837398373984 0.16246781115879824 0.05544715447154466
0 0.49405579399141625 0.5304065040650406 0.16336909871244634 0.0529065040650406
0 0.5176180257510731 0.5708739837398374 0.15933476394849785 0.05014227642276414
0 0.5333047210300429 0.6182520325203252 0.14570815450643784 0.052693089430894215
0 0.5146781115879829 0.24621951219512195 0.10489270386266093 0.030447154471544696
0 0.5107081545064378 0.22374999999999998 0.1227038626609441 0.03144308943089431