0 0.4630368763557484 0.7432655137334689 0.18117136659436003 0.04959308240081384
0 0.47522776572668124 0.7063886063072228 0.18930585683297177 0.04196337741607325
0 0.4877006507592191 0.6746795523906409 0.1593058568329718 0.05304170905391668
0 0.4931453362255965 0.6292675483214649 0.1583080260303688 0.04069175991861648
0 0.4691323210412148 0.5893082400813835 0.13195227765726678 0.05522889114954218
0 0.4156832971800434 0.5602339776195321 0.1303904555314534 0.0523194303153612
0 0.35759219088937094 0.5340793489318413 0.09785249457700654 0.04940996948118
0 0.30800433839479396 0.511912512716175 0.11023861171366593 0.04432349949135305
0 0.27238611713665944 0.4839369277721261 0.13501084598698485 0.05231943031536109
0 0.2692841648590022 0.4526958290946083 0.14739696312364428 0.03488301119023394
0 0.2506941431670282 0.42544252288911494 0.13811279826464212 0.03124109867751784
0 0.26462039045553143 0.3945676500508647 0.11906724511930589 0.04360122075279757
0 0.2863123644251627 0.37276703967446595 0.11596529284164854 0.04650050864699902
0 0.31418655097613885 0.3531434384537131 0.0818655097613883 0.039237029501525994
0 0.3490455531453362 0.3306205493387589 0.08650759219088935 0.04360122075279757
0 0.3753796095444686 0.30482197355035606 0.08960954446854665 0.04141403865717196
0 0.4009544468546638 0.28084435401831126 0.0942516268980477 0.03269582909460833