0 0.6755775577557755 0.7738693467336684 0.2590759075907591 0.035175879396984924
0 0.6859075907590759 0.7412060301507538 0.27145214521452143 0.032663316582914576
0 0.7127062706270627 0.7066633165829146 0.2755775577557756 0.04648241206030151
0 0.6591089108910891 0.6608040201005025 0.21115511551155122 0.05778894472361809
0 0.5642244224422442 0.6250050251256282 0.20287128712871277 0.056532663316582916
0 0.45491749174917495 0.5948542713567839 0.19871287128712864 0.05402010050251256
0 0.37653465346534654 0.5628140703517588 0.16570957095709565 0.04773869346733668
0 0.3332013201320132 0.5370653266331659 0.21792079207920792 0.03391959798994975
0 0.3064026402640264 0.5069145728643216 0.2137953795379538 0.038944723618090454
0 0.3229042904290429 0.47110552763819097 0.2302970297029704 0.04020100502512563
0 0.34765676567656767 0.44597989949748745 0.20554455445544564 0.04773869346733668
0 0.40953795379537955 0.4221105527638191 0.1972607260726072 0.05778894472361809
0 0.48996699669967 0.4057788944723618 0.16838283828382833 0.052763819095477386
0 0.5642244224422442 0.3793969849246231 0.20135313531353133 0.04271356783919598
0 0.6178217821782178 0.3530150753768844 0.16834983498349831 0.032663316582914576
0 0.6405280528052806 0.3316582914572864 0.1807260726072607 0.03015075376884422
0 0.6322772277227723 0.30402010050251255 0.1807260726072607 0.032663316582914576