0 0.4777825159914713 0.7256676860346585 0.1754157782515991 0.05479102956167176
0 0.5084434968017059 0.6823445463812436 0.1674200426439232 0.059887869520897044
0 0.5257569296375267 0.6358307849133538 0.14341151385927503 0.045871559633027525
0 0.5497441364605543 0.588053007135576 0.15940298507462686 0.04969418960244648
0 0.5297654584221749 0.5460040774719673 0.15140724946695094 0.047145769622833844
0 0.4844776119402985 0.5084097859327217 0.1310660980810234 0.04332313965341488
0 0.44982942430703626 0.4873904179408767 0.11505330490405113 0.052242609582059125
0 0.4018550106609808 0.4599898063200816 0.13104477611940293 0.04841997961264016
0 0.3778678038379531 0.42940876656472987 0.12036247334754795 0.0382262996941896
0 0.3711940298507463 0.3994699286442406 0.12213219616204697 0.031855249745158
0 0.3778678038379531 0.3682466870540265 0.10347547974413653 0.03567787971457696
0 0.4124946695095949 0.34658511722731905 0.11413646055437107 0.040774719673802244
0 0.44315565031982945 0.32174311926605503 0.1221108742004264 0.04204892966360856
0 0.46313432835820895 0.2930682976554536 0.13010660980810232 0.0382262996941896
0 0.46846481876332624 0.26440366972477064 0.11411513859275049 0.026758409785932722
0 0.4804690831556504 0.767013251783894 0.16686567164179103 0.03945973496432216
0 0.4672921108742004 0.23365953109072374 0.09923240938166315 0.0263098878695209