0 0.45067839195979903 0.2860675273088381 0.12145728643216089 0.040417080436941456
0 0.41346733668341706 0.3020158887785501 0.1288693467336684 0.040417080436941456
0 0.3773869346733668 0.3171698113207547 0.1203517587939698 0.034806355511420015
0 0.3168844221105528 0.3324428997020854 0.12092964824120601 0.041092353525322735
0 0.2751507537688442 0.3495034756703078 0.10786432160804021 0.05006951340615686
0 0.22371859296482413 0.36556107249255215 0.11298994974874371 0.052542204568023804
0 0.21123115577889445 0.391837140019861 0.14251256281407035 0.051648460774577944
0 0.21180904522613064 0.424051638530288 0.14479899497487436 0.03749751737835153
0 0.2293969849246231 0.4581827209533267 0.13457286432160803 0.05052631578947368
0 0.25781407035175874 0.4876067527308838 0.1744723618090452 0.04917576961271101
0 0.2992964824120603 0.5178053624627607 0.15972361809045224 0.058828202581926524
0 0.3685929648241206 0.5446375372393247 0.15972361809045224 0.061300893743793466
0 0.44869346733668347 0.5736047666335651 0.1585929648241206 0.06085402184707048
0 0.5171608040201006 0.6025719960278053 0.15804020100502505 0.06085402184707048
0 0.5722613065326633 0.6408540218470705 0.17281407035175872 0.05433962264150946
0 0.605678391959799 0.6778947368421052 0.1863316582914572 0.04066534260178753
0 0.4835929648241206 0.2668222442899702 0.11140703517587934 0.03680238331678258