0 0.5436842105263158 0.13504255319148936 0.13187368421052628 0.038999999999999965
0 0.5361263157894736 0.16037234042553192 0.12393684210526316 0.037904255319148934
0 0.5256631578947368 0.19008510638297874 0.12753684210526325 0.04119148936170216
0 0.5119578947368422 0.21851063829787234 0.1405263157894737 0.053574468085106394
0 0.48814736842105266 0.24948936170212763 0.14486315789473672 0.055042553191489374
0 0.45966315789473683 0.27864893617021275 0.1571157894736842 0.05139361702127666
0 0.4337052631578947 0.3041595744680851 0.15856842105263155 0.04920212765957447
0 0.42360000000000003 0.3373297872340425 0.16578947368421051 0.05139361702127666
0 0.4257684210526316 0.37651063829787235 0.1628842105263158 0.056127659574468074
0 0.4481473684210526 0.41113829787234046 0.14002105263157893 0.057585106382978715
0 0.47842105263157897 0.4461276595744681 0.14435789473684196 0.056127659574468074
0 0.5328842105263158 0.47602127659574467 0.16671578947368432 0.06196808510638298
0 0.5754315789473684 0.5177553191489361 0.1840421052631578 0.05795744680851066
0 0.5988842105263158 0.562404255319149 0.16025263157894737 0.059042553191489364
0 0.614378947368421 0.6090531914893617 0.1681894736842105 0.05321276595744679
0 0.6133052631578947 0.6513404255319148 0.1674526315789473 0.04738297872340422
0 0.6022947368421052 0.6837446808510639 0.1929684210526315 0.05624468085106371