0 0.4765346534653465 0.17275862068965517 0.15534653465346532 0.04145888594164455
0 0.4693069306930693 0.21058355437665782 0.15894389438943884 0.042917771883289144
0 0.4539273927392739 0.251684350132626 0.1607590759075907 0.04218832891246685
0 0.43221122112211224 0.29424403183023873 0.17887788778877883 0.050185676392572987
0 0.415016501650165 0.33098143236074273 0.1806930693069307 0.046551724137931065
0 0.4177227722772277 0.3746153846153846 0.18610561056105607 0.046551724137931065
0 0.42858085808580865 0.41790450928381967 0.18973597359735977 0.04874005305039788
0 0.45211221122112216 0.46591511936339525 0.21145214521452144 0.05164456233421743
0 0.4873927392739274 0.5128381962864722 0.2168646864686468 0.05527851458885935
0 0.5317491749174917 0.5626657824933687 0.22953795379537958 0.05746684350132632
0 0.5670297029702971 0.6197612732095491 0.24217821782178217 0.06401856763925727
0 0.6095709570957095 0.678315649867374 0.25844884488448844 0.06911140583554379
0 0.6104620462046204 0.736153846153846 0.26389438943894383 0.07419098143236082
0 0.5534653465346534 0.800159151193634 0.3055445544554455 0.08147214854111415
0 0.47112211221122113 0.8565384615384616 0.33633663366336625 0.08802387267904525
0 0.3444224422442244 0.9252785145888593 0.36168316831683167 0.09019893899204243
0 0.4744884488448845 0.13270557029177718 0.1945544554455445 0.04367374005305041