0 0.49630319148936175 0.7295323383084577 0.2228457446808511 0.04794029850746275
0 0.45643617021276595 0.6974228855721393 0.21074468085106385 0.05246766169154231
0 0.3911436170212766 0.6598805970149253 0.23007978723404252 0.05698507462686565
0 0.3621542553191489 0.6268656716417911 0.24457446808510633 0.04522388059701497
0 0.33191489361702126 0.5983681592039801 0.24696808510638293 0.03889552238805962
0 0.3439893617021277 0.5481691542288557 0.17851063829787236 0.04703482587064675
0 0.4358510638297872 0.4862089552238806 0.15914893617021286 0.04432835820895518
0 0.3790425531914894 0.5223880597014925 0.1809042553191489 0.046129353233830744
0 0.4660904255319149 0.45454726368159204 0.1623936170212766 0.03708457711442784
0 0.47816489361702125 0.42830845771144277 0.1478989361702128 0.03347263681592039
0 0.4479521276595745 0.39665671641791045 0.13095744680851065 0.03166169154228861
0 0.44917553191489357 0.36453731343283585 0.1768882978723404 0.0325671641791045
0 0.4370744680851064 0.33423880597014927 0.15188829787234046 0.03166169154228861
0 0.4539893617021276 0.3080099502487562 0.14704787234042557 0.035273631840796064
0 0.4479521276595745 0.27860696517412936 0.12045212765957453 0.036179104477611954
0 0.4406914893617021 0.2528258706467662 0.12045212765957453 0.029850746268656716
0 0.4334308510638298 0.22523383084577117 0.11561170212765949 0.0325671641791045