0 0.5512155963302753 0.5892070484581498 0.19440366972477063 0.04680616740088106
0 0.5813073394495413 0.548601321585903 0.1456651376146789 0.04818281938325991
0 0.6171559633027522 0.5038546255506607 0.14279816513761465 0.04405286343612335
0 0.6114449541284404 0.45980176211453744 0.14387614678899086 0.04129955947136564
0 0.5748394495412844 0.4262114537444934 0.13552752293577988 0.04955947136563876
0 0.48197247706422014 0.39812775330396477 0.10110091743119262 0.05726872246696035
0 0.4108715596330275 0.3694933920704846 0.12174311926605501 0.04955947136563876
0 0.38506880733944954 0.34443832599118945 0.1339678899082568 0.040198237885462555
0 0.3822018348623853 0.30561674008810574 0.13970183486238524 0.03524229074889868
0 0.4223394495412844 0.2833149779735683 0.12364678899082561 0.043502202643171804
0 0.455 0.2544052863436123 0.12018348623853206 0.04405286343612335
0 0.48825688073394496 0.2290748898678414 0.10871559633027518 0.04515418502202643
0 0.5094724770642202 0.20787444933920704 0.09380733944954123 0.04680616740088106
0 0.5301146788990826 0.18034140969162996 0.09839449541284398 0.034691629955947136
0 0.5381422018348624 0.15005506607929514 0.10068807339449536 0.0302863436123348
0 0.5392431192660551 0.12027533039647577 0.09213302752293581 0.025132158590308363
0 0.5338302752293578 0.0933259911894273 0.09165137614678895 0.022929515418502196