0 0.6231778425655977 0.6802261553588986 0.20781341107871712 0.04284169124877083
0 0.6398542274052478 0.6370304818092429 0.20364431486880458 0.049164208456243856
0 0.6242565597667639 0.5952409046214356 0.18988338192419824 0.045653883972468105
0 0.5899125364431487 0.5555555555555556 0.1836443148688047 0.053382497541789545
0 0.5493002915451894 0.5239528023598821 0.18985422740524782 0.046352015732546804
0 0.49306122448979595 0.4947984267453293 0.173206997084548 0.04002949852507378
0 0.46183673469387754 0.4649557522123894 0.19816326530612235 0.03792527040314656
0 0.45766763848396497 0.4386135693215339 0.2314868804664724 0.03019665683382501
0 0.4430903790087463 0.4066568338249754 0.1599708454810496 0.03792527040314656
0 0.47119533527696794 0.3831268436578171 0.1370553935860058 0.041435594886922306
0 0.5274052478134111 0.36065880039331366 0.13288629737609325 0.04424778761061947
0 0.5867638483965014 0.3406391347099312 0.11827988338192418 0.0351130776794494
0 0.6190379008746356 0.3167551622418879 0.12868804664723027 0.033716814159292
0 0.6471428571428571 0.29603736479842674 0.13075801749271143 0.02739429695181909
0 0.6679591836734694 0.27216322517207475 0.13075801749271143 0.03160275319567354
0 0.6658892128279884 0.2503834808259587 0.11827988338192418 0.02739429695181909
0 0.5981632653061224 0.7107767944936086 0.21189504373177845 0.028092428711897675