0 0.5690376569037657 0.08853807106598983 0.2558158995815899 0.047401015228426394
0 0.5423012552301256 0.12632487309644672 0.29083682008368195 0.04874111675126903
0 0.5459832635983264 0.15673096446700507 0.32769874476987443 0.057685279187817254
0 0.5026778242677824 0.19585786802030455 0.3700836820083683 0.05634517766497462
0 0.478744769874477 0.22715736040609136 0.35598326359832644 0.06081218274111673
0 0.37460251046025106 0.2651675126903553 0.37560669456066936 0.06796954314720817
0 0.3377405857740586 0.3069746192893401 0.41619246861924675 0.054111675126903507
0 0.3082845188284519 0.3429746192893401 0.41246861924686185 0.06081218274111673
0 0.31196652719665274 0.3841116751269036 0.37192468619246855 0.06528934010152279
0 0.36635983263598326 0.41966497461928937 0.43702928870292884 0.07646700507614207
0 0.41974895397489537 0.461248730964467 0.3553556485355649 0.07557360406091365
0 0.5764016736401674 0.5037258883248732 0.3449372384937238 0.06930964467005074
0 0.7072384937238494 0.5466598984771573 0.44376569037656904 0.06841624365482243
0 0.7818410041841005 0.6021015228426396 0.4013389121338913 0.07020304568527928
0 0.7800418410041842 0.6483857868020304 0.4315481171548117 0.07959390862944171
0 0.6851046025104602 0.7094213197969543 0.42163179916317983 0.08541116751269047
0 0.5989539748953975 0.059928934010152285 0.28276150627615054 0.04228426395939087