0 0.4835640138408305 0.1771562082777036 0.17930795847750863 0.037676902536715656
0 0.48211072664359866 0.20874499332443258 0.17636678200692033 0.045287049399198955
0 0.4682698961937717 0.24395193591455275 0.16058823529411773 0.04491321762349798
0 0.4530103806228373 0.2768758344459279 0.17342560553633218 0.05594125500667554
0 0.3943252595155709 0.30295060080106806 0.1586159169550173 0.054045393858477994
0 0.35633217993079586 0.3339652870493992 0.17145328719723177 0.050614152202937204
0 0.32577854671280276 0.3649799732977303 0.2286505190311418 0.05100133511348471
0 0.29961937716262976 0.4053271028037383 0.19415224913494813 0.04415220293724973
0 0.3011072664359861 0.44204272363150865 0.2089273356401384 0.050614152202937204
0 0.3124567474048443 0.48029372496662215 0.18429065743944634 0.05785046728971968
0 0.3701730103806229 0.5200667556742323 0.2171280276816609 0.06660881174899864
0 0.4278546712802768 0.5562216288384513 0.22010380622837375 0.07269692923898538
0 0.5018339100346021 0.599799732977303 0.2398615916955017 0.0662216288384513
0 0.5462283737024222 0.6439519359145527 0.2221107266435986 0.058611481975967925
0 0.5560553633217993 0.6979973297730306 0.2098961937716262 0.054045393858477994
0 0.5185813148788927 0.7480373831775701 0.2296193771626298 0.0643124165554073
0 0.47809688581314874 0.8034712950600801 0.27076124567474047 0.061068090787716967