0 0.5173127753303965 0.19538754764930116 0.2634361233480177 0.05674714104193142
0 0.4831718061674009 0.23623888182973315 0.3044052863436124 0.06841168996188053
0 0.4566079295154185 0.2766836086404066 0.3066960352422908 0.06479034307496824
0 0.3645374449339207 0.3207496823379924 0.31788546255506606 0.07163913595933925
0 0.31224669603524224 0.36019059720457436 0.3304405286343612 0.07163913595933925
0 0.2773568281938326 0.40768742058449814 0.36114537444933925 0.06358322744599741
0 0.26757709251101325 0.4563786531130877 0.36392070484581496 0.061168996188055894
0 0.2668722466960352 0.5078907242693773 0.33740088105726873 0.07163913595933925
0 0.32273127753303965 0.5586022871664549 0.3880616740088106 0.08532401524777633
0 0.4231718061674009 0.6075095298602288 0.37691629955947137 0.08411689961880565
0 0.5194273127753304 0.6574078780177891 0.3155506607929515 0.08008894536213465
0 0.6080176211453745 0.716569250317662 0.3895154185022027 0.07847522236340533
0 0.6624229074889868 0.7841804320203304 0.3811453744493391 0.08974587039390074
0 0.6888986784140969 0.8632655654383735 0.39176211453744497 0.08371029224904686
0 0.5305726872246695 0.1549428208386277 0.27599118942731266 0.04506988564167729
0 0.7067400881057269 0.9342058449809403 0.3948017621145375 0.06363405336721718
0 0.5392511013215859 0.12111817026683608 0.29867841409691637 0.0504828462515883