0 0.5445565749235474 0.88136638452237 0.21003058103975536 0.05105199516324066
0 0.5394495412844037 0.8303143893591294 0.22021406727828743 0.059117291414752235
0 0.5785321100917431 0.7772430471584039 0.2507951070336391 0.08195888754534458
0 0.6566666666666666 0.7349214026602177 0.22357798165137618 0.06986698911729138
0 0.6889602446483181 0.6751269649334946 0.23376146788990826 0.057775090689238175
0 0.6940672782874618 0.6267593712212818 0.24529051987767578 0.060459492140266025
0 0.6770948012232415 0.5770495767835551 0.23847094801223248 0.057775090689238175
0 0.6176452599388379 0.5387666263603386 0.20110091743119263 0.05643288996372425
0 0.5615596330275229 0.501136638452237 0.19767584097859323 0.05373639661426837
0 0.5088990825688073 0.46688029020556227 0.21464831804281345 0.04970979443772674
0 0.49189602446483177 0.42792019347037485 0.19305810397553516 0.04970979443772674
0 0.47660550458715595 0.39298669891172916 0.18963302752293576 0.057775090689238175
0 0.4949235474006116 0.3567110036275695 0.1566055045871559 0.045949214026602174
0 0.5499694189602446 0.32769044740024184 0.1606727828746178 0.05239419588875458
0 0.6162385321100917 0.3022974607013301 0.15859327217125385 0.049975816203143945
0 0.6467889908256881 0.26562273276904474 0.1422935779816513 0.045949214026602174
0 0.6580122324159021 0.2353929866989117 0.17694189602446486 0.03869407496977025