0 0.5101869158878505 0.787782909930716 0.3728504672897197 0.04875288683602774
0 0.5232242990654206 0.7422401847575057 0.4629906542056074 0.05517321016166279
0 0.4557476635514019 0.6883487297921478 0.3902803738317756 0.05260969976905305
0 0.3830373831775701 0.6389491916859122 0.3694859813084112 0.05389145496535805
0 0.32850467289719626 0.5940415704387991 0.3625233644859814 0.046189376443418015
0 0.33887850467289715 0.5452886836027714 0.3002336448598131 0.046189376443418015
0 0.3726168224299065 0.49974595842956115 0.295 0.057736720554272515
0 0.4582710280373831 0.4644572748267899 0.32093457943925235 0.059018475750577386
0 0.5595327102803738 0.432378752886836 0.2845794392523365 0.059018475750577386
0 0.6555607476635513 0.3977367205542725 0.2585981308411214 0.06672055427251729
0 0.7256542056074766 0.3656697459584296 0.27415887850467296 0.051316397228637345
0 0.749018691588785 0.32909930715935337 0.35200934579439247 0.04490762124711315
0 0.7334579439252337 0.2893302540415704 0.33322429906542056 0.04747113163972288
0 0.7019626168224299 0.26125866050808316 0.32780373831775717 0.04907621247113164
0 0.6201869158878505 0.23094688221709006 0.24990654205607485 0.050034642032332544
0 0.5578971962616822 0.2073672055427252 0.2499065420560747 0.05100461893764436
0 0.495607476635514 0.177540415704388 0.2576635514018691 0.04137413394919167