0 0.6757894736842105 0.7394459102902374 0.2887218045112782 0.05672823218997362
0 0.6569924812030075 0.6728232189973615 0.2962406015037594 0.0633245382585752
0 0.6043609022556391 0.6121372031662269 0.2511654135338346 0.06860158311345646
0 0.525451127819549 0.5639841688654353 0.26003759398496246 0.07783641160949868
0 0.423984962406015 0.5171503957783641 0.25251879699248125 0.06596306068601583
0 0.3281203007518797 0.4795514511873351 0.22616541353383457 0.07255936675461741
0 0.25853383458646617 0.44393139841688656 0.21364661654135342 0.06464379947229551
0 0.20402255639097747 0.3944591029023747 0.255 0.0395778364116095
0 0.21154135338345867 0.3575197889182058 0.255 0.05013192612137203
0 0.2528947368421052 0.31728232189973615 0.26251879699248126 0.06464379947229551
0 0.26793233082706763 0.2836411609498681 0.21740601503759402 0.0633245382585752
0 0.3243233082706767 0.2526385224274406 0.1722932330827068 0.059366754617414245
0 0.39763157894736845 0.22031662269129287 0.16849624060150373 0.05804749340369393
0 0.43522556390977446 0.18271767810026385 0.16097744360902252 0.040897097625329816
0 0.46530075187969927 0.14841688654353563 0.19857142857142854 0.03825857519788918
0 0.4709398496240602 0.11543535620052771 0.17977443609022553 0.03562005277044855
0 0.6634586466165413 0.7977836411609499 0.3128195488721804 0.05118733509234823