0 0.42355648535564855 0.7310344827586207 0.3251882845188285 0.057931034482758624
0 0.4275313807531381 0.6731034482758621 0.26702928870292886 0.05517241379310345
0 0.4361087866108786 0.6172413793103448 0.24765690376569036 0.04827586206896552
0 0.45757322175732223 0.5682068965517241 0.2502928870292887 0.06482758620689655
0 0.524142259414226 0.5358620689655172 0.22514644351464436 0.05931034482758621
0 0.6161506276150627 0.49310344827586206 0.2669874476987448 0.05931034482758621
0 0.6684518828451882 0.4482758620689655 0.27112970711297074 0.0496551724137931
0 0.6893723849372384 0.4110344827586207 0.2543933054393306 0.0496551724137931
0 0.7207531380753137 0.3689655172413793 0.23347280334728038 0.037241379310344824
0 0.7061087866108786 0.33379310344827584 0.21255230125523017 0.044137931034482755
0 0.6663598326359832 0.29724137931034483 0.21673640167364022 0.04275862068965517
0 0.645439330543933 0.26068965517241377 0.21677824267782428 0.038620689655172416
0 0.639163179916318 0.22482758620689655 0.187489539748954 0.044137931034482755
0 0.6224267782426778 0.19655172413793104 0.187489539748954 0.04275862068965517
0 0.5847698744769874 0.15931034482758621 0.1791213389121339 0.04275862068965517
0 0.5638912133891214 0.12620689655172415 0.1707531380753138 0.031724137931034485
0 0.40527196652719666 0.7772413793103449 0.3137238493723849 0.04827586206896552