0 0.5535027223230491 0.15008910891089108 0.10745916515426504 0.039376237623762356
0 0.5464065335753175 0.17816831683168316 0.10745916515426504 0.03614851485148514
0 0.5357531760435571 0.20753465346534655 0.10983666061705986 0.038089108910891116
0 0.5245009074410163 0.2352970297029703 0.1133756805807623 0.03808910891089106
0 0.5073502722323049 0.264990099009901 0.11931034482758622 0.038089108910891116
0 0.4978947368421052 0.2953267326732673 0.11931034482758622 0.04066336633663371
0 0.49255898366606166 0.3288910891089109 0.12049001814882031 0.043247524752475196
0 0.4990744101633394 0.36375247524752474 0.13114337568058074 0.044544554455445556
0 0.5162250453720508 0.39828712871287125 0.1346823956442832 0.04647524752475253
0 0.5440290381125227 0.43314851485148514 0.13822141560798543 0.04777227722772277
0 0.5807078039927405 0.4644554455445545 0.12874773139745926 0.044544554455445556
0 0.6055535390199638 0.50190099009901 0.14767695099818512 0.045831683168316796
0 0.5541918765880218 0.566771907920792 0.7065976642468239 0.566771907920792 0.7065976642468239 0.5190029772277227 0.5541918765880218 0.5190029772277227 0.5541918765880218 0.566771907920792
0 0.6197459165154265 0.5851683168316831 0.1784392014519055 0.06132673267326738
0 0.5954990925589837 0.6274554455445545 0.17961887477313979 0.059386138613861404
0 0.5469872958257713 0.6707029702970296 0.18437386569872963 0.06068316831683165
0 0.48901996370235934 0.7168613861386138 0.17727767695099808 0.06002970297029714