0 0.4485677083333333 0.09685782556750298 0.14958333333333332 0.05526881720430107
0 0.43445312500000005 0.1307168458781362 0.16695312500000004 0.06323775388291518
0 0.39971354166666667 0.16209080047789723 0.17130208333333327 0.06523297491039429
0 0.38614583333333335 0.1897252090800478 0.21796874999999996 0.07270011947431305
0 0.30205729166666667 0.22930704898446835 0.20820312500000004 0.06323775388291518
0 0.28575520833333334 0.26317801672640384 0.1951822916666667 0.0682198327359618
0 0.28359375000000003 0.31097968936678616 0.17348958333333334 0.06224611708482679
0 0.3026041666666667 0.3550537634408602 0.18140625 0.07669056152927113
0 0.3709635416666666 0.40136200716845877 0.17273437499999997 0.07568697729988055
0 0.42794270833333337 0.4481720430107527 0.193359375 0.06771804062126636
0 0.488203125 0.49198327359617683 0.19447916666666668 0.0806690561529271
0 0.5120572916666667 0.5407885304659498 0.20057291666666663 0.06373954599761054
0 0.4990364583333333 0.5983034647550777 0.2096614583333333 0.07120669056152916
0 0.43526041666666665 0.6544205495818399 0.22499999999999995 0.08385902031063328
0 0.3843229166666667 0.7104659498207885 0.22950520833333332 0.06622461170848275
0 0.47638020833333333 0.06818399044205496 0.1564843750000001 0.051792114695340515
0 0.3655989583333333 0.7538351254480287 0.22609374999999998 0.06489844683393063