0 0.595873417721519 0.2443921568627451 0.12286075949367081 0.028343137254901986
0 0.5869367088607595 0.26962745098039215 0.14070886075949363 0.033186274509803944
0 0.5717721518987342 0.2931372549019608 0.1425063291139241 0.033186274509803944
0 0.558379746835443 0.3183725490196079 0.15144303797468353 0.035254901960784346
0 0.5449873417721519 0.34567647058823525 0.1567848101265823 0.03595098039215682
0 0.5315949367088607 0.37091176470588233 0.14430379746835442 0.03663725490196079
0 0.5414177215189874 0.40271568627450977 0.1496455696202532 0.03663725490196079
0 0.5717721518987342 0.4272549019607843 0.1425063291139241 0.033186274509803944
0 0.6056962025316456 0.4490392156862745 0.16035443037974692 0.039411764705882396
0 0.6556708860759494 0.4773823529411765 0.1781772151898734 0.040794117647058835
0 0.7020759493670886 0.5095294117647059 0.17103797468354445 0.042862745098039244
0 0.7199240506329114 0.5427156862745098 0.17103797468354417 0.044245098039215794
0 0.7074430379746836 0.5834999999999999 0.2067341772151898 0.0511568627450981
0 0.6547848101265823 0.6139215686274511 0.20139240506329104 0.052539215686274426
0 0.5806835443037974 0.6384705882352941 0.2317468354430379 0.050470588235294135
0 0.4932151898734177 0.6733823529411765 0.21749367088607588 0.06084313725490191
0 0.4476962025316456 0.7176274509803922 0.20144303797468352 0.048392156862745