0 0.5007427055702918 0.22761963190184048 0.10379310344827584 0.028208588957055226
0 0.4881962864721486 0.25250306748466256 0.10501326259946958 0.029312883435582804
0 0.4804244031830239 0.2743558282208589 0.10381962864721482 0.03208588957055212
0 0.4463395225464191 0.29758282208588954 0.11458885941644559 0.035398773006135
0 0.4062864721485411 0.3174969325153374 0.12055702917771881 0.036503067484662574
0 0.3626525198938992 0.33769325153374236 0.12416445623342176 0.037055214723926436
0 0.3291777188328912 0.3498650306748466 0.14090185676392575 0.03817177914110431
0 0.30644562334217507 0.37336196319018405 0.14809018567639254 0.04093251533742333
0 0.3219893899204244 0.4018527607361963 0.15286472148541114 0.04480981595092022
0 0.3423342175066313 0.4314478527607362 0.17198938992042448 0.04977914110429454
0 0.3817771883289125 0.451079754601227 0.16241379310344833 0.04480981595092022
0 0.4367904509283819 0.47265030674846625 0.16957559681697615 0.0481226993865031
0 0.4929708222811671 0.49505521472392644 0.16477453580901857 0.047570552147239244
0 0.5342175066312997 0.5274110429447852 0.16358090185676397 0.045914110429447805
0 0.5521485411140583 0.5636441717791411 0.16596816976127318 0.04536196319018408
0 0.5306366047745359 0.6073496932515338 0.16358090185676397 0.04867484662576696
0 0.519867374005305 0.6463435582822086 0.15880636604774537 0.04701840490797538