0 0.4577017114914425 0.24445641527913808 0.14029339853300732 0.028638589618021557
0 0.46662591687041566 0.2700195886385896 0.1343276283618582 0.035455435847208665
0 0.4806845965770171 0.29388834476003917 0.10623471882640584 0.03204701273261511
0 0.4938875305623472 0.3158765915768854 0.12268948655256726 0.035112634671890325
0 0.5079217603911981 0.3394025465230166 0.13858190709046456 0.03375122428991189
0 0.5228117359413204 0.3656611165523996 0.1275061124694376 0.03307541625857001
0 0.5287530562347188 0.3898628795298727 0.13261613691931542 0.03443682664054845
0 0.5219559902200489 0.41714005876591576 0.1431051344743277 0.03715964740450544
0 0.49430317848410754 0.43827619980411364 0.14537897310513442 0.04193927522037223
0 0.44833740831295843 0.4566895200783545 0.16070904645476777 0.04875612144955923
0 0.387921760391198 0.4742409402546523 0.1522249388753056 0.04977473065621944
0 0.3206845965770171 0.49333986287952986 0.16073349633251835 0.046366307541625885
0 0.29684596577017114 0.5190793339862879 0.18117359413202927 0.04397649363369255
0 0.2904645476772616 0.5587952987267385 0.17180929095354525 0.04977473065621933
0 0.32325183374083133 0.5937414299706171 0.16946210268948655 0.05966699314397657
0 0.38537897310513447 0.6320959843290891 0.18990220048899759 0.05932419196865812
0 0.418679706601467 0.6583839373163566 0.19344743276283619 0.046728697355533824