0 0.5216634799235181 0.6554878048780488 0.19552581261950286 0.03209242618741977
0 0.5324091778202676 0.631418485237484 0.17879541108986613 0.03209242618741977
0 0.5694646271510516 0.6017329910141207 0.1811854684512428 0.04011553273427471
0 0.602925430210325 0.5604172015404365 0.16682600382409177 0.03610397946084724
0 0.602925430210325 0.5275224646983312 0.17160611854684513 0.03931322207958922
0 0.5611089866156788 0.49543003851091144 0.16055449330783944 0.03289473684210526
0 0.4870363288718929 0.46734916559691914 0.1366347992351816 0.042522464698331194
0 0.41892925430210326 0.44528241335044927 0.1294646271510516 0.04332477535301669
0 0.3448374760994264 0.42281771501925547 0.13422562141491393 0.04011553273427471
0 0.29464627151051626 0.4035622593068036 0.1286615678776291 0.038510911424903725
0 0.28747609942638624 0.37708600770218226 0.14300191204588913 0.03048780487804878
0 0.2994263862332696 0.3590372272143774 0.13344168260038244 0.03289473684210526
0 0.3364627151051625 0.3333632862644416 0.10237093690248569 0.029685494223363286
0 0.38665391969407265 0.3217265725288832 0.08323135755258132 0.038510911424903725
0 0.44998087954110905 0.30969191270860075 0.09994263862332692 0.044929396662387676
0 0.5121032504780114 0.29405006418485236 0.13818355640535368 0.03931322207958922
0 0.5551242829827916 0.272387676508344 0.12382409177820267 0.02647625160462131