0 0.5388141025641026 0.16419235511713934 0.17714743589743584 0.048766954377311975
0 0.5286538461538461 0.19930949445129467 0.19407051282051285 0.0500739827373613
0 0.5024679487179488 0.23670776818742292 0.18560897435897444 0.045524044389642436
0 0.4593589743589743 0.2627127003699137 0.19746794871794876 0.045524044389642436
0 0.40358974358974364 0.29620221948212083 0.1907051282051282 0.05136868064118375
0 0.36134615384615376 0.3336004932182491 0.1941025641025641 0.048125770653514144
0 0.3258653846153846 0.37229346485819975 0.2143910256410257 0.05267570900123308
0 0.3038782051282051 0.4129346485819975 0.2143910256410256 0.05202219482120845
0 0.3055769230769231 0.45422934648582 0.2279166666666667 0.05397040690505547
0 0.3444551282051282 0.4984463625154131 0.24480769230769228 0.06308261405672005
0 0.4103525641025641 0.5397410604192355 0.2718269230769231 0.06372379778051782
0 0.5058333333333334 0.5813563501849569 0.29038461538461546 0.07152897657213315
0 0.5869871794871795 0.6288286066584464 0.28698717948717956 0.0741307028360048
0 0.6258333333333334 0.6892971639950678 0.2937499999999999 0.0741307028360048
0 0.6148717948717949 0.7458816276202219 0.29205128205128206 0.07152897657213315
0 0.5396474358974359 0.7995191122071517 0.31067307692307694 0.07998766954377326
0 0.4644551282051282 0.8570776818742294 0.2920833333333333 0.07283600493218241