0 0.5572847682119205 0.19171107994389902 0.13725165562913905 0.03265077138849926
0 0.5451986754966888 0.21699859747545583 0.15536423841059607 0.03969144460028052
0 0.5436754966887417 0.24931276297335203 0.14933774834437094 0.04161290322580648
0 0.5625827814569536 0.27779803646563817 0.1599006622516557 0.04352033660589057
0 0.5829801324503311 0.3043618513323983 0.14327814569536418 0.04161290322580648
0 0.641887417218543 0.3245301542776998 0.1644039735099337 0.04865357643758766
0 0.6864900662251655 0.35109396914446006 0.1598675496688741 0.04161290322580648
0 0.705364238410596 0.3776577840112202 0.15533112582781466 0.04224403927068724
0 0.7151986754966888 0.4032538569424965 0.18705298013245036 0.048653576437587734
0 0.6940397350993377 0.44166900420757366 0.18102649006622523 0.04736325385694247
0 0.6615562913907285 0.46438990182328194 0.17347682119205293 0.04288920056100987
0 0.6343377483443708 0.49511921458625524 0.1795364238410597 0.0480084151472651
0 0.5897682119205299 0.525203366058906 0.16897350993377475 0.04544179523141652
0 0.5451986754966888 0.557194950911641 0.18860927152317875 0.04928471248246842
0 0.5097019867549669 0.6068022440392706 0.1871192052980132 0.05377279102384296
0 0.49685430463576163 0.6596213183730716 0.18864238410596035 0.04928471248246842
0 0.5066556291390728 0.7076297335203368 0.18105960264900664 0.05056100981767175