0 0.5690000000000001 0.04304435483870968 0.13978723404255328 0.053094758064516114
0 0.5617234042553191 0.0781350806451613 0.1391489361702127 0.05549395161290321
0 0.544936170212766 0.10737903225806453 0.15878723404255318 0.058790322580645156
0 0.5060212765957447 0.14742943548387097 0.1657446808510639 0.06389112903225806
0 0.4711914893617022 0.17892137096774194 0.17714893617021274 0.06868951612903225
0 0.4021914893617021 0.20892137096774194 0.16323404255319143 0.05848790322580643
0 0.34585106382978725 0.2353125 0.17210638297872338 0.06389112903225806
0 0.29236170212765955 0.26110887096774194 0.17148936170212759 0.06269153225806458
0 0.24457446808510638 0.2914112903225806 0.18478723404255318 0.06988911290322584
0 0.25659574468085106 0.3341532258064516 0.20504255319148937 0.05399193548387091
0 0.2673829787234043 0.3627923387096774 0.22542553191489365 0.06688508064516131
0 0.296468085106383 0.3878427419354839 0.1632553191489362 0.0761895161290323
0 0.361063829787234 0.41318548387096776 0.16721276595744688 0.07348790322580642
0 0.4398723404255319 0.4412298387096774 0.1805106382978724 0.07019153225806452
0 0.5148936170212766 0.49432459677419355 0.21914893617021278 0.07678427419354845
0 0.5499787234042554 0.5210483870967741 0.2068510638297873 0.07108870967741934
0 0.5471276595744681 0.010776209677419355 0.11351063829787239 0.02155241935483871