0 0.5312108559498956 0.1329509803921569 0.1186430062630481 0.03722549019607846
0 0.5213152400835074 0.16319607843137254 0.12713987473903962 0.03523529411764706
0 0.5036116910229645 0.19045098039215685 0.12006263048016699 0.03789215686274507
0 0.4788517745302714 0.21803921568627452 0.1158246346555324 0.037225490196078403
0 0.44628392484342383 0.24164705882352938 0.121482254697286 0.04054901960784315
0 0.39887265135699373 0.2659019607843138 0.13139874739039664 0.04254901960784312
0 0.3528810020876827 0.28884313725490196 0.1356576200417537 0.043205882352941226
0 0.32526096033402924 0.3180882352941176 0.13707724425887258 0.04453921568627446
0 0.3188935281837161 0.35 0.14983298538622125 0.041882352941176496
0 0.32457202505219207 0.3835686274509804 0.14699373695198334 0.04520588235294119
0 0.3571189979123173 0.4184705882352941 0.1639665970772443 0.05118627450980396
0 0.4087891440501044 0.44938235294117646 0.17670146137787054 0.051852941176470574
0 0.46751565762004177 0.4866078431372548 0.17526096033402933 0.053176470588235304
0 0.5312108559498956 0.5235000000000001 0.1780793319415448 0.052519607843137195
0 0.5658872651356994 0.5713627450980392 0.17100208768267217 0.05384313725490203
0 0.5694363256784969 0.6195588235294118 0.1780793319415448 0.051852941176470685
0 0.5460751565762004 0.6734117647058824 0.19365344467640916 0.05450980392156854