0 0.4989561586638831 0.12451171875 0.10960334029227557 0.02978515625
0 0.49269311064718163 0.1513671875 0.10647181628392484 0.03271484375
0 0.48434237995824636 0.17724609375 0.10960334029227557 0.0322265625
0 0.46764091858037576 0.20361328125 0.11691022964509394 0.0361328125
0 0.4405010438413361 0.22412109375 0.10751565762004175 0.041015625
0 0.40396659707724425 0.24609375 0.10855949895615867 0.0458984375
0 0.3684759916492693 0.27197265625 0.1127348643006263 0.04248046875
0 0.33820459290187893 0.29638671875 0.1315240083507307 0.04248046875
0 0.3288100208768267 0.32421875 0.12421711899791232 0.03662109375
0 0.3246346555323591 0.361328125 0.13987473903966596 0.03955078125
0 0.33194154488517746 0.3935546875 0.13883089770354906 0.041015625
0 0.3653444676409186 0.4296875 0.13569937369519833 0.048828125
0 0.4112734864300626 0.4638671875 0.14926931106471816 0.06103515625
0 0.46346555323590816 0.4931640625 0.13883089770354906 0.06396484375
0 0.5281837160751566 0.53173828125 0.15657620041753653 0.06103515625
0 0.5647181628392485 0.57568359375 0.14822546972860126 0.0537109375
0 0.5741127348643006 0.61376953125 0.1722338204592902 0.05615234375