0 0.4256505576208178 0.613580850024426 0.3215613382899628 0.05959941377625794
0 0.4349442379182156 0.6614557889594529 0.41263940520446096 0.04152418172936004
0 0.44423791821561337 0.5632633121641426 0.2936802973977695 0.04689789936492428
0 0.47026022304832715 0.5139228138739619 0.24907063197026022 0.04689789936492428
0 0.44981412639405205 0.46311675622862725 0.29739776951672864 0.04787493893502687
0 0.44052044609665425 0.4152418172936004 0.2862453531598513 0.04396678065461651
0 0.3903345724907063 0.3761602344894968 0.2899628252788104 0.03517342452369321
0 0.3513011152416357 0.33707865168539325 0.27695167286245354 0.03859306301905227
0 0.3382899628252788 0.2950659501709819 0.22490706319702602 0.05129457743038593
0 0.362453531598513 0.26917440156326333 0.17843866171003717 0.049829018075232046
0 0.4368029739776952 0.243771372740596 0.19330855018587362 0.04250122129946263
0 0.5185873605947955 0.22325354176844162 0.1895910780669145 0.04787493893502687
0 0.6319702602230484 0.2076209086468002 0.20631970260223048 0.0542256961406937
0 0.6877323420074349 0.1875915974596971 0.17286245353159851 0.04787493893502687
0 0.7007434944237918 0.1617000488519785 0.20074349442379183 0.03663898387884709
0 0.7100371747211895 0.13190034196384953 0.1821561338289963 0.03517342452369321
0 0.6802973977695167 0.10307767464582315 0.18587360594795538 0.025891548607718612