0 0.5058389261744967 0.1456233421750663 0.1566107382550336 0.03706896551724136
0 0.4924496644295302 0.18156498673740054 0.15278523489932877 0.04084880636604776
0 0.4713758389261745 0.22279840848806368 0.17191275167785242 0.04615384615384617
0 0.4589597315436242 0.26213527851458884 0.17382550335570474 0.04615384615384617
0 0.4235570469798658 0.3037400530503979 0.16043624161073827 0.04615384615384617
0 0.3996308724832215 0.3457294429708223 0.16620805369127525 0.04387267904509289
0 0.3842953020134228 0.38923076923076927 0.18533557046979862 0.04766578249336877
0 0.38526845637583895 0.4334880636604775 0.1987248322147652 0.04993368700265249
0 0.39291946308724834 0.4781167108753316 0.20255033557046984 0.05144562334217502
0 0.4503355704697986 0.5288063660477454 0.23315436241610743 0.06051724137931034
0 0.5096644295302013 0.5802519893899204 0.2446308724832214 0.0635411140583554
0 0.5670805369127517 0.6320689655172413 0.27140939597315433 0.06278514588859421
0 0.6312080536912752 0.6865384615384615 0.25033557046979854 0.06431034482758621
0 0.6426845637583893 0.756896551724138 0.2465100671140939 0.06733421750663128
0 0.6244966442953019 0.8261140583554376 0.2522483221476511 0.06809018567639247
0 0.591006711409396 0.8749071618037134 0.2503691275167786 0.06431034482758621
0 0.5741946308724832 0.9157824933687002 0.23651006711409403 0.057068965517241346