0 0.6339165545087483 0.234375 0.16823687752355315 0.0341796875
0 0.6096904441453567 0.26806640625 0.17092866756393002 0.04150390625
0 0.5746971736204576 0.291015625 0.16689098250336473 0.04443359375
0 0.5289367429340511 0.31396484375 0.16823687752355315 0.04638671875
0 0.47106325706594887 0.33740234375 0.17092866756393002 0.04931640625
0 0.4226110363391655 0.359375 0.2126514131897712 0.04833984375
0 0.35800807537012114 0.3818359375 0.1641991924629879 0.04931640625
0 0.31763122476446837 0.408203125 0.17496635262449528 0.04443359375
0 0.3189771197846568 0.447265625 0.18977119784656796 0.0458984375
0 0.33781965006729475 0.48388671875 0.19784656796769853 0.06201171875
0 0.3822341857335128 0.5107421875 0.19919246298788695 0.0634765625
0 0.44952893674293404 0.54296875 0.21534320323014805 0.06640625
0 0.5208613728129206 0.5810546875 0.22072678331090176 0.06640625
0 0.5814266487213997 0.630859375 0.23553162853297444 0.064453125
0 0.5989232839838493 0.68212890625 0.23283983849259757 0.05810546875
0 0.5935397039030955 0.72607421875 0.25841184387617766 0.04150390625
0 0.6285329744279946 0.21044921875 0.1655450874831763 0.02685546875