0 0.5429811320754716 0.8386458333333333 0.3127735849056603 0.07144791666666658
0 0.5862264150943396 0.7718125 0.2473396226415095 0.05827083333333339
0 0.6095094339622642 0.6999270833333333 0.2606226415094339 0.06263541666666678
0 0.6170754716981133 0.6275625 0.30047169811320756 0.07623958333333339
0 0.5344528301886792 0.5637395833333334 0.28326415094339624 0.08825000000000002
0 0.44069811320754715 0.5150833333333333 0.2403584905660377 0.07480208333333328
0 0.3604905660377358 0.4613229166666667 0.24256603773584906 0.07878125
0 0.2845471698113208 0.401375 0.24415094339622637 0.06692708333333333
0 0.23941509433962263 0.35429166666666667 0.23162264150943399 0.06925000000000002
0 0.23209433962264153 0.3091458333333333 0.22449056603773582 0.06266666666666663
0 0.2554716981132076 0.25701041666666663 0.2267358490566038 0.062406250000000024
0 0.31335849056603776 0.23676041666666667 0.24028301886792447 0.06438541666666667
0 0.3568490566037736 0.18244791666666668 0.19058490566037734 0.07327083333333331
0 0.4561320754716981 0.16738541666666668 0.1955849056603773 0.060093749999999994
0 0.46547169811320754 0.10653125 0.2175094339622641 0.05993749999999999
0 0.5018113207547169 0.0703125 0.20001886792452828 0.0546875
0 0.5029811320754717 0.9056041666666667 0.292 0.07421875