0 0.5311698113207547 0.14785416666666668 0.20624528301886783 0.05844791666666668
0 0.510245283018868 0.18808333333333332 0.1941132075471698 0.06018749999999997
0 0.46567924528301885 0.2346666666666667 0.19473584905660385 0.06655208333333332
0 0.4085471698113208 0.28125 0.22515094339622638 0.0752291666666667
0 0.361377358490566 0.31394791666666666 0.22935849056603774 0.07581249999999998
0 0.335188679245283 0.3544583333333333 0.23566037735849063 0.08043750000000002
0 0.32469811320754716 0.40509375 0.26499999999999996 0.06829166666666661
0 0.3189433962264151 0.44299999999999995 0.2409056603773585 0.0642395833333333
0 0.3346603773584906 0.4971041666666667 0.22832075471698113 0.0798645833333334
0 0.3860566037735849 0.5532395833333333 0.25381132075471696 0.09375
0 0.4180188679245283 0.5914375 0.24018867924528292 0.08795833333333339
0 0.500811320754717 0.6579895833333332 0.2339245283018868 0.11805208333333325
0 0.5778490566037736 0.7118020833333334 0.22662264150943398 0.09954166666666661
0 0.6040188679245283 0.78675 0.23452830188679236 0.08969791666666656
0 0.6134528301886792 0.8721041666666667 0.2429056603773585 0.08912499999999994
0 0.5870566037735849 0.9517708333333333 0.30301886792452837 0.08096875000000002
0 0.5392830188679245 0.10838541666666666 0.186245283018868 0.054708333333333345