0 0.5664716981132076 0.04003125 0.26449056603773596 0.05949999999999999
0 0.5432075471698112 0.07969791666666667 0.25518867924528305 0.05362499999999999
0 0.5232452830188679 0.12304166666666667 0.24986792452830178 0.059500000000000004
0 0.47269811320754723 0.17041666666666666 0.23658490566037732 0.05876041666666669
0 0.44675471698113206 0.21559375 0.2538867924528302 0.06096875000000003
0 0.4241320754716981 0.26077083333333334 0.2538867924528302 0.05876041666666669
0 0.4068301886792453 0.30924999999999997 0.2592075471698113 0.05435416666666661
0 0.4134905660377359 0.35075 0.2565471698113207 0.05803125000000004
0 0.45273584905660375 0.3985 0.27915094339622626 0.06684374999999995
0 0.486 0.4469791666666667 0.2525471698113208 0.06831250000000004
0 0.545188679245283 0.5017083333333333 0.29111320754716974 0.08080208333333326
0 0.6023962264150943 0.5601041666666667 0.2990754716981132 0.07418750000000003
0 0.6283396226415094 0.6218125000000001 0.29241509433962265 0.06978125
0 0.6363207547169811 0.6904895833333333 0.3057169811320754 0.08814583333333345
0 0.605056603773585 0.7584375 0.2990754716981132 0.07859375000000005
0 0.5392075471698112 0.8278541666666667 0.3217169811320755 0.07639583333333325
0 0.507943396226415 0.9005729166666666 0.37360377358490565 0.07786458333333333