0 0.5206603773584906 0.81928125 0.2879811320754717 0.0636562499999999
0 0.46990566037735854 0.7474895833333334 0.2793207547169811 0.05905208333333339
0 0.415188679245283 0.6782916666666666 0.28688679245283033 0.07534374999999992
0 0.29949056603773583 0.51828125 0.2528301886792453 0.06516666666666673
0 0.29971698113207546 0.5759270833333333 0.2494528301886792 0.05583333333333324
0 0.3660566037735849 0.6277604166666666 0.27664150943396226 0.06819791666666669
0 0.30030188679245284 0.4672395833333333 0.23977358490566034 0.06029166666666666
0 0.3304528301886792 0.41884374999999996 0.23456603773584905 0.06667708333333332
0 0.38107547169811323 0.37230208333333337 0.2155094339622641 0.052833333333333364
0 0.4179433962264151 0.32104166666666667 0.20728301886792455 0.057489583333333275
0 0.4292830188679245 0.26415625 0.1786037735849057 0.044968750000000016
0 0.44254716981132075 0.2185 0.17947169811320757 0.05288541666666665
0 0.46926415094339624 0.16526041666666666 0.17788679245283023 0.041593750000000006
0 0.4878867924528302 0.12528125 0.15715094339622634 0.03522916666666666
0 0.4960377358490566 0.08616666666666667 0.1396981132075471 0.03732291666666665
0 0.5330377358490566 0.8960729166666667 0.285811320754717 0.05479166666666657
0 0.4950188679245283 0.052458333333333336 0.15083018867924539 0.025572916666666664