0 0.5240943396226415 0.046468749999999996 0.2279245283018867 0.05540625
0 0.503056603773585 0.08490625 0.22469811320754723 0.05898958333333333
0 0.4852641509433962 0.12825 0.23441509433962265 0.05809374999999998
0 0.4836415094339622 0.167125 0.23116981132075468 0.05898958333333333
0 0.4423584905660377 0.20823958333333334 0.21015094339622642 0.05540625
0 0.38894339622641505 0.24264583333333334 0.22958490566037748 0.05987500000000002
0 0.3258301886792453 0.28241666666666665 0.20369811320754713 0.06256249999999994
0 0.28373584905660376 0.32307291666666665 0.21988679245283022 0.05809374999999998
0 0.28050943396226413 0.38071875 0.26198113207547163 0.06792708333333337
0 0.31124528301886795 0.4249583333333333 0.28464150943396227 0.06523958333333332
0 0.37681132075471696 0.4696458333333334 0.31860377358490566 0.0831145833333333
0 0.4601509433962264 0.5290729166666667 0.35905660377358484 0.0965208333333333
0 0.531377358490566 0.5898541666666667 0.3428490566037736 0.08758333333333326
0 0.6026037735849057 0.6541979166666666 0.3039811320754717 0.06970833333333341
0 0.6179811320754717 0.7212291666666667 0.3088301886792454 0.08758333333333326
0 0.5936981132075472 0.7980833333333333 0.3379811320754717 0.08937499999999995
0 0.5354150943396226 0.8588541666666667 0.3962641509433962 0.09115625