0 0.5864905660377357 0.7760208333333334 0.29018867924528313 0.07760416666666667
0 0.5867735849056603 0.8630625 0.34109433962264146 0.06767708333333336
0 0.5624716981132075 0.7068125 0.29247169811320756 0.06765625000000004
0 0.5001509433962263 0.6358645833333333 0.2684528301886792 0.07695833333333321
0 0.43124528301886794 0.5758020833333333 0.2690188679245284 0.08342708333333325
0 0.3713584905660377 0.5197708333333334 0.26871698113207537 0.07868749999999997
0 0.3121698113207547 0.4667395833333333 0.23841509433962266 0.07110416666666666
0 0.2988867924528302 0.4114895833333333 0.23069811320754713 0.039531250000000046
0 0.3123207547169811 0.36382291666666666 0.23241509433962265 0.06224999999999999
0 0.33347169811320754 0.31505208333333334 0.22441509433962264 0.06192708333333338
0 0.3573396226415094 0.26857291666666666 0.22813207547169806 0.06965625
0 0.39322641509433964 0.21909375 0.23069811320754713 0.06444791666666667
0 0.42324528301886793 0.17939583333333334 0.22784905660377358 0.06491666666666666
0 0.4502641509433962 0.13622916666666668 0.22528301886792448 0.07232291666666667
0 0.4958679245283019 0.09179166666666667 0.2598867924528302 0.06332291666666666
0 0.5654528301886792 0.9297083333333334 0.342754716981132 0.08007291666666655
0 0.5044339622641509 0.03966666666666666 0.23060377358490572 0.053541666666666675