0 0.5103396226415094 0.030385416666666668 0.3201886792452831 0.046468749999999996
0 0.5200377358490567 0.06747916666666667 0.28456603773584893 0.052729166666666674
0 0.5087169811320755 0.10545833333333333 0.26837735849056604 0.050052083333333316
0 0.4868679245283019 0.1434375 0.2635283018867924 0.05987500000000002
0 0.4706792452830189 0.1939375 0.24735849056603768 0.06256250000000001
0 0.4326415094339623 0.24085416666666667 0.2522264150943395 0.0688125
0 0.4010754716981132 0.295375 0.2732641509433963 0.06166666666666672
0 0.3800377358490566 0.3454166666666667 0.2894528301886793 0.06703125000000003
0 0.38569811320754716 0.39278124999999997 0.31373584905660384 0.06703125000000003
0 0.4213018867924529 0.45579166666666665 0.32667924528301884 0.08401041666666664
0 0.48605660377358495 0.5103125 0.3201886792452831 0.08401041666666677
0 0.5702264150943397 0.5692916666666666 0.32016981132075484 0.07685416666666664
0 0.6365849056603773 0.6331979166666667 0.3201509433962265 0.06881249999999994
0 0.6398301886792453 0.6921770833333334 0.3104339622641509 0.0670312499999999
0 0.6398301886792453 0.7475937500000001 0.3104339622641509 0.07060416666666663
0 0.6236415094339622 0.8114895833333333 0.3492830188679245 0.08758333333333326
0 0.5710188679245283 0.8740520833333334 0.409188679245283 0.09115625