0 0.49915094339622645 0.9191770833333333 0.2475849056603774 0.07857291666666673
0 0.488433962264151 0.8553333333333334 0.25758490566037734 0.06419791666666678
0 0.4767169811320754 0.7958229166666667 0.24671698113207546 0.06325000000000003
0 0.468566037735849 0.7303229166666667 0.21156603773584906 0.07113541666666663
0 0.492433962264151 0.6644270833333333 0.21528301886792456 0.0608645833333334
0 0.501 0.6022395833333333 0.23243396226415106 0.06843750000000005
0 0.5313207547169811 0.5417083333333333 0.21756603773584896 0.07584374999999995
0 0.5584716981132075 0.48631250000000004 0.20899999999999996 0.07615625000000001
0 0.5727735849056603 0.42396875 0.17469811320754722 0.05562499999999997
0 0.5862075471698113 0.37756249999999997 0.17641509433962263 0.06004166666666665
0 0.5803396226415094 0.3255520833333333 0.17098113207547172 0.05671875000000005
0 0.5714716981132075 0.2777291666666667 0.16583018867924526 0.05135416666666662
0 0.553188679245283 0.22745833333333335 0.17954716981132068 0.04456249999999997
0 0.5356037735849056 0.17853124999999997 0.1632452830188679 0.05086458333333332
0 0.5164528301886793 0.12769791666666666 0.15009433962264143 0.032552083333333336
0 0.5045849056603774 0.08713541666666667 0.14524528301886797 0.03476041666666667
0 0.48550943396226415 0.05340625000000001 0.1364905660377359 0.029854166666666664