0 0.5331698113207547 0.8477604166666667 0.26532075471698113 0.08251041666666671
0 0.5090188679245282 0.7645 0.2793207547169811 0.06908333333333326
0 0.4955849056603774 0.6862083333333333 0.2718867924528302 0.061499999999999964
0 0.5004339622641509 0.6224479166666667 0.25645283018867915 0.06590624999999999
0 0.5111509433962265 0.5606458333333334 0.24645283018867925 0.056906250000000116
0 0.5128679245283019 0.5010625 0.24301886792452843 0.056114583333333336
0 0.5028679245283019 0.4036770833333333 0.21728301886792448 0.051999999999999956
0 0.5157358490566037 0.45237499999999997 0.24301886792452843 0.05563541666666663
0 0.4941509433962264 0.34836458333333337 0.20613207547169812 0.0489895833333333
0 0.477 0.3037708333333333 0.23471698113207543 0.046614583333333334
0 0.47413207547169817 0.25917708333333334 0.229 0.04425000000000002
0 0.45769811320754716 0.20954166666666665 0.22756603773584907 0.04565624999999998
0 0.45411320754716983 0.16644791666666667 0.18898113207547163 0.04976041666666665
0 0.44339622641509435 0.12020833333333333 0.19898113207547177 0.047541666666666656
0 0.4448301886792453 0.07309375 0.20183018867924535 0.04706250000000001
0 0.546433962264151 0.90025 0.31907547169811323 0.06935416666666659
0 0.5483018867924528 0.9541875 0.32667924528301884 0.053468749999999926