0 0.5357169811320754 0.04251041666666667 0.3537169811320755 0.051645833333333314
0 0.5515471698113208 0.08580208333333333 0.34796226415094333 0.05720833333333335
0 0.5465094339622641 0.12791666666666665 0.3465283018867924 0.05403125
0 0.535 0.17201041666666667 0.31773584905660374 0.06912500000000002
0 0.49469811320754714 0.22405208333333335 0.2976037735849057 0.058791666666666666
0 0.46232075471698114 0.26576041666666667 0.33647169811320754 0.061177083333333354
0 0.443622641509434 0.31105208333333334 0.3249622641509434 0.06277083333333332
0 0.490377358490566 0.3622916666666667 0.3522830188679246 0.0603854166666667
0 0.5313962264150943 0.41433333333333333 0.4199056603773584 0.059583333333333384
0 0.5515471698113208 0.4544583333333333 0.4083962264150942 0.0683229166666667
0 0.6047735849056604 0.5180208333333333 0.3939999999999999 0.07468750000000005
0 0.6328301886792452 0.5807812499999999 0.41556603773584905 0.06832291666666658
0 0.6385849056603773 0.6316354166666667 0.4184528301886792 0.07309375000000008
0 0.5788679245283019 0.6924166666666667 0.41701886792452825 0.08024999999999996
0 0.5256415094339623 0.7583541666666667 0.41128301886792457 0.08342708333333325
0 0.4500943396226415 0.8235104166666667 0.44150943396226416 0.08978125000000006
0 0.42347169811320756 0.90375 0.5206603773584905 0.09613541666666663