0 0.4755471698113207 0.031281250000000003 0.3023962264150944 0.04826041666666667
0 0.47230188679245283 0.07015624999999999 0.29267924528301886 0.047364583333333335
0 0.4901132075471698 0.11662499999999999 0.2732641509433963 0.056302083333333315
0 0.4868679245283019 0.16667708333333334 0.26354716981132065 0.061666666666666654
0 0.4755471698113207 0.21940625 0.2603207547169811 0.05987500000000002
0 0.44560377358490566 0.27570833333333333 0.26516981132075473 0.06523958333333332
0 0.42132075471698116 0.32262500000000005 0.24575471698113208 0.06256249999999994
0 0.3849056603773585 0.37222916666666667 0.2732830188679246 0.06703125000000003
0 0.35981132075471695 0.4213854166666666 0.27490566037735836 0.06166666666666672
0 0.3614339622641509 0.4745625 0.2910943396226415 0.05898958333333333
0 0.3614339622641509 0.5335416666666667 0.2878490566037737 0.05898958333333345
0 0.39137735849056604 0.5952083333333333 0.3024150943396226 0.06792708333333337
0 0.4261698113207547 0.6622395833333333 0.28784905660377347 0.07328124999999991
0 0.47635849056603774 0.7261354166666667 0.29107547169811326 0.0670312499999999
0 0.5063018867924528 0.8012083333333333 0.305622641509434 0.07596875000000007
0 0.5224716981132076 0.8695833333333333 0.36066037735849055 0.08043750000000002
0 0.5135660377358491 0.9459895833333333 0.4237924528301887 0.08847916666666672