0 0.4392264150943397 0.8931875 0.2511698113207547 0.07342708333333334
0 0.46337735849056605 0.8194687500000001 0.2617169811320754 0.07482291666666659
0 0.5160566037735849 0.75665625 0.2053584905660378 0.0652500000000001
0 0.5427735849056604 0.6982291666666666 0.24016981132075466 0.049593749999999895
0 0.5490188679245284 0.64325 0.27667924528301885 0.06761458333333342
0 0.5353018867924528 0.5756979166666666 0.20609433962264154 0.059395833333333314
0 0.5193584905660377 0.51246875 0.22815094339622632 0.05605208333333327
0 0.5209622641509434 0.4635104166666667 0.2200566037735849 0.05932291666666671
0 0.5117735849056604 0.40975 0.22373584905660385 0.05596875000000002
0 0.5083396226415094 0.3649791666666667 0.23060377358490572 0.06167708333333337
0 0.5127547169811321 0.3115 0.18256603773584903 0.04695833333333337
0 0.5374905660377358 0.27091666666666664 0.16737735849056612 0.05509374999999998
0 0.553188679245283 0.22703125 0.155622641509434 0.05363541666666668
0 0.5463207547169812 0.17814583333333334 0.17424528301886796 0.05406249999999998
0 0.5156981132075471 0.1350625 0.16688679245283028 0.048270833333333305
0 0.5016037735849057 0.09415625 0.16566037735849048 0.040854166666666664
0 0.4872641509433962 0.061427083333333334 0.1747169811320755 0.04682291666666665