0 0.48271698113207545 0.8227395833333334 0.3090566037735849 0.09149999999999991
0 0.5670566037735849 0.7468958333333333 0.2890566037735848 0.08217708333333344
0 0.6482452830188679 0.6717708333333333 0.27533962264150935 0.07775000000000011
0 0.6841320754716981 0.6031875 0.2779245283018869 0.07601041666666669
0 0.6392264150943396 0.53153125 0.28988679245283017 0.06463541666666663
0 0.5743207547169811 0.4805520833333333 0.25730188679245286 0.059260416666666656
0 0.4809811320754717 0.4231770833333333 0.2478679245283019 0.06667708333333332
0 0.40309433962264146 0.37677083333333333 0.262433962264151 0.0363645833333333
0 0.37650943396226416 0.33084375 0.24128301886792453 0.05561458333333332
0 0.36964150943396223 0.2828541666666667 0.2149811320754717 0.05687500000000002
0 0.4005094339622642 0.2373229166666667 0.23900000000000002 0.05955208333333335
0 0.44954716981132076 0.19588541666666667 0.19239622641509438 0.06349999999999997
0 0.5094339622641509 0.15730208333333331 0.19269811320754715 0.052281249999999994
0 0.5437547169811321 0.11105208333333334 0.1984150943396226 0.05007291666666666
0 0.5664716981132076 0.07395833333333333 0.1872641509433962 0.045333333333333344
0 0.5680566037735849 0.035843749999999994 0.1841320754716982 0.04895833333333333
0 0.44481132075471697 0.8996875000000001 0.373811320754717 0.07166666666666661