0 0.49083018867924527 0.10879166666666666 0.20101886792452822 0.055552083333333314
0 0.4630566037735849 0.14872916666666666 0.2062641509433962 0.057875
0 0.4253207547169811 0.19010416666666666 0.20837735849056604 0.057291666666666664
0 0.38705660377358486 0.23408333333333334 0.21362264150943402 0.05960416666666664
0 0.3519622641509434 0.27488541666666666 0.2272641509433962 0.06134374999999999
0 0.3315094339622641 0.31944791666666666 0.23250943396226417 0.05555208333333338
0 0.3215660377358491 0.36313541666666665 0.2398490566037736 0.0653958333333333
0 0.3315094339622641 0.41377083333333337 0.23879245283018868 0.0752291666666667
0 0.3682264150943396 0.45717708333333335 0.2496037735849057 0.09028124999999995
0 0.43426415094339627 0.5127291666666667 0.2559245283018868 0.08680208333333325
0 0.5191509433962264 0.55815625 0.26222641509433964 0.0920104166666666
0 0.585188679245283 0.6168958333333333 0.27692452830188674 0.07870833333333328
0 0.6176792452830189 0.682 0.24967924528301894 0.07117708333333325
0 0.605056603773585 0.75346875 0.2554905660377358 0.08217708333333344
0 0.5536981132075471 0.828125 0.2911320754716982 0.08680208333333325
0 0.507188679245283 0.8975729166666666 0.3316603773584905 0.08466666666666664
0 0.4998867924528302 0.06782291666666666 0.19901886792452833 0.051156249999999986