0 0.5428867924528302 0.12628124999999998 0.17154716981132068 0.05748958333333333
0 0.5767735849056603 0.09242708333333334 0.13237735849056598 0.05575000000000001
0 0.48884905660377354 0.1741875 0.17667924528301884 0.05955208333333335
0 0.4149433962264151 0.21625 0.175811320754717 0.0638125
0 0.327188679245283 0.24892708333333333 0.17409433962264148 0.08055208333333332
0 0.2461320754716981 0.2903541666666667 0.18179245283018872 0.07660416666666663
0 0.21424528301886792 0.34196875000000004 0.199811320754717 0.06177083333333329
0 0.20711320754716983 0.40170833333333333 0.18550943396226413 0.05278124999999996
0 0.26213207547169814 0.45932291666666664 0.20124528301886788 0.06384374999999996
0 0.3493207547169811 0.49893750000000003 0.21901886792452827 0.0761562499999999
0 0.4562452830188679 0.5539479166666667 0.22700000000000012 0.08294791666666677
0 0.5537358490566038 0.5993958333333332 0.284754716981132 0.08358333333333334
0 0.585622641509434 0.67121875 0.30275471698113215 0.0536041666666667
0 0.579622641509434 0.7328541666666666 0.2638867924528302 0.06923958333333337
0 0.5085849056603774 0.8066458333333333 0.22871698113207553 0.09529166666666669
0 0.45998113207547175 0.8792500000000001 0.25730188679245286 0.06688541666666671
0 0.5576792452830188 0.03754166666666667 0.15771698113207552 0.04575