0 0.40750943396226413 0.09230208333333333 0.1853207547169811 0.06539583333333333
0 0.489811320754717 0.11371875000000001 0.1741886792452829 0.07928124999999998
0 0.5773207547169812 0.13657291666666668 0.2276603773584905 0.09259374999999999
0 0.6433584905660378 0.19241666666666665 0.2800943396226416 0.09433333333333334
0 0.7051886792452831 0.22945833333333335 0.3010754716981131 0.09201041666666665
0 0.7167169811320755 0.276625 0.319943396226415 0.09954166666666672
0 0.7209056603773585 0.35301041666666666 0.2989811320754718 0.10879166666666672
0 0.6632264150943397 0.4140625 0.3026226415094339 0.0920104166666667
0 0.5495094339622641 0.4667291666666667 0.25550943396226405 0.0908541666666667
0 0.486622641509434 0.5271979166666667 0.266 0.07176041666666677
0 0.4630377358490566 0.5914375 0.2838301886792453 0.06829166666666661
0 0.44469811320754715 0.6576979166666667 0.2764905660377358 0.07233333333333339
0 0.4546603773584906 0.7251145833333333 0.30479245283018874 0.07754166666666672
0 0.46775471698113213 0.8000624999999999 0.3351698113207547 0.08391666666666661
0 0.3654716981132075 0.06742708333333333 0.21016981132075468 0.06935416666666668
0 0.4737924528301887 0.8540104166666667 0.33847169811320754 0.09287500000000008
0 0.3358867924528302 0.040125 0.21181132075471695 0.05005208333333333