0 0.4817547169811321 0.07309375 0.18249056603773578 0.058791666666666666
0 0.4306792452830189 0.11917708333333334 0.18683018867924525 0.05561458333333332
0 0.3882264150943396 0.15969791666666666 0.18539622641509432 0.05403125
0 0.3601698113207547 0.20578125 0.20411320754716983 0.06196875000000001
0 0.3213207547169811 0.25423958333333335 0.19260377358490563 0.05403125
0 0.3213207547169811 0.30071875 0.1897358490566038 0.05482291666666666
0 0.3313962264150943 0.35633333333333334 0.221377358490566 0.05322916666666669
0 0.3529811320754717 0.4095729166666667 0.2271320754716981 0.06594791666666673
0 0.3788679245283019 0.46478125 0.2271320754716981 0.06673958333333338
0 0.40262264150943394 0.5235833333333333 0.21705660377358485 0.06196875000000001
0 0.4249245283018868 0.5815833333333333 0.23575471698113207 0.06832291666666658
0 0.44433962264150945 0.6407708333333333 0.2429433962264151 0.07388541666666673
0 0.45369811320754716 0.7094895833333333 0.2328679245283019 0.08104166666666662
0 0.5026226415094339 0.77940625 0.24435849056603773 0.08580208333333322
0 0.5285283018867925 0.85409375 0.24435849056603773 0.07944791666666665
0 0.5644905660377358 0.9263958333333334 0.31341509433962267 0.08421874999999991
0 0.5155283018867924 0.03719791666666667 0.2259056603773585 0.059520833333333335