0 0.593622641509434 0.8433333333333334 0.29307547169811327 0.07083333333333333
0 0.6003584905660377 0.76 0.3253584905660376 0.08439583333333331
0 0.5733396226415094 0.6849479166666667 0.289056603773585 0.06939583333333323
0 0.5078679245283019 0.6178645833333333 0.27132075471698125 0.08043750000000002
0 0.4136603773584906 0.5608125 0.27788679245283016 0.07773958333333321
0 0.4634150943396227 0.1323645833333333 0.18869811320754715 0.04755208333333331
0 0.3905094339622642 0.17189583333333333 0.16867924528301892 0.05370833333333334
0 0.335188679245283 0.21490625 0.16494339622641513 0.05292708333333333
0 0.259 0.2630520833333333 0.1572264150943396 0.045041666666666674
0 0.20954716981132077 0.30685416666666665 0.22183018867924528 0.04583333333333333
0 0.1909622641509434 0.3520729166666667 0.24756603773584906 0.056416666666666636
0 0.18324528301886794 0.4034479166666667 0.25728301886792454 0.05152083333333337
0 0.21067924528301887 0.46997916666666667 0.20811320754716983 0.07000000000000005
0 0.31945283018867926 0.5106979166666666 0.24673584905660373 0.08484375000000005
0 0.5011509433962265 0.08658333333333333 0.17613207547169815 0.06016666666666666
0 0.5800754716981132 0.9178333333333334 0.3213773584905661 0.08031249999999991
0 0.5154905660377358 0.04644791666666667 0.22643396226415094 0.05873958333333332