0 0.5082264150943396 0.857 0.26515094339622636 0.08359375
0 0.5474339622641509 0.7914791666666667 0.23575471698113215 0.06861458333333345
0 0.5819811320754716 0.7271041666666667 0.24016981132075466 0.06486458333333331
0 0.577811320754717 0.65934375 0.19949056603773588 0.05435416666666673
0 0.48173584905660377 0.047697916666666666 0.22837735849056598 0.04832291666666667
0 0.47 0.09057291666666667 0.1994528301886792 0.050729166666666686
0 0.4588301886792453 0.13175 0.18256603773584903 0.046791666666666655
0 0.43960377358490565 0.18328124999999998 0.1818301886792453 0.05460416666666668
0 0.4176603773584906 0.23508333333333334 0.18647169811320763 0.05106249999999998
0 0.4163207547169812 0.28247916666666667 0.1891698113207547 0.0536041666666667
0 0.41986792452830196 0.3327916666666667 0.20166037735849054 0.053041666666666626
0 0.4309056603773585 0.38547916666666665 0.22371698113207536 0.04232291666666666
0 0.45075471698113206 0.44321875 0.25264150943396235 0.056625000000000016
0 0.4942452830188679 0.4878645833333334 0.24898113207547176 0.06739583333333338
0 0.5487735849056604 0.53971875 0.28696226415094345 0.05021875000000004
0 0.5801509433962264 0.5940208333333333 0.2634528301886792 0.06060416666666673
0 0.4589433962264151 0.9121979166666667 0.3067735849056604 0.08333333333333333