0 0.48084905660377364 0.8841354166666666 0.26130188679245286 0.0823541666666666
0 0.5450377358490566 0.8221041666666667 0.2701698113207548 0.08329166666666671
0 0.5742075471698113 0.7479270833333334 0.24045283018867913 0.07381249999999989
0 0.6075094339622642 0.6769791666666667 0.22530188679245278 0.06733333333333344
0 0.5819245283018868 0.6198437499999999 0.23073584905660371 0.07111458333333331
0 0.5407547169811321 0.562625 0.19869811320754707 0.06559375000000003
0 0.4974150943396226 0.5074583333333333 0.18354716981132072 0.06858333333333337
0 0.4303773584905661 0.45679166666666665 0.1752641509433962 0.07520833333333338
0 0.3826415094339623 0.40439583333333334 0.17181132075471697 0.05688541666666668
0 0.35677358490566036 0.35980208333333336 0.18924528301886795 0.054520833333333366
0 0.35177358490566035 0.31292708333333336 0.14779245283018866 0.04409375000000004
0 0.36433962264150943 0.26967708333333335 0.18552830188679242 0.05482291666666666
0 0.3946603773584905 0.22074999999999997 0.17066037735849054 0.061135416666666664
0 0.4358301886792453 0.17623958333333334 0.13979245283018873 0.05544791666666669
0 0.47141509433962264 0.13307291666666668 0.15437735849056602 0.0628541666666667
0 0.5070188679245283 0.09282291666666667 0.16896226415094331 0.051802083333333325
0 0.4118867924528302 0.9558958333333333 0.2692452830188678 0.0694583333333334