0 0.47862264150943395 0.8679583333333334 0.268433962264151 0.06132291666666655
0 0.5050377358490566 0.8028020833333334 0.266566037735849 0.0714687499999999
0 0.5230188679245282 0.73053125 0.24060377358490562 0.0735937500000001
0 0.5128867924528302 0.6619062499999999 0.2383962264150944 0.07363541666666672
0 0.48177358490566036 0.5885625 0.2485094339622641 0.06292708333333343
0 0.45913207547169804 0.53090625 0.23986792452830188 0.05344791666666673
0 0.4392264150943397 0.476 0.2148490566037736 0.05563541666666663
0 0.4424716981132075 0.42623958333333334 0.24028301886792458 0.05986458333333336
0 0.48150943396226414 0.37102083333333336 0.255622641509434 0.059385416666666656
0 0.5024905660377358 0.31644791666666666 0.2235283018867925 0.05498958333333329
0 0.5329811320754717 0.2612395833333333 0.19432075471698115 0.05538541666666668
0 0.5700188679245284 0.21551041666666665 0.20045283018867927 0.05413541666666669
0 0.5865849056603774 0.17149999999999999 0.1717735849056603 0.04965625000000002
0 0.5824905660377359 0.126875 0.16839622641509433 0.04723958333333333
0 0.5939622641509434 0.08530208333333333 0.1530754716981132 0.04609375
0 0.5946981132075472 0.04699999999999999 0.17060377358490558 0.043062500000000004
0 0.4463773584905661 0.9277395833333333 0.3014339622641509 0.053385416666666664