0 0.572566037735849 0.1125625 0.20728301886792455 0.04571874999999999
0 0.561566037735849 0.15364583333333334 0.19366037735849054 0.050343749999999986
0 0.562622641509434 0.1999375 0.19156603773584902 0.05613541666666665
0 0.5767547169811321 0.24479166666666666 0.22196226415094336 0.06596875000000005
0 0.5861886792452831 0.29716666666666663 0.2093773584905661 0.06076041666666671
0 0.582 0.348375 0.20728301886792455 0.06481250000000002
0 0.5898679245283018 0.3958333333333333 0.2167169811320755 0.05555208333333338
0 0.6040188679245283 0.4482083333333333 0.21566037735849047 0.0653958333333333
0 0.6443962264150943 0.49768749999999995 0.23816981132075477 0.06829166666666661
0 0.6899811320754717 0.5538229166666666 0.26856603773584914 0.07870833333333328
0 0.7277169811320755 0.60503125 0.3000188679245283 0.078125
0 0.7340188679245282 0.6791041666666667 0.32518867924528305 0.07117708333333325
0 0.718811320754717 0.7491354166666666 0.2989811320754718 0.0908541666666667
0 0.6391132075471698 0.8194479166666666 0.294245283018868 0.09954166666666661
0 0.5437358490566038 0.8920729166666667 0.292188679245283 0.10358333333333339
0 0.5720754716981132 0.080625 0.2156415094339622 0.04104166666666667
0 0.5187169811320755 0.9531562499999999 0.4012075471698113 0.08809374999999993