0 0.6165849056603774 0.03559375 0.3162641509433962 0.04571875
0 0.5940943396226415 0.07089583333333334 0.31569811320754704 0.05497916666666667
0 0.5536981132075471 0.11603125 0.3351509433962264 0.06423958333333332
0 0.5023396226415094 0.16347916666666668 0.3624150943396227 0.0653958333333333
0 0.40905660377358494 0.20572916666666666 0.3456792452830189 0.07581249999999998
0 0.32732075471698113 0.25405208333333335 0.37294339622641515 0.0752291666666667
0 0.24347169811320754 0.3026666666666667 0.32475471698113206 0.07407291666666668
0 0.2251320754716981 0.3567708333333333 0.33839622641509437 0.05844791666666668
0 0.23403773584905666 0.4111666666666667 0.3247735849056604 0.07696874999999999
0 0.3100754716981132 0.4661458333333333 0.33658490566037735 0.08622916666666663
0 0.4169811320754717 0.5260416666666666 0.3554716981132075 0.10069791666666675
0 0.5296415094339623 0.5830416666666667 0.32301886792452816 0.0954895833333334
0 0.6244905660377359 0.64728125 0.4016603773584906 0.0920104166666666
0 0.672188679245283 0.71875 0.3628867924528303 0.08333333333333333
0 0.6601320754716982 0.7864583333333334 0.359754716981132 0.09143749999999998
0 0.5940377358490565 0.8697916666666666 0.40116981132075474 0.0925937500000001
0 0.5304528301886792 0.9510104166666667 0.5156226415094339 0.0979791666666666