0 0.34147169811320754 0.3870625 0.2398301886792453 0.05656249999999995
0 0.3246792452830189 0.4339375 0.2299245283018868 0.05171874999999997
0 0.33926415094339624 0.48605208333333333 0.23250943396226417 0.05090625000000001
0 0.38901886792452833 0.6593854166666666 0.24128301886792453 0.05817708333333324
0 0.4987735849056604 0.8452395833333333 0.23245283018867932 0.04847916666666663
0 0.48267924528301887 0.7923125 0.19441509433962256 0.05898958333333345
0 0.45560377358490567 0.741 0.19588679245283017 0.05333333333333338
0 0.4059056603773585 0.7034270833333333 0.19286792452830193 0.05090624999999989
0 0.36194339622641514 0.6072708333333333 0.23105660377358486 0.06545833333333324
0 0.34660377358490563 0.5470624999999999 0.22956603773584908 0.06626041666666656
0 0.3875660377358491 0.3434270833333333 0.22664150943396227 0.05817708333333336
0 0.4322075471698113 0.30140625000000004 0.19296226415094336 0.05333333333333338
0 0.4665849056603773 0.25898958333333333 0.1768679245283019 0.057375000000000044
0 0.49513207547169813 0.20686458333333332 0.1929245283018868 0.05980208333333336
0 0.5134150943396226 0.16686458333333334 0.19147169811320758 0.05898958333333333
0 0.5192641509433962 0.12484374999999999 0.1651320754716981 0.047677083333333314
0 0.5152452830188679 0.08115625 0.18756603773584898 0.050218750000000006