0 0.5155283018867924 0.031927083333333335 0.2143018867924529 0.04992708333333332
0 0.5412830188679245 0.0685 0.2132452830188679 0.04876041666666667
0 0.5523207547169812 0.10971874999999999 0.2121886792452831 0.05689583333333334
0 0.5554716981132075 0.15152083333333335 0.2121886792452831 0.052250000000000026
0 0.5439056603773584 0.20115625 0.21009433962264154 0.06211458333333333
0 0.5181509433962265 0.2502083333333333 0.22796226415094328 0.0626979166666666
0 0.47452830188679246 0.29723958333333333 0.21850943396226405 0.06269791666666673
0 0.4308867924528302 0.3471666666666666 0.24271698113207543 0.06154166666666671
0 0.4140566037735849 0.39998958333333334 0.2237924528301887 0.06037500000000004
0 0.43718867924528304 0.4551458333333333 0.2595283018867925 0.0661770833333333
0 0.5060566037735849 0.5126145833333333 0.24375471698113196 0.07314583333333337
0 0.5796603773584906 0.5668958333333334 0.2437358490566039 0.07488541666666677
0 0.6432641509433963 0.6234999999999999 0.2678867924528302 0.07431249999999992
0 0.6706037735849056 0.6934479166666667 0.2783962264150945 0.08534375000000007
0 0.6401132075471698 0.76340625 0.2973396226415095 0.07779166666666673
0 0.5617924528301886 0.8313333333333334 0.3005094339622641 0.08823958333333337
0 0.4902830188679246 0.8948958333333333 0.33416981132075474 0.08882291666666665