0 0.503 0.7635520833333334 0.21128301886792455 0.07729166666666672
0 0.48815094339622644 0.6965520833333334 0.20669811320754708 0.07870833333333328
0 0.4674150943396227 0.6305729166666667 0.19669811320754718 0.07174999999999988
0 0.4361132075471698 0.5747812499999999 0.19067924528301877 0.06654166666666678
0 0.4133773584905661 0.5270416666666667 0.2132264150943396 0.050010416666666654
0 0.36633962264150943 0.47422916666666665 0.18590566037735853 0.05656249999999995
0 0.3478679245283019 0.4247708333333333 0.20701886792452837 0.05058333333333328
0 0.3331509433962264 0.3754166666666666 0.21532075471698114 0.05604166666666662
0 0.339811320754717 0.31855208333333335 0.19671698113207545 0.056104166666666684
0 0.3639622641509434 0.2754270833333334 0.19856603773584908 0.07242708333333331
0 0.39952830188679245 0.23190625 0.18550943396226402 0.0735104166666666
0 0.42839622641509434 0.18234375 0.1837169811320755 0.06981249999999999
0 0.4490566037735849 0.13665625 0.18354716981132072 0.05133333333333331
0 0.4954528301886792 0.09361458333333333 0.16313207547169817 0.056937499999999995
0 0.5272830188679245 0.051708333333333335 0.18526415094339613 0.04604166666666668
0 0.5307924528301887 0.8390520833333334 0.21869811320754712 0.051968750000000105
0 0.5550566037735849 0.8925625 0.2559245283018868 0.05481249999999989