0 0.5123207547169811 0.86859375 0.29620754716981135 0.07380208333333324
0 0.5344150943396226 0.7944479166666666 0.2600188679245282 0.058447916666666565
0 0.548754716981132 0.7271979166666667 0.257245283018868 0.06263541666666678
0 0.5359999999999999 0.6572395833333334 0.25996226415094337 0.06509375
0 0.5077169811320754 0.5929791666666666 0.253377358490566 0.05888541666666664
0 0.4913396226415095 0.5357500000000001 0.21509433962264152 0.054427083333333334
0 0.4577735849056604 0.48181250000000003 0.2171132075471697 0.05351041666666667
0 0.459188679245283 0.42851041666666667 0.20805660377358487 0.05252083333333329
0 0.4676981132075472 0.37716666666666665 0.20099999999999996 0.048947916666666674
0 0.4836792452830189 0.331125 0.2032264150943397 0.052302083333333374
0 0.5197924528301887 0.28674999999999995 0.2110943396226415 0.054520833333333366
0 0.506 0.23605208333333336 0.16137735849056598 0.043281250000000014
0 0.5127547169811321 0.19509374999999998 0.17211320754716986 0.04233333333333332
0 0.5136037735849056 0.14517708333333335 0.17101886792452828 0.04640625000000001
0 0.49747169811320757 0.09823958333333334 0.16643396226415103 0.039624999999999994
0 0.4799433962264151 0.9466249999999999 0.3871132075471697 0.09095833333333327
0 0.49609433962264154 0.06236458333333333 0.18911320754716984 0.04310416666666668