0 0.5356037735849056 0.10608333333333334 0.1632452830188679 0.05054166666666668
0 0.5127358490566037 0.14727083333333332 0.18039622641509437 0.056541666666666636
0 0.5023018867924529 0.19367708333333333 0.17839622641509426 0.05213541666666668
0 0.4831320754716981 0.23913541666666666 0.22815094339622632 0.0527708333333333
0 0.45754716981132076 0.27890625 0.233566037735849 0.04897916666666665
0 0.4456792452830189 0.3235 0.22871698113207542 0.05135416666666662
0 0.4259622641509434 0.3706979166666667 0.2395660377358491 0.048520833333333374
0 0.42509433962264154 0.4170208333333333 0.24699999999999994 0.04741666666666665
0 0.44039622641509435 0.4667395833333333 0.2621509433962264 0.07426041666666663
0 0.4928679245283019 0.5166145833333333 0.2601698113207547 0.05975000000000001
0 0.5494716981132076 0.5683020833333334 0.27275471698113196 0.06685416666666673
0 0.5817735849056603 0.6324687499999999 0.2996226415094341 0.0616458333333334
0 0.5937924528301887 0.6910208333333333 0.2984905660377357 0.06765625000000004
0 0.575622641509434 0.75896875 0.30620754716981124 0.06118750000000001
0 0.5506037735849056 0.07064583333333332 0.1961320754716982 0.04564583333333332
0 0.5103018867924528 0.8262916666666666 0.30024528301886794 0.07237500000000002
0 0.5001886792452831 0.90075 0.33777358490566034 0.07525000000000001