0 0.4703962264150943 0.1125625 0.18949056603773576 0.06191666666666666
0 0.468811320754717 0.16001041666666668 0.1989245283018868 0.059604166666666694
0 0.4667169811320755 0.20833333333333334 0.22828301886792454 0.067125
0 0.46622641509433954 0.2583958333333333 0.2339245283018868 0.06886458333333335
0 0.4609433962264151 0.3098958333333333 0.2314150943396226 0.0653958333333333
0 0.4667169811320755 0.3666041666666667 0.20941509433962266 0.06770833333333333
0 0.4651509433962264 0.41840625000000004 0.20835849056603775 0.06018749999999997
0 0.47143396226415096 0.46961458333333334 0.2041698113207548 0.06770833333333333
0 0.4750943396226415 0.52575 0.20941509433962266 0.0653958333333333
0 0.47667924528301886 0.5813124999999999 0.20835849056603786 0.06886458333333323
0 0.4861132075471698 0.6400416666666667 0.23350943396226415 0.07176041666666677
0 0.4824339622641509 0.70428125 0.24713207547169816 0.0752291666666667
0 0.47928301886792457 0.7679375 0.24713207547169805 0.07407291666666656
0 0.47037735849056606 0.82928125 0.25237735849056603 0.06596874999999992
0 0.4557169811320755 0.8854166666666666 0.2607735849056603 0.07291666666666667
0 0.4486792452830189 0.9553541666666666 0.28867924528301886 0.07329166666666656
0 0.47013207547169805 0.06964583333333334 0.175 0.05106250000000001