0 0.4443584905660377 0.8545312500000001 0.32216981132075473 0.07229166666666677
0 0.47535849056603774 0.7824479166666667 0.3012075471698113 0.0608645833333334
0 0.5372264150943397 0.7186770833333332 0.3036226415094339 0.06317708333333343
0 0.550622641509434 0.6553020833333334 0.28456603773584915 0.05639583333333344
0 0.5314716981132076 0.5988854166666666 0.28558490566037736 0.06931249999999996
0 0.5036792452830189 0.5410416666666666 0.26828301886792444 0.05923958333333322
0 0.47824528301886793 0.48504166666666665 0.24464150943396232 0.06482291666666669
0 0.4399622641509434 0.4302708333333333 0.2400943396226415 0.056541666666666636
0 0.40109433962264157 0.3756145833333333 0.2311509433962264 0.06476041666666663
0 0.39747169811320754 0.32708333333333334 0.24026415094339618 0.06533333333333337
0 0.4186037735849057 0.27663541666666663 0.2203018867924528 0.053041666666666626
0 0.4779811320754717 0.22163541666666667 0.2244339622641509 0.05876041666666669
0 0.4722452830188679 0.17271875 0.19660377358490563 0.045906249999999996
0 0.4974528301886792 0.12927083333333333 0.21424528301886783 0.05120833333333336
0 0.4955849056603774 0.08825 0.2137924528301888 0.05234375
0 0.48590566037735844 0.05083333333333333 0.24749056603773578 0.04512499999999999
0 0.4073962264150943 0.9211770833333334 0.36515094339622645 0.08067708333333339