0 0.5584150943396226 0.03394791666666667 0.18801886792452827 0.05069791666666667
0 0.545188679245283 0.0721875 0.18024528301886789 0.048125000000000015
0 0.5265094339622641 0.11214583333333333 0.1677924528301886 0.05757291666666665
0 0.5125094339622641 0.15726041666666665 0.16156603773584904 0.053281249999999974
0 0.4914905660377359 0.2036666666666667 0.16935849056603772 0.06531249999999998
0 0.47515094339622643 0.257375 0.17092452830188676 0.06272916666666664
0 0.46347169811320754 0.30720833333333336 0.18492452830188677 0.06444791666666667
0 0.46426415094339624 0.35533333333333333 0.18649056603773592 0.059291666666666624
0 0.48060377358490564 0.40861458333333334 0.2036037735849057 0.0627291666666667
0 0.5163962264150943 0.455875 0.2067169811320756 0.07304166666666667
0 0.5825471698113207 0.5083020833333334 0.2331509433962263 0.08851041666666669
0 0.6362264150943396 0.5637291666666666 0.24403773584905666 0.0704687500000001
0 0.6759245283018868 0.62775 0.236245283018868 0.08335416666666665
0 0.6370188679245283 0.6823125 0.24869811320754706 0.08421874999999991
0 0.5560754716981132 0.7368854166666666 0.25805660377358486 0.0867916666666666
0 0.4774905660377358 0.7991875 0.26896226415094354 0.08250000000000005
0 0.4533584905660378 0.8674999999999999 0.30166037735849055 0.09366666666666675