0 0.486 0.7760208333333334 0.3596603773584906 0.0744479166666667
0 0.4945849056603773 0.70728125 0.3139056603773585 0.07933333333333342
0 0.5130188679245282 0.6413020833333333 0.3570943396226415 0.07238541666666667
0 0.5103018867924528 0.5743854166666666 0.40826415094339624 0.07047916666666675
0 0.49686792452830186 0.5124270833333333 0.34364150943396227 0.06810416666666666
0 0.4725660377358491 0.45521875 0.3579433962264151 0.07520833333333338
0 0.46184905660377357 0.40084375 0.30503773584905663 0.06714583333333338
0 0.4578490566037735 0.35033333333333333 0.28445283018867923 0.07030208333333335
0 0.49515094339622645 0.29825 0.28990566037735843 0.07029166666666668
0 0.5147358490566037 0.246 0.2850377358490567 0.07691666666666665
0 0.5641886792452829 0.20259375000000002 0.28333962264150936 0.05955208333333335
0 0.5854905660377359 0.15303125 0.26932075471698114 0.057645833333333306
0 0.6106603773584905 0.11176041666666668 0.2819056603773584 0.054958333333333324
0 0.5827735849056603 0.06978124999999999 0.2576037735849056 0.04738541666666667
0 0.44069811320754715 0.8440520833333333 0.3759433962264151 0.06467708333333325
0 0.4403962264150944 0.9204375 0.3879622641509434 0.08552083333333324
0 0.5510754716981132 0.03513541666666666 0.264622641509434 0.04148958333333333