0 0.5035849056603773 0.07566666666666667 0.24658490566037747 0.048354166666666656
0 0.5018679245283019 0.11396875 0.231811320754717 0.05086458333333332
0 0.5143773584905661 0.15729166666666666 0.21360377358490573 0.04960416666666667
0 0.5103962264150943 0.201875 0.22839622641509424 0.055885416666666646
0 0.4978867924528302 0.25272916666666667 0.23977358490566045 0.06843750000000005
0 0.49845283018867925 0.30641666666666667 0.24318867924528298 0.06279166666666663
0 0.49562264150943397 0.35790625 0.24886792452830184 0.05777083333333337
0 0.4887924528301887 0.41221875 0.2534150943396227 0.0671875
0 0.5013018867924528 0.46496875 0.2920754716981133 0.06969791666666664
0 0.48026415094339625 0.5290104166666667 0.30686792452830186 0.07973958333333328
0 0.4785471698113207 0.59934375 0.308 0.0671875
0 0.4751509433962265 0.6520833333333333 0.29435849056603774 0.06843750000000005
0 0.4751509433962264 0.7189583333333334 0.30118867924528303 0.07158333333333336
0 0.4802641509433962 0.7808020833333333 0.31824528301886795 0.07220833333333326
0 0.47628301886792457 0.8454791666666667 0.3148301886792453 0.07597916666666672
0 0.485377358490566 0.9220833333333334 0.3216415094339623 0.08099999999999999
0 0.5101509433962264 0.036458333333333336 0.28518867924528296 0.058031250000000006