0 0.5923207547169811 0.081625 0.19967924528301895 0.04310416666666666
0 0.5810943396226416 0.1195 0.19139622641509443 0.05355208333333336
0 0.5556603773584906 0.16194791666666666 0.19494339622641496 0.06138541666666667
0 0.5219433962264151 0.2141875 0.22215094339622643 0.06660416666666666
0 0.4569056603773584 0.2696979166666667 0.22216981132075472 0.05615624999999997
0 0.4302830188679245 0.3114895833333333 0.20916981132075474 0.061385416666666616
0 0.4320566037735849 0.36504166666666665 0.219811320754717 0.05746874999999996
0 0.449811320754717 0.41826041666666663 0.2363584905660377 0.0672604166666666
0 0.49888679245283024 0.46919791666666666 0.2446415094339622 0.06987500000000005
0 0.5479622641509434 0.5198125 0.24581132075471693 0.0731354166666667
0 0.6053207547169811 0.5740104166666666 0.24933962264150938 0.07183333333333337
0 0.6277924528301887 0.6295208333333334 0.25169811320754715 0.07575000000000003
0 0.6100566037735848 0.6918854166666667 0.2682641509433961 0.08032291666666656
0 0.5834528301886793 0.739875 0.2670943396226414 0.08097916666666667
0 0.536132075471698 0.8136666666666666 0.29075471698113214 0.08489583333333334
0 0.4799622641509434 0.8708125 0.2730188679245284 0.08162499999999989
0 0.45571698113207554 0.9230520833333333 0.2907735849056604 0.08032291666666656