0 0.621056603773585 0.8006041666666667 0.2159056603773584 0.07198958333333323
0 0.6034150943396226 0.7338020833333334 0.20218867924528297 0.051468750000000084
0 0.5545283018867924 0.67253125 0.2068301886792453 0.06584375000000003
0 0.4938867924528302 0.6136354166666667 0.20069811320754719 0.07006249999999999
0 0.4400943396226415 0.5556145833333334 0.21515094339622637 0.0671145833333334
0 0.41986792452830196 0.4898854166666667 0.20166037735849054 0.060666666666666674
0 0.4049245283018868 0.4409895833333334 0.20705660377358492 0.061093749999999974
0 0.40173584905660376 0.39440625 0.1742264150943396 0.054218749999999954
0 0.4126415094339622 0.3454375 0.19162264150943406 0.06019791666666663
0 0.4293018867924529 0.298375 0.18279245283018866 0.07049999999999995
0 0.45956603773584903 0.25976041666666666 0.15167924528301885 0.055781249999999956
0 0.4806415094339623 0.20857291666666666 0.18305660377358488 0.06352083333333335
0 0.5018490566037737 0.16976041666666666 0.1553584905660378 0.05731249999999998
0 0.5094339622641509 0.12479166666666665 0.1597735849056605 0.04179166666666667
0 0.5013584905660378 0.08077083333333333 0.17594339622641508 0.046
0 0.6015849056603773 0.8758020833333333 0.26467924528301884 0.06762500000000007
0 0.5936981132075472 0.9412187500000001 0.3013396226415095 0.08184374999999994