0 0.488433962264151 0.8006458333333334 0.25758490566037734 0.04730208333333342
0 0.4659811320754717 0.7468958333333333 0.25673584905660374 0.047458333333333276
0 0.4301132075471698 0.6821041666666667 0.2541509433962264 0.060239583333333256
0 0.38664150943396225 0.6155729166666667 0.23243396226415095 0.0607083333333333
0 0.3776415094339623 0.5576562500000001 0.2687169811320755 0.04743749999999996
0 0.37650943396226416 0.5078541666666667 0.25386792452830204 0.055479166666666656
0 0.3859433962264151 0.4566354166666667 0.2349999999999999 0.05373958333333337
0 0.42067924528301887 0.41102083333333334 0.22269811320754723 0.0597291666666667
0 0.4296792452830189 0.3614583333333333 0.22184905660377355 0.05783333333333331
0 0.44954716981132076 0.3177395833333333 0.20498113207547167 0.05371875000000005
0 0.4761320754716981 0.27464583333333337 0.22041509433962264 0.057822916666666654
0 0.488433962264151 0.2295104166666667 0.20726415094339626 0.04392708333333335
0 0.5157358490566037 0.18610416666666665 0.19269811320754715 0.06128124999999998
0 0.5101509433962264 0.14348958333333334 0.1752641509433962 0.045500000000000006
0 0.5101509433962264 0.10055208333333333 0.1752641509433962 0.04296875
0 0.4743207547169811 0.8355520833333333 0.3167735849056604 0.05999999999999991
0 0.46232075471698114 0.90015625 0.3282075471698113 0.08287499999999995