0 0.5735471698113208 0.0725625 0.25456603773584896 0.054708333333333345
0 0.5381698113207547 0.11973958333333336 0.22222641509433957 0.06419791666666666
0 0.4936792452830188 0.16355208333333332 0.24043396226415106 0.07927083333333336
0 0.4552641509433962 0.20820833333333333 0.23439622641509436 0.0714479166666667
0 0.39560377358490556 0.24952083333333333 0.3051698113207547 0.0792708333333333
0 0.3000754716981132 0.29027083333333337 0.27588679245283015 0.06474999999999996
0 0.25154716981132075 0.33045833333333335 0.26983018867924524 0.07480208333333328
0 0.22932075471698118 0.38684375 0.2981320754716981 0.06810416666666666
0 0.24043396226415095 0.43763541666666667 0.2920754716981132 0.08038541666666663
0 0.28545283018867923 0.49624999999999997 0.29530188679245284 0.0926666666666667
0 0.36784905660377354 0.5534687500000001 0.2700566037735849 0.10885416666666667
0 0.4745094339622642 0.6162604166666666 0.3216415094339623 0.097125
0 0.5563962264150943 0.6782291666666667 0.3156037735849056 0.08596874999999997
0 0.6094716981132076 0.74828125 0.34290566037735853 0.08763541666666655
0 0.5912264150943397 0.8364791666666667 0.33239622641509425 0.09768749999999997
0 0.5628490566037736 0.034604166666666665 0.2719433962264151 0.0519375
0 0.5434716981132076 0.92325 0.47613207547169817 0.10206250000000001