0 0.5280566037735849 0.11573958333333333 0.20249056603773574 0.06944791666666665
0 0.5616037735849057 0.14988541666666666 0.1941132075471698 0.06365625000000001
0 0.5993207547169811 0.17621874999999998 0.20671698113207537 0.06655208333333332
0 0.6470188679245283 0.20514583333333333 0.20358490566037732 0.06423958333333335
0 0.6884150943396227 0.23466666666666663 0.2109245283018867 0.06770833333333333
0 0.7403018867924529 0.2688125 0.22666037735849057 0.061916666666666606
0 0.7649245283018868 0.30555208333333334 0.22562264150943404 0.05670833333333327
0 0.7727924528301886 0.34345833333333337 0.2308679245283019 0.0653958333333333
0 0.7764528301886792 0.40393749999999995 0.22143396226415096 0.0763854166666667
0 0.7596415094339622 0.45196875 0.23762264150943407 0.08912499999999994
0 0.6747547169811321 0.49450000000000005 0.21249056603773586 0.08969791666666656
0 0.5437547169811321 0.5289375 0.21462264150943397 0.09606250000000002
0 0.43266037735849056 0.5697291666666667 0.23562264150943396 0.0920104166666666
0 0.34199999999999997 0.6218125000000001 0.255566037735849 0.08738541666666677
0 0.27858490566037736 0.6767916666666667 0.24615094339622637 0.0769687500000001
0 0.2544716981132076 0.7471041666666667 0.26292452830188684 0.07176041666666677
0 0.24975471698113208 0.818 0.2870377358490566 0.07581249999999998