0 0.5939811320754717 0.042395833333333334 0.2764716981132075 0.05882291666666666
0 0.5919056603773585 0.08746875 0.2723207547169812 0.06035416666666667
0 0.5912264150943397 0.13751041666666666 0.26264150943396236 0.06569791666666666
0 0.6009056603773585 0.19098958333333332 0.29307547169811327 0.05958333333333332
0 0.5898301886792453 0.2349166666666667 0.30137735849056607 0.06645833333333334
0 0.5974528301886792 0.2922083333333333 0.29722641509433956 0.07563541666666668
0 0.6078301886792452 0.34721874999999996 0.3152075471698112 0.07563541666666668
0 0.5905283018867925 0.4014583333333333 0.2889245283018868 0.08173958333333337
0 0.6016037735849057 0.4690625 0.30275471698113215 0.07639583333333337
0 0.587754716981132 0.53553125 0.28339622641509443 0.07028125000000003
0 0.5891509433962264 0.5947291666666668 0.31383018867924534 0.06952083333333334
0 0.6417169811320755 0.6661666666666667 0.33871698113207543 0.08251041666666671
0 0.6929056603773585 0.7364479166666666 0.34701886792452824 0.07792708333333327
0 0.576 0.78725 0.3041509433962265 0.0893854166666666
0 0.47777358490566035 0.8582916666666667 0.29864150943396234 0.08173958333333337
0 0.38367924528301883 0.9205625000000001 0.35122641509433966 0.09778124999999989
0 0.2581509433962264 0.9516354166666667 0.368811320754717 0.09375