0 0.4397924528301887 0.039552083333333335 0.25435849056603776 0.045208333333333336
0 0.45962264150943394 0.07416666666666667 0.2505094339622642 0.045208333333333336
0 0.4730566037735849 0.10453124999999999 0.23900000000000002 0.053677083333333334
0 0.517188679245283 0.1444375 0.23515094339622641 0.06286458333333336
0 0.5530188679245284 0.196 0.26328301886792443 0.07416666666666666
0 0.6041698113207546 0.24085416666666667 0.28118867924528296 0.07063541666666667
0 0.6438301886792454 0.2839375 0.2914150943396227 0.07063541666666673
0 0.6790188679245283 0.3485625 0.3080188679245283 0.08405208333333339
0 0.6706981132075472 0.41071875 0.2990754716981132 0.08546874999999995
0 0.6303962264150944 0.47746875 0.31826415094339633 0.08193749999999997
0 0.5773207547169812 0.5428020833333334 0.317 0.08405208333333339
0 0.5210377358490565 0.60884375 0.2888867924528302 0.07628125000000002
0 0.5037547169811321 0.6547499999999999 0.2978301886792453 0.07204166666666675
0 0.48520754716981135 0.6999583333333333 0.28632075471698115 0.07204166666666675
0 0.5018490566037737 0.7709375 0.31447169811320747 0.08969791666666656
0 0.5069622641509434 0.8465208333333333 0.32213207547169814 0.08687500000000009
0 0.5203773584905661 0.9160833333333334 0.3617924528301887 0.08334375