0 0.5993584905660377 0.8025312499999999 0.31592452830188666 0.07192708333333328
0 0.5874905660377359 0.7224375 0.3110754716981132 0.06796875
0 0.5613396226415094 0.6528229166666667 0.27762264150943394 0.07143749999999992
0 0.4895660377358491 0.58740625 0.2724528301886792 0.07916666666666666
0 0.419377358490566 0.5308229166666666 0.2641509433962264 0.08184375000000005
0 0.3453396226415094 0.4770729166666667 0.22926415094339622 0.059895833333333336
0 0.3040188679245283 0.42254166666666665 0.2661509433962264 0.05846874999999999
0 0.2612830188679245 0.36935416666666665 0.23726415094339623 0.07014583333333337
0 0.2652830188679245 0.3234166666666667 0.19494339622641507 0.05466666666666668
0 0.2744339622641509 0.27457291666666667 0.1880943396226415 0.05766666666666668
0 0.32660377358490567 0.23242708333333334 0.19809433962264153 0.05670833333333333
0 0.37277358490566037 0.19526041666666666 0.20298113207547167 0.05529166666666665
0 0.43724528301886795 0.15390625 0.20554716981132085 0.05591666666666668
0 0.47928301886792457 0.11484375 0.20154716981132073 0.06459374999999999
0 0.5160188679245283 0.08059375 0.23100000000000012 0.044697916666666664
0 0.5710566037735849 0.8734895833333333 0.35415094339622627 0.07784375000000002
0 0.5363396226415094 0.04434375 0.23371698113207548 0.049083333333333326