0 0.4887358490566037 0.05527083333333334 0.16688679245283028 0.0375
0 0.5016037735849057 0.08726041666666666 0.18035849056603778 0.03302083333333332
0 0.5128679245283019 0.12316666666666666 0.15783018867924525 0.04233333333333335
0 0.5367547169811321 0.1655625 0.14924528301886797 0.04677083333333331
0 0.5387169811320754 0.20729166666666668 0.16983018867924526 0.04985416666666668
0 0.5501132075471699 0.251375 0.17645283018867922 0.042802083333333366
0 0.553188679245283 0.30148958333333337 0.20952830188679236 0.05075000000000003
0 0.5507358490566038 0.35091666666666665 0.20462264150943404 0.05735416666666661
0 0.5491320754716982 0.40068750000000003 0.21762264150943403 0.04974999999999999
0 0.549377358490566 0.4501875 0.20732075471698114 0.05351041666666667
0 0.5607735849056603 0.5060416666666667 0.21394339622641506 0.05808333333333333
0 0.6102830188679245 0.56534375 0.23747169811320756 0.06657291666666675
0 0.6472830188679245 0.6271562500000001 0.24188679245283007 0.05923958333333322
0 0.6764528301886792 0.693625 0.26198113207547175 0.06420833333333344
0 0.6873396226415095 0.7574687499999999 0.3039056603773586 0.07173958333333345
0 0.6564716981132076 0.82434375 0.29213207547169817 0.07860416666666671
0 0.6171509433962263 0.8946666666666666 0.2727547169811322 0.07045833333333344