0 0.48871698113207546 0.8584895833333334 0.30849056603773584 0.08314583333333327
0 0.5147358490566037 0.78825 0.2850377358490567 0.08155208333333329
0 0.5454528301886792 0.7238541666666667 0.3036415094339622 0.07460416666666679
0 0.5653396226415094 0.6522708333333332 0.29820754716981124 0.06307291666666662
0 0.5579056603773584 0.5878020833333333 0.29590566037735855 0.06259374999999992
0 0.5137358490566037 0.5278958333333333 0.2641698113207547 0.07189583333333331
0 0.4932830188679245 0.46799999999999997 0.24215094339622648 0.05910416666666667
0 0.4835660377358491 0.4138645833333333 0.24443396226415107 0.07583333333333328
0 0.49900000000000005 0.35964583333333333 0.25358490566037734 0.06114583333333338
0 0.5025849056603774 0.3039270833333333 0.2292830188679245 0.07471875000000001
0 0.5115849056603773 0.24308333333333335 0.22843396226415083 0.060656250000000016
0 0.5063018867924528 0.1943125 0.19898113207547177 0.06033333333333335
0 0.5190188679245282 0.14466666666666667 0.16783018867924537 0.06174999999999997
0 0.5257358490566038 0.10442708333333334 0.18869811320754715 0.05069791666666668
0 0.5114339622641509 0.06338541666666667 0.17154716981132068 0.038072916666666665
0 0.5242075471698113 0.033854166666666664 0.18350943396226413 0.036458333333333336
0 0.46760377358490574 0.9322916666666666 0.3344528301886792 0.06510416666666667