0 0.49764150943396224 0.05266666666666667 0.16854716981132084 0.04745833333333334
0 0.4986981132075472 0.09345833333333334 0.1727358490566037 0.053822916666666686
0 0.5044528301886793 0.13455208333333332 0.17798113207547178 0.057291666666666664
0 0.5023584905660378 0.17997916666666666 0.19475471698113211 0.06018750000000003
0 0.49922641509433957 0.23090624999999998 0.20943396226415095 0.059031250000000014
0 0.5007924528301887 0.2760416666666667 0.2062830188679246 0.06365625000000001
0 0.5112641509433963 0.32898958333333334 0.19579245283018865 0.06770833333333333
0 0.5338301886792453 0.37153125000000004 0.20771698113207554 0.06712499999999993
0 0.5573773584905661 0.42303125 0.2251320754716982 0.07291666666666667
0 0.5505849056603773 0.4811875 0.21988679245283013 0.07581249999999998
0 0.5458679245283019 0.5364583333333334 0.20835849056603764 0.06481250000000002
0 0.5196603773584906 0.5957708333333334 0.20207547169811324 0.07002083333333337
0 0.4876981132075472 0.6576979166666667 0.2178113207547171 0.0792812499999999
0 0.46252830188679245 0.7283020833333332 0.2450754716981132 0.07002083333333337
0 0.46254716981132077 0.79571875 0.2324905660377358 0.08217708333333344
0 0.4698679245283019 0.8689270833333332 0.29537735849056607 0.08043750000000002
0 0.4797924528301887 0.9281145833333333 0.37422641509433957 0.08418749999999993