0 0.48684905660377353 0.8605416666666666 0.26073584905660385 0.08851041666666669
0 0.5143018867924528 0.7989895833333333 0.24015094339622636 0.06956249999999997
0 0.554754716981132 0.7406666666666666 0.2393018867924529 0.05361458333333336
0 0.557622641509434 0.6776875 0.24501886792452832 0.059604166666666694
0 0.5214528301886793 0.6090312499999999 0.25445283018867926 0.061177083333333354
0 0.5013018867924528 0.5538645833333333 0.22043396226415102 0.05154166666666669
0 0.47871698113207545 0.49341666666666667 0.22556603773584907 0.05563541666666663
0 0.479 0.44558333333333333 0.21356603773584915 0.05026041666666667
0 0.483433962264151 0.38166666666666665 0.21613207547169802 0.061302083333333354
0 0.48884905660377354 0.3396770833333333 0.2395849056603774 0.05372916666666671
0 0.5253018867924529 0.28854166666666664 0.21815094339622643 0.0486666666666667
0 0.5296037735849056 0.24244791666666668 0.16383018867924537 0.03982291666666669
0 0.539320754716981 0.18815625 0.1958490566037735 0.06317708333333331
0 0.5231698113207547 0.14064583333333333 0.1938490566037736 0.047708333333333346
0 0.5044339622641509 0.09842708333333333 0.19126415094339624 0.046916666666666655
0 0.4361698113207547 0.9323854166666667 0.2642075471698114 0.06851041666666664
0 0.49713207547169813 0.058916666666666666 0.18499999999999991 0.03789583333333333