0 0.4448679245283019 0.8837499999999999 0.3220377358490566 0.08010416666666677
0 0.5243207547169811 0.8165625 0.3325094339622642 0.07147916666666679
0 0.6127169811320755 0.74653125 0.2994528301886793 0.0716979166666666
0 0.6511320754716982 0.6874791666666666 0.24456603773584906 0.06350000000000004
0 0.6600943396226415 0.6249166666666667 0.2778301886792453 0.06687500000000005
0 0.6283396226415094 0.5562604166666667 0.28271698113207555 0.07382291666666656
0 0.5616603773584906 0.5098541666666666 0.2975660377358491 0.06895833333333339
0 0.46896226415094344 0.461625 0.2695660377358491 0.06606249999999995
0 0.4063018867924528 0.41096875 0.2142830188679245 0.05658333333333339
0 0.4062452830188679 0.3673541666666667 0.2823018867924528 0.07442708333333338
0 0.41826415094339625 0.3119895833333333 0.2781886792452829 0.06680208333333333
0 0.44522641509433963 0.2544166666666667 0.26518867924528305 0.05205208333333336
0 0.47571698113207544 0.23022916666666668 0.2274150943396226 0.060531250000000016
0 0.5127547169811321 0.18291666666666667 0.22879245283018868 0.06577083333333332
0 0.519056603773585 0.13448958333333336 0.17375471698113212 0.048885416666666674
0 0.5340566037735849 0.09758333333333334 0.1513018867924527 0.04018749999999998
0 0.43618867924528304 0.94515625 0.261377358490566 0.06348958333333338