0 0.4383962264150944 0.85990625 0.34620754716981134 0.08030208333333325
0 0.4418301886792453 0.7823333333333333 0.3279245283018868 0.0744479166666667
0 0.4722830188679245 0.7172291666666666 0.3070566037735849 0.06576041666666678
0 0.5037358490566038 0.6608020833333333 0.3070566037735849 0.07443750000000003
0 0.5420377358490566 0.6014479166666666 0.2704716981132076 0.06685416666666673
0 0.5599056603773584 0.54296875 0.2747547169811321 0.05754166666666668
0 0.5453962264150943 0.48633333333333334 0.23430188679245273 0.06435416666666664
0 0.5505471698113208 0.42990625 0.23830188679245273 0.05566666666666661
0 0.5528301886792453 0.37853125 0.2460188679245283 0.053468750000000044
0 0.5450377358490566 0.3208854166666667 0.25873584905660374 0.0598541666666667
0 0.5396792452830188 0.26690625 0.263754716981132 0.06994791666666664
0 0.5330943396226415 0.21836458333333333 0.23401886792452825 0.05968750000000001
0 0.5435283018867925 0.17559375 0.22743396226415089 0.06788541666666668
0 0.5503962264150943 0.12216666666666667 0.22228301886792465 0.054781249999999976
0 0.5446792452830189 0.08215625 0.24230188679245276 0.05114583333333333
0 0.5482452830188679 0.04084375 0.24658490566037725 0.05011458333333333
0 0.44628301886792454 0.9181041666666666 0.47211320754716973 0.08994791666666657