0 0.5301320754716982 0.14959375000000003 0.19577358490566035 0.0653958333333333
0 0.5333018867924528 0.19184374999999998 0.2129811320754717 0.07465625000000002
0 0.4661886792452831 0.23263541666666668 0.21466037735849053 0.089125
0 0.41326415094339625 0.261 0.23667924528301887 0.09375
0 0.353 0.2832708333333333 0.22935849056603774 0.0943333333333334
0 0.27177358490566034 0.30700000000000005 0.20528301886792455 0.08507291666666662
0 0.2518679245283019 0.34461458333333334 0.23881132075471698 0.06886458333333335
0 0.21832075471698112 0.39438541666666665 0.22835849056603774 0.06886458333333335
0 0.22671698113207547 0.44907291666666665 0.2220566037735849 0.07754166666666672
0 0.269188679245283 0.5124375 0.25273584905660373 0.0630833333333334
0 0.31056603773584907 0.5758125 0.20526415094339626 0.08448958333333323
0 0.3949622641509434 0.6333958333333333 0.22969811320754718 0.09433333333333328
0 0.4824716981132076 0.69096875 0.2391698113207547 0.09837500000000006
0 0.5616037735849057 0.7540520833333333 0.2213773584905661 0.09606250000000002
0 0.5788867924528301 0.83159375 0.23709433962264145 0.10069791666666675
0 0.5351698113207547 0.10341666666666667 0.1857169811320756 0.05170833333333332
0 0.5282830188679245 0.06532291666666666 0.18150943396226424 0.05198958333333333