0 0.4977169811320755 0.0446875 0.21916981132075466 0.049843750000000006
0 0.4837169811320755 0.07948958333333334 0.21607547169811317 0.04726041666666667
0 0.49071698113207546 0.12589583333333335 0.2425283018867924 0.05929166666666665
0 0.5078490566037737 0.17616666666666667 0.22696226415094334 0.06359375000000002
0 0.5374150943396226 0.223 0.2331698113207548 0.06616666666666665
0 0.5724339622641509 0.26983333333333337 0.23471698113207543 0.06359374999999995
0 0.6214528301886793 0.3145208333333333 0.26428301886792444 0.06875
0 0.679811320754717 0.35233333333333333 0.26583018867924524 0.07218749999999995
0 0.7397358490566037 0.3974479166666667 0.25181132075471707 0.06616666666666665
0 0.7817547169811321 0.45158333333333334 0.2766981132075471 0.0696041666666666
0 0.8027735849056604 0.5130208333333334 0.275132075471698 0.07906250000000009
0 0.7755283018867924 0.5710312500000001 0.28915094339622643 0.07647916666666674
0 0.7000566037735848 0.6350520833333333 0.2938301886792453 0.09453125
0 0.6035471698113207 0.6857500000000001 0.2814150943396226 0.1048437500000001
0 0.48605660377358495 0.7463333333333334 0.29232075471698127 0.0971041666666667
0 0.40979245283018867 0.8133645833333334 0.3110188679245284 0.0971041666666667
0 0.36152830188679247 0.8739479166666667 0.339056603773585 0.07734375