0 0.5217547169811321 0.10532291666666667 0.19160377358490557 0.059031249999999987
0 0.5222830188679245 0.14785416666666668 0.20732075471698114 0.04918750000000003
0 0.5034150943396226 0.18605208333333334 0.19475471698113211 0.0515
0 0.4887735849056604 0.22685416666666666 0.17626415094339615 0.06481249999999997
0 0.44839622641509436 0.2630208333333333 0.18952830188679243 0.0653958333333333
0 0.40384905660377357 0.3093125 0.19686792452830185 0.07233333333333328
0 0.36664150943396223 0.35271875 0.2021320754716981 0.06076041666666671
0 0.35667924528301886 0.401625 0.2346226415094339 0.06018749999999997
0 0.3530188679245283 0.4479166666666667 0.22309433962264152 0.06596875000000005
0 0.3860566037735849 0.5017395833333333 0.24541509433962252 0.06829166666666672
0 0.4101698113207547 0.5616354166666666 0.24541509433962252 0.061916666666666724
0 0.43213207547169813 0.62153125 0.24298113207547176 0.07870833333333328
0 0.44369811320754715 0.6811354166666667 0.2517169811320755 0.0763854166666666
0 0.4431509433962264 0.74884375 0.25660377358490566 0.07176041666666677
0 0.4279433962264151 0.8101875 0.2723207547169812 0.06712500000000006
0 0.4085471698113208 0.8695 0.30064150943396223 0.0769687500000001
0 0.39307547169811324 0.93371875 0.3333584905660377 0.07167708333333328