0 0.5571132075471698 0.8289375 0.260509433962264 0.07211458333333336
0 0.5117735849056604 0.7556354166666667 0.2335471698113207 0.05646875000000004
0 0.4768490566037736 0.6967395833333333 0.2347547169811321 0.06068749999999999
0 0.42845283018867925 0.6301979166666667 0.22862264150943398 0.05856250000000003
0 0.4261320754716981 0.5690000000000001 0.2626981132075471 0.0700833333333333
0 0.43750943396226416 0.5047604166666666 0.23009433962264159 0.060656250000000016
0 0.4468301886792453 0.45870833333333333 0.18698113207547173 0.0608125
0 0.49056603773584906 0.40157291666666667 0.19750943396226428 0.05069791666666663
0 0.49939622641509435 0.34902083333333334 0.20437735849056612 0.05572916666666667
0 0.5794150943396226 0.9065104166666667 0.29432075471698116 0.057604166666666616
0 0.49449056603773583 0.30594791666666665 0.19456603773584907 0.04993749999999994
0 0.49609433962264154 0.25921875 0.18158490566037738 0.04875000000000001
0 0.5084528301886793 0.21614583333333334 0.14703773584905672 0.04295833333333334
0 0.5134905660377358 0.17077083333333334 0.15169811320754711 0.044468749999999994
0 0.5147169811320755 0.11890625 0.154132075471698 0.05085416666666666
0 0.49792452830188677 0.07028125 0.1583018867924528 0.039927083333333314
0 0.47941509433962265 0.036947916666666664 0.1992075471698113 0.050624999999999996