0 0.41673584905660377 0.0509375 0.1929056603773585 0.04210416666666667
0 0.4296603773584905 0.08964583333333334 0.1818301886792453 0.047541666666666656
0 0.43581132075471696 0.13005208333333332 0.16707547169811324 0.045500000000000006
0 0.44564150943396225 0.17216666666666666 0.1695283018867925 0.04686458333333334
0 0.4437924528301887 0.21902083333333333 0.2002830188679246 0.055010416666666666
0 0.44256603773584907 0.2682604166666666 0.20273584905660386 0.0543333333333333
0 0.46469811320754717 0.32259375 0.21258490566037738 0.0543333333333333
0 0.4800754716981132 0.36504166666666665 0.19903773584905662 0.052291666666666715
0 0.4997547169811321 0.4183541666666667 0.2113396226415094 0.06247916666666668
0 0.5182075471698113 0.47404166666666664 0.1941132075471698 0.057052083333333316
0 0.5206792452830188 0.5273541666666667 0.2064150943396226 0.05636458333333323
0 0.500377358490566 0.58203125 0.212566037735849 0.06384374999999996
0 0.49300000000000005 0.6462083333333334 0.22241509433962264 0.07131250000000004
0 0.4831509433962264 0.70903125 0.2174905660377358 0.06655208333333344
0 0.46777358490566034 0.7766041666666667 0.24579245283018875 0.07945833333333331
0 0.46777358490566034 0.8547083333333333 0.2359433962264151 0.07403124999999994
0 0.477 0.9192291666666667 0.2839245283018868 0.06315625000000011