0 0.47249056603773587 0.08535416666666666 0.19788679245283017 0.05844791666666668
0 0.4630566037735849 0.13107291666666668 0.20416981132075468 0.059604166666666666
0 0.48350943396226415 0.18489583333333334 0.20352830188679247 0.07581249999999998
0 0.5264905660377359 0.22916666666666666 0.2203207547169811 0.07870833333333328
0 0.5746981132075472 0.2763333333333333 0.19098113207547174 0.08043750000000002
0 0.6187169811320755 0.3208958333333333 0.19309433962264158 0.07928125000000001
0 0.6716415094339623 0.3625625 0.18996226415094353 0.08159375000000005
0 0.7250943396226416 0.40595833333333337 0.2025471698113208 0.09316666666666672
0 0.7691132075471698 0.45659374999999996 0.23611320754716977 0.0810208333333333
0 0.7654528301886793 0.51128125 0.24552830188679245 0.08274999999999993
0 0.7407924528301887 0.5772604166666666 0.22924528301886793 0.0920104166666666
0 0.6915283018867925 0.6333958333333333 0.22716981132075467 0.0954895833333334
0 0.5882830188679246 0.6860520833333333 0.23452830188679236 0.11284374999999992
0 0.49186792452830186 0.739875 0.23456603773584916 0.10706249999999998
0 0.40645283018867917 0.8133645833333334 0.23773584905660378 0.09780208333333344
0 0.474811320754717 0.04755208333333334 0.21594339622641506 0.04980208333333334
0 0.36869811320754714 0.8751979166666667 0.3169245283018867 0.08259374999999997