0 0.672377358490566 0.03371875 0.2697735849056604 0.05221875000000001
0 0.6799622641509434 0.07197916666666666 0.27988679245283027 0.050406249999999986
0 0.6960566037735849 0.11167708333333333 0.2831698113207548 0.05438541666666667
0 0.6907924528301886 0.15701041666666665 0.2726603773584905 0.06744791666666666
0 0.6930566037735849 0.21284375000000003 0.26384905660377367 0.06527083333333336
0 0.6835471698113207 0.259625 0.27239622641509437 0.059468750000000035
0 0.6717169811320755 0.31763541666666667 0.2829056603773586 0.06091666666666669
0 0.6671132075471699 0.3734791666666667 0.2881509433962265 0.06382291666666665
0 0.6533207547169811 0.43022916666666666 0.28028301886792445 0.06417708333333334
0 0.6418301886792454 0.4869791666666667 0.2980188679245282 0.07252083333333334
0 0.6224528301886793 0.5484375 0.3131320754716982 0.06853124999999996
0 0.6043962264150943 0.6137083333333333 0.347943396226415 0.07722916666666677
0 0.5686037735849057 0.6798749999999999 0.32628301886792466 0.07759375
0 0.5380754716981132 0.7415208333333333 0.34926415094339625 0.07832291666666673
0 0.4927547169811321 0.8020729166666667 0.3913018867924528 0.08775000000000001
0 0.4517169811320755 0.8664375 0.38803773584905665 0.06199999999999998
0 0.4325094339622642 0.9373229166666667 0.5061132075471698 0.09580208333333336