0 0.5691509433962264 0.03860416666666667 0.24275471698113202 0.05690625
0 0.5459811320754717 0.07896875 0.22837735849056598 0.05911458333333333
0 0.5064339622641509 0.11690625 0.2307735849056605 0.06440625000000001
0 0.4536981132075472 0.15991666666666668 0.21960377358490563 0.06572916666666669
0 0.41654716981132084 0.20690624999999999 0.23799999999999996 0.06882291666666666
0 0.4089622641509434 0.25366666666666665 0.24039622641509428 0.06793749999999997
0 0.4109622641509434 0.30924999999999997 0.23320754716981137 0.06264583333333332
0 0.44215094339622635 0.3632916666666667 0.231811320754717 0.06661458333333338
0 0.46850943396226413 0.41381249999999997 0.22222641509433957 0.06793750000000003
0 0.5152452830188679 0.46432291666666664 0.25499999999999995 0.08161458333333335
0 0.5587924528301887 0.5155 0.2558113207547171 0.08250000000000005
0 0.6123207547169811 0.5779166666666666 0.2590188679245283 0.07587499999999991
0 0.6323018867924528 0.6399062499999999 0.26381132075471686 0.07103125000000006
0 0.6190754716981133 0.7091666666666666 0.26590566037735863 0.08514583333333334
0 0.5607547169811321 0.7841666666666666 0.2850943396226416 0.08514583333333334
0 0.47566037735849054 0.8525416666666668 0.31307547169811323 0.09572916666666677
0 0.4330377358490566 0.9267291666666666 0.35137735849056606 0.08160416666666657