0 0.5552452830188679 0.04163541666666667 0.2847735849056605 0.04965625
0 0.5075094339622642 0.08173958333333334 0.2363584905660377 0.05653125000000001
0 0.4611698113207547 0.123 0.2239056603773585 0.05653125000000001
0 0.40305660377358493 0.16271875 0.2405283018867925 0.06569791666666666
0 0.35462264150943396 0.20130208333333333 0.2516037735849057 0.07563541666666668
0 0.2709056603773585 0.24408333333333332 0.2668490566037736 0.07105208333333338
0 0.2238679245283019 0.2922083333333333 0.26409433962264145 0.06798958333333331
0 0.2439433962264151 0.34071874999999996 0.27377358490566034 0.059583333333333384
0 0.2612264150943396 0.3846458333333333 0.2751509433962265 0.06340625000000001
0 0.2978867924528302 0.43392708333333335 0.27375471698113213 0.06569791666666672
0 0.3746792452830189 0.48472916666666666 0.286188679245283 0.06798958333333331
0 0.4922830188679246 0.5412604166666667 0.31384905660377366 0.07563541666666657
0 0.577377358490566 0.60428125 0.30413207547169824 0.08097916666666667
0 0.6195849056603774 0.6822083333333333 0.324867924528302 0.08251041666666671
0 0.6112830188679246 0.7570729166666667 0.3165849056603773 0.07944791666666665
0 0.5614716981132075 0.8243020833333333 0.30275471698113215 0.07486458333333346
0 0.5268679245283019 0.88465625 0.3110566037735849 0.07181250000000006