0 0.4893207547169811 0.033791666666666664 0.29911320754716975 0.048479166666666657
0 0.4926415094339623 0.06684375000000001 0.300433962264151 0.05288541666666668
0 0.49398113207547173 0.10871875 0.29511320754716974 0.0558229166666667
0 0.5165849056603774 0.15058333333333335 0.27915094339622626 0.057291666666666664
0 0.5132641509433962 0.20127083333333334 0.27249056603773575 0.057291666666666664
0 0.5012830188679246 0.25562500000000005 0.31239622641509446 0.06758333333333333
0 0.505943396226415 0.31109375 0.3403396226415094 0.06537499999999999
0 0.503943396226415 0.3603020833333333 0.3257169811320755 0.060968749999999974
0 0.5126037735849057 0.4135625 0.32703773584905665 0.06758333333333333
0 0.4886415094339623 0.46755208333333337 0.3217169811320755 0.07124999999999998
0 0.4726792452830189 0.5241145833333333 0.31905660377358486 0.07418750000000003
0 0.42345283018867924 0.5854479166666666 0.3430188679245284 0.07786458333333333
0 0.39218867924528306 0.65303125 0.3337169811320755 0.08520833333333329
0 0.3722452830188679 0.7180416666666667 0.32839622641509436 0.07859375000000005
0 0.39152830188679244 0.7870833333333334 0.3749622641509434 0.07859375000000005
0 0.43211320754716975 0.8546666666666667 0.38160377358490566 0.08301041666666673
0 0.4939622641509434 0.92959375 0.37494339622641515 0.08741666666666674