0 0.5627547169811321 0.8423854166666668 0.2804716981132075 0.06483333333333334
0 0.6123584905660377 0.7761770833333334 0.2727547169811322 0.06782291666666657
0 0.6385283018867924 0.7008125 0.2433207547169812 0.07333333333333343
0 0.5901886792452831 0.6292291666666666 0.24328301886792442 0.058656249999999945
0 0.4786981132075472 0.5664166666666667 0.2147169811320755 0.0927395833333333
0 0.3543207547169811 0.5244270833333334 0.21186792452830192 0.08515625
0 0.26569811320754716 0.48559375 0.2118867924528302 0.0838958333333333
0 0.2131132075471698 0.4248333333333333 0.24783018867924528 0.06652083333333335
0 0.2388490566037736 0.3695104166666667 0.2363962264150944 0.0635104166666667
0 0.2968679245283019 0.3246041666666667 0.18894339622641507 0.07439583333333329
0 0.38407547169811324 0.27938541666666666 0.17466037735849055 0.06382291666666665
0 0.4874339622641509 0.23873958333333334 0.17383018867924527 0.06934375000000005
0 0.5516037735849058 0.19493749999999999 0.18269811320754725 0.05907291666666665
0 0.6066415094339622 0.14419791666666668 0.19843396226415086 0.04691666666666669
0 0.6079245283018868 0.08801041666666666 0.20728301886792455 0.04564583333333332
0 0.49566037735849056 0.9305729166666666 0.3313962264150943 0.08429166666666674
0 0.5756415094339622 0.0479375 0.20969811320754714 0.04952083333333334