0 0.5212830188679245 0.8877083333333334 0.30467924528301893 0.07219791666666661
0 0.5370377358490566 0.8135104166666667 0.2877169811320755 0.06283333333333327
0 0.5672830188679245 0.74465625 0.2417169811320755 0.06416666666666657
0 0.5503396226415095 0.669125 0.2417169811320755 0.06551041666666677
0 0.5079811320754717 0.60428125 0.2393018867924529 0.061499999999999964
0 0.45469811320754716 0.544125 0.26839622641509436 0.06684375000000008
0 0.414811320754717 0.48730208333333336 0.25137735849056597 0.06551041666666665
0 0.3772830188679246 0.4345 0.25379245283018864 0.06684374999999995
0 0.3313018867924528 0.39037499999999997 0.2489433962264151 0.0588229166666667
0 0.35066037735849054 0.33757291666666667 0.2295471698113208 0.06015625
0 0.37609433962264155 0.28609375 0.24166037735849052 0.0534791666666667
0 0.4123962264150943 0.24532291666666667 0.21743396226415096 0.04946875000000001
0 0.47049056603773587 0.20120833333333332 0.2610188679245284 0.04946875000000001
0 0.5164905660377359 0.16778125 0.23681132075471698 0.04144791666666669
0 0.5516037735849058 0.12433333333333334 0.2343773584905661 0.05347916666666667
0 0.5562075471698114 0.08951041666666668 0.18339622641509443 0.03760416666666666
0 0.545377358490566 0.049708333333333334 0.165245283018868 0.033416666666666664