0 0.49315094339622645 0.8443645833333334 0.24815094339622637 0.08613541666666673
0 0.5213018867924528 0.7731770833333333 0.25473584905660374 0.07382291666666656
0 0.557188679245283 0.6974166666666667 0.26303773584905654 0.0769687500000001
0 0.5730566037735849 0.6340416666666666 0.22558490566037726 0.06480208333333337
0 0.5573396226415094 0.5718541666666667 0.25703773584905665 0.07237500000000002
0 0.523433962264151 0.51125 0.24128301886792453 0.07047916666666663
0 0.5164528301886793 0.4564791666666667 0.21299999999999997 0.05689583333333334
0 0.5011509433962265 0.4070729166666667 0.22643396226415094 0.04836458333333328
0 0.4912830188679245 0.35814583333333333 0.20041509433962268 0.05467708333333334
0 0.5003018867924529 0.30944791666666666 0.19954716981132073 0.051041666666666666
0 0.5104339622641509 0.264625 0.1792641509433962 0.05861458333333332
0 0.5394528301886793 0.21514583333333331 0.1898490566037736 0.05339583333333332
0 0.5613207547169812 0.17149999999999999 0.15181132075471704 0.045968749999999996
0 0.5517547169811321 0.12438541666666666 0.17669811320754714 0.04548958333333335
0 0.48015094339622644 0.9257291666666667 0.35422641509433966 0.07178125000000009
0 0.5164150943396226 0.08277083333333332 0.16958490566037734 0.04310416666666666
0 0.5128301886792453 0.04544791666666667 0.2008113207547169 0.03486458333333333