0 0.5605283018867924 0.031281250000000003 0.23601886792452836 0.05719791666666666
0 0.5564716981132075 0.07596875 0.22469811320754723 0.04826041666666665
0 0.5548679245283018 0.1193125 0.23116981132075468 0.05987499999999999
0 0.5378679245283019 0.16086458333333334 0.21013207547169813 0.05898958333333333
0 0.5265283018867924 0.20867708333333335 0.2295471698113207 0.05987500000000002
0 0.5119622641509434 0.2565 0.22309433962264152 0.06256249999999994
0 0.5135849056603773 0.31280208333333337 0.23926415094339634 0.06434374999999998
0 0.5233018867924528 0.37178125 0.2651698113207546 0.06792708333333337
0 0.5435283018867925 0.42272916666666666 0.2764905660377358 0.06970833333333329
0 0.5750943396226416 0.47501041666666666 0.27162264150943405 0.06166666666666672
0 0.6276981132075472 0.5304166666666668 0.2861886792452829 0.07239583333333334
0 0.6673396226415095 0.5987916666666667 0.3201698113207546 0.07864583333333333
0 0.6608679245283019 0.65821875 0.3331132075471697 0.07596875000000007
0 0.6268867924528302 0.7225625 0.3039811320754717 0.0813229166666666
0 0.5580943396226415 0.7784270833333333 0.3541698113207548 0.08579166666666656
0 0.4601698113207547 0.8436666666666667 0.32020754716981137 0.08758333333333326
0 0.42050943396226415 0.9106875 0.35420754716981134 0.09831250000000011