0 0.5497358490566038 0.85825 0.3053396226415095 0.09308333333333323
0 0.48641509433962266 0.7870729166666667 0.2873207547169811 0.09655208333333339
0 0.4260943396226415 0.72125 0.3096415094339623 0.09559374999999998
0 0.3809245283018868 0.6494375 0.28388679245283027 0.07822916666666657
0 0.3544905660377358 0.5668854166666667 0.2853018867924529 0.07285416666666672
0 0.37064150943396224 0.5208750000000001 0.2358490566037736 0.06068749999999999
0 0.39322641509433964 0.4564791666666667 0.23069811320754713 0.05689583333333334
0 0.42681132075471695 0.40850000000000003 0.20354716981132073 0.05815625000000004
0 0.4489811320754717 0.35814583333333333 0.2164150943396226 0.05467708333333334
0 0.4709811320754717 0.31363541666666667 0.18954716981132083 0.05845833333333334
0 0.496 0.2647083333333333 0.19098113207547174 0.05529166666666671
0 0.4961509433962264 0.21198958333333331 0.18498113207547162 0.047083333333333324
0 0.48271698113207545 0.16629166666666664 0.1832641509433962 0.05638541666666666
0 0.4676981132075472 0.12438541666666666 0.18467924528301885 0.04548958333333335
0 0.44839622641509436 0.07885416666666667 0.17752830188679242 0.048177083333333336
0 0.4403962264150943 0.039239583333333335 0.19926415094339625 0.04532291666666666
0 0.5784716981132075 0.9270833333333334 0.3588867924528303 0.08072916666666667