0 0.49762264150943397 0.041375 0.28590566037735843 0.06191666666666666
0 0.4834905660377358 0.08998958333333333 0.2764716981132075 0.06539583333333333
0 0.4824339622641509 0.13367708333333334 0.27437735849056594 0.06018750000000003
0 0.4656603773584906 0.18084375000000003 0.29954716981132073 0.06886458333333335
0 0.37867924528301883 0.22048958333333332 0.2974716981132075 0.08102083333333336
0 0.32416981132075473 0.26793750000000005 0.2786226415094339 0.07060416666666663
0 0.28173584905660376 0.3177083333333333 0.2671132075471698 0.06481250000000002
0 0.2691509433962264 0.36747916666666663 0.2776037735849057 0.07060416666666663
0 0.29115094339622644 0.41580208333333335 0.3027358490566038 0.07581249999999998
0 0.353 0.4765625 0.3446415094339623 0.08854166666666667
0 0.39183018867924524 0.5364583333333334 0.33660377358490573 0.09143749999999998
0 0.4567924528301886 0.5920104166666668 0.340811320754717 0.08680208333333325
0 0.5185849056603774 0.6565416666666667 0.3550754716981133 0.09895833333333333
0 0.5579433962264151 0.734375 0.3460943396226414 0.08680208333333325
0 0.578377358490566 0.8096041666666667 0.3576226415094339 0.08333333333333333
0 0.5861886792452831 0.8920729166666667 0.3749622641509434 0.08969791666666656
0 0.5750377358490566 0.95746875 0.44335849056603777 0.08162499999999989