0 0.5398679245283019 0.03202083333333334 0.22958490566037748 0.04282291666666667
0 0.5276792452830189 0.06423958333333334 0.2081698113207548 0.04201041666666668
0 0.5166037735849057 0.0985 0.2081698113207548 0.050166666666666665
0 0.49777358490566037 0.13948958333333333 0.20892452830188682 0.05629166666666669
0 0.48520754716981135 0.19720833333333332 0.2429056603773585 0.06647916666666666
0 0.48262264150943396 0.24921875 0.2613773584905661 0.06036458333333338
0 0.4682075471698113 0.30326041666666664 0.25473584905660374 0.06240624999999997
0 0.4678490566037736 0.35546875 0.24216981132075466 0.06321875000000006
0 0.48339622641509433 0.4038020833333333 0.2424150943396227 0.07015625000000002
0 0.5210754716981132 0.45396875 0.23947169811320748 0.08157291666666673
0 0.5738867924528303 0.5073958333333334 0.27715094339622637 0.09217708333333334
0 0.6329811320754717 0.5708229166666666 0.2816037735849057 0.07627083333333336
0 0.6636415094339623 0.6289479166666666 0.2838301886792454 0.07667708333333323
0 0.6048679245283018 0.6968645833333333 0.3699245283018869 0.0901458333333333
0 0.5686792452830188 0.76721875 0.35811320754716974 0.09626041666666675
0 0.506245283018868 0.8320729166666666 0.34115094339622654 0.10931250000000006
0 0.4379245283018867 0.9095729166666667 0.3374716981132076 0.09217708333333334