0 0.4639622641509433 0.8857916666666666 0.288188679245283 0.08219791666666675
0 0.4029433962264151 0.80340625 0.2627169811320755 0.07018750000000011
0 0.41537735849056606 0.72471875 0.243566037735849 0.07602083333333336
0 0.4838490566037736 0.6735833333333333 0.1981320754716981 0.07096874999999987
0 0.572622641509434 0.6106041666666666 0.2435849056603774 0.07695833333333321
0 0.6106415094339622 0.5580416666666667 0.21901886792452838 0.062114583333333445
0 0.6225094339622642 0.5084895833333333 0.22386792452830184 0.060218749999999946
0 0.6029245283018868 0.44653125 0.2287358490566038 0.05784374999999997
0 0.569188679245283 0.39310416666666664 0.19900000000000004 0.04473958333333338
0 0.5627547169811321 0.34157291666666667 0.21758490566037725 0.05625
0 0.5497547169811321 0.29359375000000004 0.1978490566037736 0.0575104166666667
0 0.555622641509434 0.24726041666666668 0.20328301886792455 0.05860416666666666
0 0.557188679245283 0.20109375000000002 0.2001320754716982 0.05308333333333331
0 0.5418867924528301 0.15137499999999998 0.18498113207547162 0.05465625000000003
0 0.5414528301886793 0.09810416666666667 0.16867924528301884 0.03807291666666668
0 0.5498867924528302 0.0699375 0.1918490566037735 0.04075
0 0.5387924528301887 0.9378437500000001 0.3305283018867924 0.06830208333333326