0 0.4460754716981132 0.043979166666666666 0.21852830188679245 0.04349999999999999
0 0.44081132075471696 0.07684375 0.21854716981132083 0.04349999999999999
0 0.43469811320754714 0.11503125 0.2237924528301887 0.05413541666666669
0 0.4276792452830188 0.16239583333333335 0.2237924528301887 0.06380208333333333
0 0.419811320754717 0.21653125 0.23254716981132076 0.06380208333333333
0 0.3804150943396227 0.26776041666666667 0.2273018867924529 0.06766666666666671
0 0.32964150943396225 0.3204375 0.2588301886792453 0.06863541666666666
0 0.2841320754716981 0.3678020833333333 0.26584905660377367 0.07250000000000002
0 0.2727547169811321 0.42725 0.28511320754716984 0.07733333333333334
0 0.3077547169811321 0.48863541666666666 0.3061132075471698 0.07442708333333338
0 0.3637735849056604 0.5437291666666667 0.3025849056603774 0.07830208333333341
0 0.44081132075471696 0.594 0.30956603773584895 0.08796875000000005
0 0.5169622641509434 0.6442604166666667 0.29379245283018873 0.07830208333333341
0 0.5659811320754717 0.7008125 0.28679245283018867 0.07153125000000007
0 0.5983773584905661 0.7728229166666666 0.29552830188679247 0.07442708333333338
0 0.5931132075471699 0.8482291666666666 0.30954716981132063 0.09183333333333342
0 0.5829056603773585 0.9114583333333334 0.33907547169811325 0.08482291666666673