0 0.563188679245283 0.9116041666666667 0.38826415094339617 0.07478124999999997
0 0.6405283018867924 0.84365625 0.34796226415094333 0.08125
0 0.7171509433962263 0.7734166666666666 0.3376792452830189 0.07965625000000003
0 0.7265849056603773 0.6956041666666667 0.318811320754717 0.08375000000000009
0 0.6776981132075471 0.6334895833333333 0.2964905660377358 0.08169791666666673
0 0.570622641509434 0.5643541666666666 0.3276415094339622 0.07790624999999997
0 0.4240754716981132 0.5113229166666666 0.3113584905660377 0.07979166666666657
0 0.29945283018867924 0.45244791666666667 0.3324716981132075 0.0775729166666667
0 0.22526415094339622 0.40517708333333335 0.3035849056603774 0.05846874999999999
0 0.20924528301886794 0.3514375 0.2841509433962264 0.05862499999999997
0 0.183811320754717 0.3006979166666667 0.24926415094339624 0.062239583333333334
0 0.24569811320754717 0.2456875 0.2970188679245283 0.052291666666666715
0 0.37007547169811317 0.2003125 0.19696226415094337 0.0515
0 0.42896226415094335 0.15651041666666668 0.17639622641509436 0.05070833333333334
0 0.4471132075471698 0.10694791666666667 0.16867924528301892 0.04880208333333333
0 0.4761320754716981 0.07221875 0.14494339622641508 0.04880208333333333
0 0.47641509433962265 0.034895833333333334 0.18907547169811328 0.036947916666666664