0 0.5511509433962264 0.06553125 0.2089622641509434 0.04989583333333334
0 0.544056603773585 0.10877083333333333 0.18652830188679248 0.048031249999999984
0 0.5395849056603774 0.14761458333333335 0.19805660377358494 0.05227083333333334
0 0.5312641509433962 0.18753125 0.1967735849056603 0.06427083333333332
0 0.4954528301886792 0.22495833333333334 0.1788679245283018 0.06004166666666665
0 0.44300000000000006 0.26486458333333335 0.20190566037735846 0.0678020833333333
0 0.3931132075471698 0.3040729166666667 0.1916981132075471 0.06992708333333333
0 0.37456603773584907 0.35068750000000004 0.21343396226415096 0.06710416666666662
0 0.39118867924528306 0.40365625 0.2415849056603774 0.06286458333333336
0 0.4193396226415094 0.45380208333333333 0.2441320754716981 0.06286458333333336
0 0.45643396226415095 0.5060729166666667 0.23388679245283014 0.06004166666666665
0 0.49609433962264154 0.5657604166666667 0.25690566037735846 0.07204166666666675
0 0.5357358490566038 0.6247291666666667 0.2466603773584906 0.07416666666666671
0 0.5594150943396227 0.69325 0.2556037735849057 0.07839583333333332
0 0.5530188679245284 0.7638750000000001 0.2530566037735849 0.07698958333333342
0 0.5350943396226415 0.8373333333333334 0.2735283018867925 0.07698958333333342
0 0.517188679245283 0.9086666666666667 0.31701886792452827 0.08829166666666666