0 0.44854716981132076 0.1234375 0.1715283018867925 0.044229166666666646
0 0.44854716981132076 0.17339583333333333 0.1715283018867925 0.04534375000000003
0 0.4341132075471698 0.21483333333333335 0.19469811320754715 0.04139583333333334
0 0.41066037735849065 0.2635208333333333 0.1901132075471698 0.045031250000000016
0 0.3760754716981132 0.30723958333333334 0.1963962264150944 0.049145833333333284
0 0.3542075471698113 0.35254166666666664 0.1715094339622642 0.05640624999999998
0 0.32675471698113207 0.39815625000000004 0.19209433962264152 0.050416666666666644
0 0.325188679245283 0.44842708333333337 0.19524528301886795 0.05720833333333329
0 0.33290566037735847 0.5056458333333333 0.24841509433962258 0.050114583333333344
0 0.33190566037735847 0.5494479166666667 0.2275471698113207 0.05090624999999989
0 0.3632075471698113 0.6113125 0.2335660377358491 0.05659374999999992
0 0.40852830188679246 0.6731874999999999 0.2172641509433963 0.06228124999999996
0 0.4548301886792453 0.7483958333333334 0.22184905660377366 0.06339583333333323
0 0.49486792452830186 0.80971875 0.23899999999999993 0.05756249999999999
0 0.5270188679245282 0.8700104166666667 0.20899999999999996 0.06009375000000006
0 0.5506037735849056 0.9393854166666666 0.22471698113207553 0.06341666666666677
0 0.4299811320754717 0.08857291666666667 0.20571698113207543 0.04420833333333333