0 0.4642075471698114 0.038427083333333334 0.2700377358490566 0.04826041666666667
0 0.4917358490566038 0.07954166666666666 0.26354716981132087 0.04646874999999998
0 0.503056603773585 0.11662499999999999 0.23764150943396234 0.05809375000000001
0 0.5079245283018867 0.16667708333333334 0.22469811320754723 0.061666666666666654
0 0.5119622641509434 0.21761458333333333 0.24573584905660378 0.07596875
0 0.49335849056603776 0.27928125000000004 0.22469811320754723 0.0634583333333333
0 0.4868679245283019 0.33425 0.22147169811320755 0.06256249999999994
0 0.4852641509433962 0.387875 0.24088679245283012 0.05898958333333333
0 0.4763584905660377 0.44238541666666664 0.2586981132075472 0.05719791666666663
0 0.46258490566037735 0.49823958333333335 0.29592452830188676 0.06703125000000003
0 0.44964150943396225 0.5621458333333333 0.3218301886792454 0.08043750000000002
0 0.4310377358490566 0.61621875 0.3266981132075471 0.07596875000000007
0 0.4164716981132075 0.6787708333333333 0.3007924528301887 0.07775000000000011
0 0.4051320754716981 0.7364166666666667 0.32345283018867926 0.06613541666666668
0 0.41645283018867923 0.7918333333333333 0.3623018867924529 0.0750729166666666
0 0.4302075471698113 0.84946875 0.3736226415094339 0.07239583333333334
0 0.4650188679245283 0.9080104166666667 0.4399811320754717 0.07685416666666664