0 0.669377358490566 0.8290520833333334 0.29873584905660383 0.06940624999999988
0 0.5787547169811321 0.7612604166666667 0.24328301886792464 0.08502083333333323
0 0.47811320754716985 0.710125 0.25358490566037745 0.09890625000000004
0 0.3689056603773585 0.65125 0.258188679245283 0.07143749999999992
0 0.3373396226415094 0.5852708333333333 0.25100000000000006 0.06448958333333342
0 0.32532075471698113 0.5233229166666666 0.2521320754716981 0.062114583333333445
0 0.36777358490566037 0.46950000000000003 0.23013207547169806 0.06557291666666672
0 0.401377358490566 0.41748958333333336 0.26586792452830194 0.062260416666666644
0 0.4215283018867924 0.37053125 0.23700000000000002 0.05514583333333327
0 0.43967924528301894 0.3193958333333333 0.2292830188679245 0.050093750000000034
0 0.4612641509433962 0.273625 0.20326415094339625 0.06271875000000003
0 0.46569811320754717 0.22161458333333334 0.20584905660377362 0.059395833333333314
0 0.46884905660377363 0.17308333333333334 0.19954716981132073 0.04912500000000002
0 0.45598113207547175 0.1243125 0.173811320754717 0.048812500000000016
0 0.45369811320754716 0.091875 0.20698113207547167 0.05685416666666668
0 0.6685849056603774 0.8889375 0.29173584905660377 0.05817708333333324
0 0.4546792452830188 0.05409375000000001 0.20871698113207549 0.04134375