0 0.5270377358490566 0.9487708333333333 0.33479245283018855 0.07620833333333342
0 0.4832830188679245 0.8925 0.302188679245283 0.05931250000000006
0 0.4922830188679246 0.8402604166666666 0.284188679245283 0.0501562500000001
0 0.48084905660377364 0.7896770833333334 0.26130188679245286 0.05661458333333324
0 0.45826415094339623 0.7390833333333333 0.2664528301886793 0.06308333333333328
0 0.43624528301886795 0.6748437500000001 0.2475849056603773 0.05265624999999995
0 0.4315283018867925 0.6210208333333332 0.25701886792452827 0.05612500000000011
0 0.42252830188679247 0.5522812500000001 0.2578679245283018 0.0610104166666666
0 0.4229622641509434 0.48954166666666665 0.2398490566037736 0.057052083333333316
0 0.4325283018867925 0.42262500000000003 0.21498113207547181 0.055156250000000046
0 0.44054716981132075 0.36225 0.19326415094339636 0.05593750000000005
0 0.44869811320754716 0.3111875 0.22843396226415102 0.047562499999999966
0 0.4389622641509434 0.2598958333333333 0.1963962264150943 0.049135416666666626
0 0.45569811320754716 0.21688541666666666 0.1858301886792453 0.04992708333333334
0 0.4837169811320755 0.18144791666666665 0.2041320754716982 0.045031250000000016
0 0.49386792452830186 0.14601041666666664 0.21813207547169813 0.04012499999999998
0 0.4641509433962264 0.10721875 0.22409433962264147 0.0381875