0 0.4140943396226415 0.8588020833333334 0.23471698113207554 0.07304166666666655
0 0.46541509433962264 0.790625 0.2807547169811321 0.08944791666666656
0 0.48413207547169806 0.7191979166666667 0.24901886792452835 0.06813541666666675
0 0.4812830188679246 0.6537708333333333 0.24330188679245282 0.07269791666666663
0 0.4619811320754717 0.5847187500000001 0.2475849056603773 0.0845312500000001
0 0.4348301886792453 0.5234791666666667 0.24471698113207546 0.05863541666666663
0 0.4318301886792453 0.47060416666666666 0.24500000000000005 0.057052083333333316
0 0.4318301886792453 0.42246875 0.24500000000000005 0.06493750000000004
0 0.4421132075471698 0.37685416666666666 0.2530188679245283 0.07093750000000003
0 0.4438301886792453 0.3288645833333333 0.25530188679245286 0.07218749999999995
0 0.4566981132075472 0.2795416666666667 0.20669811320754708 0.060343749999999946
0 0.48271698113207545 0.23068750000000002 0.24615094339622637 0.06334375
0 0.4998679245283019 0.18807291666666667 0.21184905660377354 0.04755208333333331
0 0.5077169811320754 0.14909375 0.2018490566037736 0.05291666666666668
0 0.5276037735849056 0.10758333333333334 0.18498113207547162 0.06016666666666666
0 0.5307358490566038 0.06567708333333333 0.17869811320754725 0.04927083333333331
0 0.523 0.02802083333333333 0.1565471698113208 0.03164583333333333