0 0.5784905660377359 0.8647291666666667 0.27762264150943394 0.07383333333333321
0 0.568622641509434 0.79140625 0.28590566037735843 0.06261458333333322
0 0.5440377358490566 0.7231458333333334 0.24930188679245283 0.060239583333333256
0 0.5310188679245283 0.662375 0.22958490566037726 0.06496874999999988
0 0.5097358490566039 0.6037395833333333 0.2435849056603774 0.06228124999999996
0 0.4997169811320755 0.54296875 0.24073584905660383 0.06701041666666659
0 0.49056603773584906 0.47746875 0.23043396226415094 0.05279166666666661
0 0.4898490566037736 0.42712500000000003 0.19754716981132084 0.05246875
0 0.4902830188679246 0.3779583333333333 0.24243396226415095 0.06556249999999994
0 0.4918490566037736 0.3287083333333333 0.17639622641509436 0.050406249999999986
0 0.4912830188679245 0.2690416666666666 0.20041509433962268 0.05608333333333337
0 0.49656603773584906 0.21451041666666668 0.16696226415094342 0.05465625000000003
0 0.4922830188679246 0.16179166666666667 0.15837735849056592 0.0464479166666667
0 0.4932830188679245 0.12131249999999999 0.1792641509433962 0.045333333333333344
0 0.49928301886792453 0.08595833333333333 0.17867924528301896 0.03712500000000001
0 0.5853207547169812 0.9392291666666667 0.3130943396226416 0.07469791666666671
0 0.501943396226415 0.058916666666666666 0.21747169811320752 0.03664583333333334