0 0.574188679245283 0.04177083333333333 0.22733962264150945 0.05365625
0 0.574811320754717 0.08252083333333333 0.235943396226415 0.04414583333333333
0 0.5668113207547171 0.12665625 0.22241509433962264 0.05636458333333335
0 0.5446792452830189 0.16944791666666664 0.23718867924528308 0.05365624999999999
0 0.5200754716981132 0.20782291666666666 0.2617924528301887 0.0651979166666667
0 0.48379245283018874 0.24958333333333332 0.24335849056603778 0.0699479166666667
0 0.4542641509433962 0.30323958333333334 0.25566037735849056 0.065875
0 0.44258490566037734 0.35519791666666667 0.26181132075471697 0.0651979166666667
0 0.4284339622641509 0.4068125 0.29256603773584916 0.06384374999999996
0 0.4259622641509434 0.4618229166666667 0.28764150943396233 0.06655208333333332
0 0.427811320754717 0.5215833333333334 0.3036415094339624 0.07198958333333323
0 0.4419622641509434 0.57965625 0.31224528301886795 0.07403124999999994
0 0.47332075471698115 0.6445104166666666 0.3380754716981133 0.0815
0 0.5022264150943396 0.7161562499999999 0.32945283018867927 0.0767395833333334
0 0.5145283018867924 0.7939270833333333 0.34913207547169806 0.08013541666666674
0 0.5268301886792454 0.86353125 0.35650943396226425 0.07538541666666655
0 0.5329811320754717 0.9256770833333333 0.35403773584905657 0.06247916666666668