0 0.4431509433962264 0.12065624999999999 0.2649811320754718 0.07696875000000002
0 0.48143396226415086 0.18315625000000002 0.24124528301886794 0.07696874999999999
0 0.47930188679245284 0.23611458333333332 0.24296226415094346 0.08102083333333336
0 0.4740754716981132 0.2783541666666667 0.186377358490566 0.06365625000000001
0 0.48456603773584905 0.3333333333333333 0.23284905660377353 0.07060416666666663
0 0.4876981132075472 0.38917708333333334 0.20732075471698114 0.07349999999999994
0 0.5007924528301887 0.44762500000000005 0.2251509433962265 0.0653958333333333
0 0.5044528301886793 0.5008645833333333 0.22199999999999995 0.06886458333333335
0 0.5018301886792453 0.5546875 0.2754528301886793 0.06886458333333323
0 0.49449056603773583 0.6061875000000001 0.28173584905660387 0.07465625000000008
0 0.4667169811320755 0.66175 0.28279245283018867 0.07002083333333337
0 0.4567735849056604 0.7164375 0.2859433962264151 0.0752291666666667
0 0.44837735849056604 0.7771979166666667 0.3048113207547169 0.07060416666666663
0 0.45890566037735847 0.8498229166666668 0.35337735849056606 0.078125
0 0.47458490566037737 0.9166666666666666 0.3425283018867925 0.0798645833333334
0 0.4109245283018868 0.08011458333333334 0.23592452830188684 0.06457291666666667
0 0.494 0.9624583333333334 0.40847169811320755 0.07508333333333325