0 0.569811320754717 0.03672916666666667 0.23658490566037732 0.04994791666666667
0 0.5857924528301888 0.07639583333333334 0.2259245283018868 0.04701041666666666
0 0.5970943396226415 0.11789583333333334 0.23790566037735855 0.05362500000000002
0 0.594433962264151 0.16711458333333334 0.24322641509433957 0.06390625000000003
0 0.5911132075471699 0.21376041666666667 0.2259245283018868 0.057291666666666664
0 0.5811320754716981 0.26040625 0.24056603773584906 0.06684374999999995
0 0.5678301886792453 0.3143958333333333 0.2219433962264151 0.06464583333333339
0 0.5644905660377358 0.3694895833333333 0.24456603773584906 0.06317708333333331
0 0.5777924528301888 0.41833333333333333 0.2578679245283018 0.06684374999999995
0 0.5984150943396227 0.4730625 0.25652830188679254 0.06758333333333333
0 0.6196981132075472 0.5288854166666667 0.28845283018867923 0.06758333333333345
0 0.6656037735849056 0.5953645833333333 0.28711320754716974 0.06978125
0 0.6642830188679245 0.6526666666666666 0.2764716981132075 0.06978125
0 0.633 0.72428125 0.28845283018867923 0.0749270833333334
0 0.5744716981132076 0.7999375000000001 0.31773584905660374 0.08814583333333322
0 0.49798113207547173 0.8693541666666668 0.332377358490566 0.10210416666666665
0 0.4261320754716981 0.9310625 0.3403773584905661 0.08888541666666659