0 0.4997358490566038 0.03964583333333334 0.25030188679245274 0.04803125
0 0.4945283018867925 0.07638541666666666 0.2381132075471699 0.0601875
0 0.4719622641509434 0.11516666666666667 0.2534528301886793 0.049770833333333306
0 0.44837735849056604 0.15538541666666666 0.25660377358490566 0.05844791666666668
0 0.40541509433962264 0.19560416666666666 0.2901509433962264 0.06365625000000001
0 0.34043396226415096 0.2491354166666667 0.28598113207547177 0.06655208333333332
0 0.30741509433962266 0.29137500000000005 0.29750943396226415 0.06076041666666671
0 0.29903773584905663 0.3431666666666667 0.2870377358490566 0.05787500000000006
0 0.31160377358490565 0.3935208333333333 0.2849433962264152 0.05903124999999996
0 0.3284150943396226 0.44444791666666666 0.28522641509433955 0.0775416666666666
0 0.37924528301886795 0.5020208333333334 0.3303018867924527 0.07696874999999999
0 0.42641509433962266 0.5587395833333333 0.3512830188679246 0.08159374999999992
0 0.5013584905660378 0.6177708333333333 0.3691132075471698 0.08159374999999992
0 0.5490377358490566 0.6837395833333333 0.3827547169811321 0.07465625000000008
0 0.5552830188679245 0.75665625 0.3802452830188679 0.0792812499999999
0 0.5337924528301887 0.82696875 0.3708301886792452 0.08795833333333339
0 0.4683962264150943 0.9005937500000001 0.4303584905660378 0.09823958333333328