0 0.5572830188679245 0.8244062499999999 0.3525283018867925 0.07738541666666662
0 0.5855849056603774 0.7470208333333334 0.34443396226415085 0.06547916666666656
0 0.5869433962264151 0.6822916666666666 0.31479245283018875 0.07291666666666667
0 0.5626792452830189 0.6205312500000001 0.3040188679245283 0.0625
0 0.5209056603773584 0.5602708333333334 0.29056603773584905 0.0639895833333334
0 0.4643207547169812 0.5022291666666666 0.29058490566037737 0.05803125000000004
0 0.4090754716981132 0.45089583333333333 0.2501698113207548 0.05952083333333332
0 0.415811320754717 0.3898854166666667 0.2798113207547169 0.05952083333333332
0 0.4360188679245283 0.3385416666666667 0.255566037735849 0.052083333333333336
0 0.4777924528301887 0.2916666666666667 0.24207547169811322 0.0625
0 0.5573018867924528 0.24702083333333333 0.21239622641509423 0.056552083333333295
0 0.6071509433962264 0.19493749999999999 0.20967924528301887 0.05059374999999999
0 0.6206415094339622 0.15104166666666666 0.17733962264150946 0.04315625000000001
0 0.6160943396226415 0.10639583333333333 0.20260377358490564 0.04315625000000001
0 0.5154905660377358 0.9047604166666667 0.473811320754717 0.08333333333333333
0 0.6067358490566037 0.06901041666666667 0.2117924528301887 0.0390625
0 0.605566037735849 0.037760416666666664 0.2188679245283019 0.033854166666666664