0 0.5280566037735849 0.07168749999999999 0.19960377358490558 0.05854166666666665
0 0.5196037735849056 0.12046875 0.19960377358490558 0.055989583333333336
0 0.48924528301886794 0.17455208333333333 0.22958490566037726 0.06575
0 0.43354716981132074 0.21612499999999998 0.2334339622641509 0.07254166666666666
0 0.35328301886792457 0.26003125 0.23422641509433959 0.07381250000000002
0 0.29488679245283017 0.3066875 0.21120754716981133 0.07635416666666663
0 0.26224528301886796 0.35611458333333335 0.21198113207547173 0.06405208333333334
0 0.2522452830188679 0.40870833333333334 0.225811320754717 0.059812499999999956
0 0.24764150943396226 0.4545208333333333 0.23656603773584906 0.059812499999999956
0 0.26035849056603777 0.4907916666666667 0.23898113207547164 0.056843750000000054
0 0.30260377358490564 0.5274895833333333 0.24820754716981133 0.07084375
0 0.3548490566037736 0.5819895833333334 0.268188679245283 0.08314583333333327
0 0.41822641509433955 0.6401041666666667 0.26745283018867927 0.10011458333333323
0 0.48813207547169807 0.7086145833333333 0.3058867924528302 0.08356250000000003
0 0.5376981132075472 0.7773333333333333 0.28667924528301897 0.0886562499999999
0 0.5630377358490567 0.8585625 0.30205660377358495 0.08144791666666672
0 0.5744150943396227 0.9339479166666667 0.3640754716981133 0.10063541666666656