0 0.5398301886792453 0.8166354166666667 0.3477924528301888 0.06494791666666658
0 0.5364716981132075 0.7495208333333333 0.29390566037735844 0.0701562499999999
0 0.5163396226415095 0.6888958333333334 0.2928867924528302 0.07243749999999996
0 0.5087924528301887 0.62334375 0.2890566037735848 0.06318750000000009
0 0.5186037735849057 0.56925 0.27839622641509426 0.055364583333333425
0 0.49313207547169813 0.5060104166666667 0.2947924528301887 0.06645833333333329
0 0.4628301886792453 0.43934375 0.2906415094339622 0.056645833333333326
0 0.46264150943396226 0.3856041666666667 0.2775660377358491 0.06915624999999999
0 0.46684905660377357 0.33888541666666666 0.25758490566037734 0.06029166666666666
0 0.4902641509433962 0.28248958333333335 0.24618867924528307 0.05439583333333336
0 0.5141132075471698 0.22626041666666669 0.2121509433962265 0.057197916666666695
0 0.5340377358490567 0.1711875 0.19475471698113211 0.051145833333333356
0 0.5527358490566038 0.12305208333333333 0.19511320754716976 0.045968749999999996
0 0.5519433962264151 0.07552083333333333 0.18343396226415098 0.04385416666666666
0 0.5395660377358491 0.038447916666666665 0.16877358490566047 0.04034374999999999
0 0.5363584905660377 0.8785000000000001 0.3631132075471699 0.07808333333333337
0 0.5411320754716982 0.9456979166666667 0.40686792452830184 0.07364583333333338