0 0.6861132075471698 0.08696875 0.24315094339622642 0.06843750000000001
0 0.612754716981132 0.12966666666666665 0.24658490566037747 0.07597916666666667
0 0.5320188679245283 0.16545833333333335 0.24432075471698114 0.08226041666666664
0 0.4450188679245283 0.19936458333333332 0.23411320754716988 0.07973958333333335
0 0.36996226415094335 0.23829166666666665 0.25686792452830187 0.08477083333333332
0 0.3091132075471698 0.2734583333333333 0.27166037735849047 0.08351041666666663
0 0.2744339622641509 0.32494791666666667 0.27735849056603773 0.08602083333333338
0 0.24316981132075471 0.3754895833333334 0.2489433962264151 0.06907291666666661
0 0.22269811320754718 0.4363958333333333 0.2580377358490566 0.06530208333333327
0 0.2249622641509434 0.4979375 0.26713207547169815 0.05651041666666667
0 0.2420188679245283 0.5415729166666666 0.2966981132075472 0.05713541666666657
0 0.2653396226415094 0.58740625 0.2932830188679245 0.06843750000000005
0 0.3000188679245283 0.63325 0.30350943396226415 0.06843750000000005
0 0.37735849056603776 0.687875 0.2830188679245283 0.07597916666666672
0 0.4592264150943396 0.7343437500000001 0.3034716981132076 0.07973958333333328
0 0.5371320754716982 0.7726458333333334 0.2954905660377359 0.08477083333333345
0 0.6155849056603774 0.84203125 0.34550943396226413 0.10297916666666657