0 0.4902830188679246 0.8064791666666667 0.24243396226415095 0.07982291666666678
0 0.5470377358490566 0.7436666666666666 0.24901886792452835 0.07918749999999998
0 0.5813396226415095 0.6911041666666667 0.25473584905660374 0.06434374999999998
0 0.5950754716981131 0.6375937500000001 0.24445283018867914 0.06717708333333335
0 0.5759056603773586 0.5806145833333333 0.2313018867924529 0.07064583333333327
0 0.5084339622641509 0.5248229166666667 0.24043396226415106 0.0654270833333334
0 0.4542641509433962 0.47810416666666666 0.24586792452830178 0.06099999999999994
0 0.42037735849056607 0.42593749999999997 0.22213207547169814 0.054843749999999976
0 0.42709433962264154 0.37306249999999996 0.19154716981132072 0.053260416666666664
0 0.428811320754717 0.3167916666666667 0.18239622641509437 0.05530208333333337
0 0.45411320754716983 0.27046875 0.18898113207547163 0.05640624999999998
0 0.5011509433962265 0.22492708333333333 0.16352830188679238 0.05908333333333336
0 0.5294528301886793 0.17205208333333333 0.16983018867924526 0.05749999999999999
0 0.5621886792452829 0.12833333333333333 0.17869811320754725 0.053385416666666664
0 0.5830566037735849 0.0846875 0.18269811320754725 0.04595833333333334
0 0.5619811320754717 0.03922916666666666 0.169377358490566 0.041895833333333334
0 0.4414150943396226 0.8847708333333333 0.32011320754716976 0.08239583333333324