0 0.4626603773584906 0.8774375 0.3192452830188679 0.08283333333333331
0 0.49754716981132074 0.81196875 0.2703018867924528 0.07302083333333324
0 0.5680566037735849 0.7579479166666666 0.24701886792452823 0.06955208333333332
0 0.6207924528301887 0.696 0.2330188679245283 0.06717708333333335
0 0.632943396226415 0.62828125 0.22586792452830196 0.06369791666666676
0 0.6039056603773585 0.5619895833333334 0.25358490566037734 0.0700104166666667
0 0.5354528301886793 0.50809375 0.20813207547169824 0.07679166666666669
0 0.4529622641509434 0.45765625000000004 0.23188679245283014 0.07662499999999994
0 0.4774150943396227 0.15004166666666666 0.15381132075471696 0.04470833333333335
0 0.4488301886792453 0.19052083333333333 0.15952830188679237 0.04581250000000002
0 0.3980754716981132 0.23108333333333334 0.15237735849056602 0.04361458333333334
0 0.35862264150943396 0.27219791666666665 0.17409433962264148 0.052927083333333395
0 0.34447169811320755 0.31853125000000004 0.2023962264150943 0.05183333333333332
0 0.3650566037735849 0.3649270833333333 0.2184150943396226 0.04741666666666665
0 0.4016603773584906 0.4127604166666667 0.2538679245283018 0.05279166666666661
0 0.4953207547169811 0.11179166666666666 0.18499999999999991 0.045999999999999965
0 0.5211509433962264 0.07078125 0.18894339622641507 0.039604166666666676