0 0.5102075471698113 0.10995833333333334 0.15594339622641507 0.04513541666666665
0 0.5165094339622641 0.15538541666666666 0.1517547169811322 0.05613541666666665
0 0.5254150943396227 0.20254166666666668 0.1590754716981131 0.05323958333333335
0 0.5364150943396226 0.254625 0.1831886792452831 0.07176041666666665
0 0.5469056603773585 0.3145208333333333 0.1831886792452831 0.061916666666666606
0 0.5636603773584906 0.36632291666666666 0.1957547169811321 0.05787500000000006
0 0.5836037735849057 0.41782291666666665 0.189943396226415 0.06365625000000001
0 0.6092830188679246 0.4693333333333333 0.2077547169811321 0.06134374999999999
0 0.6281132075471698 0.5214166666666666 0.20726415094339626 0.06481250000000002
0 0.6291698113207547 0.5772604166666666 0.21984905660377355 0.061916666666666724
0 0.6239245283018868 0.63165625 0.21354716981132066 0.07002083333333337
0 0.5961509433962264 0.6973333333333334 0.23347169811320756 0.07407291666666656
0 0.5641886792452829 0.76446875 0.24711320754716987 0.07754166666666672
0 0.5374528301886793 0.84028125 0.23558490566037738 0.07291666666666667
0 0.5458113207547169 0.9177291666666666 0.36811320754716986 0.09963541666666677
0 0.5092830188679246 0.07392708333333334 0.17256603773584914 0.04221875
0 0.517943396226415 0.039031249999999997 0.16735849056603783 0.043062500000000004