0 0.46056603773584903 0.8074270833333334 0.3590754716981132 0.0747708333333333
0 0.5123018867924528 0.7461145833333334 0.3871132075471697 0.08060416666666678
0 0.5537547169811321 0.6635624999999999 0.28132075471698115 0.0752291666666667
0 0.6286603773584906 0.6116354166666667 0.3430943396226416 0.06859374999999991
0 0.629377358490566 0.5504687500000001 0.3130754716981131 0.0677916666666666
0 0.6160754716981132 0.48678125 0.3053584905660378 0.06889583333333332
0 0.5952075471698113 0.42909375 0.3013396226415095 0.06115625000000004
0 0.5870754716981131 0.37306249999999996 0.32907547169811313 0.053260416666666664
0 0.5719056603773586 0.32303125 0.3365094339622642 0.07123958333333331
0 0.5796415094339622 0.2564166666666667 0.32679245283018854 0.056083333333333305
0 0.5979245283018868 0.21017708333333335 0.2501698113207548 0.05386458333333331
0 0.6342452830188678 0.16858333333333334 0.23473584905660372 0.06443750000000001
0 0.6706981132075472 0.12698958333333332 0.2762075471698113 0.04343749999999999
0 0.6692641509433962 0.07885416666666667 0.27333962264150946 0.048177083333333336
0 0.6626792452830189 0.035843749999999994 0.29792452830188676 0.04895833333333333
0 0.4398301886792453 0.8921875 0.4234150943396226 0.07572916666666671
0 0.43771698113207547 0.9477708333333333 0.39873584905660386 0.06391666666666657