0 0.42439622641509434 0.78225 0.36850943396226427 0.055666666666666725
0 0.4544150943396226 0.8501979166666668 0.3656603773584906 0.04920833333333334
0 0.41152830188679246 0.7156458333333333 0.3427735849056603 0.0752291666666667
0 0.45069811320754716 0.6486458333333334 0.33305660377358487 0.07664583333333326
0 0.47684905660377364 0.5914270833333333 0.36650943396226415 0.08373958333333344
0 0.5258867924528302 0.5330312500000001 0.31992452830188667 0.07111458333333331
0 0.5847735849056603 0.48362499999999997 0.2993396226415094 0.06258333333333338
0 0.5942075471698113 0.43083333333333335 0.2804716981132075 0.05767708333333334
0 0.6075094339622642 0.37771875 0.28820754716981134 0.06604166666666664
0 0.5972075471698113 0.32776041666666667 0.280188679245283 0.04598958333333331
0 0.5839245283018868 0.28601041666666666 0.2724716981132075 0.06318749999999997
0 0.5859245283018868 0.23684375 0.251320754716981 0.04471875000000001
0 0.5995094339622642 0.19446875 0.24703773584905672 0.05370833333333334
0 0.6097924528301887 0.15753124999999998 0.25503773584905653 0.04234374999999998
0 0.6156603773584906 0.11539583333333334 0.2604716981132077 0.04138541666666669
0 0.498433962264151 0.9027604166666666 0.4033962264150945 0.06405208333333334
0 0.6216226415094339 0.0731875 0.2962641509433962 0.05165625