0 0.44969811320754716 0.8940833333333333 0.2550188679245283 0.05615625000000009
0 0.4917169811320755 0.8202916666666666 0.24530188679245282 0.07114583333333328
0 0.5427547169811321 0.7536041666666667 0.24045283018867913 0.05929166666666674
0 0.5967924528301887 0.6973333333333334 0.2353018867924529 0.061343750000000107
0 0.6029245283018868 0.6320729166666667 0.2287358490566038 0.059281250000000084
0 0.5942075471698113 0.5709895833333333 0.21758490566037744 0.05517708333333336
0 0.5574716981132075 0.5148020833333333 0.1881320754716982 0.05390625
0 0.5388867924528302 0.45277083333333334 0.21384905660377365 0.054843749999999976
0 0.5374528301886793 0.40486458333333336 0.21100000000000008 0.05278124999999996
0 0.545320754716981 0.3595625 0.19528301886792454 0.04552083333333338
0 0.5589056603773586 0.30803125 0.19098113207547174 0.05704166666666666
0 0.5536037735849058 0.26194791666666667 0.16154716981132075 0.04818749999999999
0 0.5446037735849056 0.21545833333333334 0.1623962264150942 0.05591666666666668
0 0.5341698113207547 0.16929166666666667 0.16039622641509432 0.05039583333333333
0 0.5194528301886793 0.13062500000000002 0.14981132075471693 0.04250000000000001
0 0.4576415094339623 0.9454791666666666 0.2644150943396226 0.049125000000000085
0 0.4929433962264151 0.09382291666666666 0.17454716981132073 0.03573958333333334