0 0.514 0.10347916666666666 0.2287547169811321 0.06004166666666665
0 0.4736981132075472 0.1444375 0.22747169811320767 0.06427083333333332
0 0.3950377358490566 0.18329166666666669 0.22109433962264163 0.06427083333333332
0 0.2997358490566038 0.22884374999999998 0.21728301886792448 0.053677083333333306
0 0.23128301886792454 0.2779375 0.2390377358490566 0.06144791666666668
0 0.21466037735849056 0.3266666666666667 0.24673584905660378 0.06144791666666668
0 0.23639622641509433 0.38035416666666666 0.2723018867924528 0.07557291666666661
0 0.31124528301886795 0.42908333333333337 0.2710188679245283 0.07416666666666671
0 0.4090943396226415 0.475 0.26715094339622647 0.07981250000000001
0 0.49864150943396224 0.4990104166666667 0.2287547169811321 0.07275000000000004
0 0.5971509433962264 0.5255 0.23896226415094335 0.07628125000000002
0 0.6662264150943397 0.5622291666666667 0.26707547169811313 0.07769791666666657
0 0.7282641509433962 0.6349791666666668 0.2964905660377358 0.09040624999999997
0 0.6994716981132076 0.7006666666666667 0.3259245283018868 0.08900000000000005
0 0.610566037735849 0.7606979166666666 0.30675471698113216 0.08193750000000008
0 0.5133396226415095 0.8246249999999999 0.3502830188679245 0.08687500000000009
0 0.40269811320754717 0.8761770833333333 0.3771509433962264 0.08687500000000009