0 0.48500000000000004 0.036333333333333336 0.19413207547169808 0.03870833333333333
0 0.49177358490566037 0.06927083333333334 0.19781132075471705 0.04617708333333332
0 0.492377358490566 0.10934375 0.19905660377358492 0.05296875000000002
0 0.4480943396226415 0.14941666666666667 0.2187358490566039 0.06384375000000002
0 0.40505660377358493 0.19117708333333333 0.20890566037735855 0.0604479166666667
0 0.3503207547169811 0.22920833333333332 0.21752830188679248 0.06180208333333332
0 0.31341509433962267 0.27471875 0.22737735849056603 0.06994791666666664
0 0.2998867924528302 0.3219166666666667 0.22000000000000006 0.05976041666666667
0 0.3109622641509434 0.37455208333333334 0.22737735849056603 0.06315625
0 0.3398679245283019 0.4183541666666667 0.2163018867924528 0.06384374999999996
0 0.4056603773584906 0.4709895833333333 0.22981132075471689 0.07538541666666668
0 0.47947169811320756 0.52125 0.25686792452830187 0.06994791666666676
0 0.5600377358490566 0.5755729166666667 0.24084905660377354 0.07538541666666655
0 0.6209245283018867 0.635 0.23960377358490567 0.07334375000000008
0 0.6412075471698113 0.7039375 0.25558490566037745 0.07810416666666668
0 0.6436792452830188 0.7783020833333333 0.2506792452830189 0.07198958333333323
0 0.6362830188679246 0.8506354166666666 0.27281132075471703 0.08217708333333344