0 0.5763584905660378 0.041791666666666664 0.19847169811320764 0.04702083333333333
0 0.5680754716981132 0.08587499999999999 0.18666037735849048 0.047666666666666656
0 0.5503396226415095 0.13223958333333333 0.1890188679245282 0.05028125000000001
0 0.5349622641509434 0.17664583333333334 0.18430188679245296 0.05551041666666669
0 0.5266792452830188 0.21615625 0.18194339622641523 0.054854166666666634
0 0.5095283018867924 0.26154166666666673 0.1736603773584905 0.047666666666666656
0 0.49769811320754714 0.3062708333333333 0.1878490566037735 0.05615624999999997
0 0.5083396226415094 0.3565520833333334 0.18311320754716973 0.04962499999999999
0 0.5319999999999999 0.40389583333333334 0.19258490566037745 0.05681249999999996
0 0.5556603773584906 0.45353125 0.21386792452830192 0.058114583333333296
0 0.6041320754716981 0.5096875 0.24222641509433962 0.07640625000000002
0 0.6307547169811321 0.5655208333333334 0.23632075471698114 0.05615625000000009
0 0.6325283018867924 0.6262500000000001 0.24696226415094338 0.05877083333333341
0 0.6206981132075472 0.6886145833333334 0.23277358490566039 0.0685729166666666
0 0.5503207547169812 0.7526145833333333 0.25762264150943387 0.08032291666666656
0 0.4693018867924528 0.8169375 0.27064150943396226 0.0744479166666667
0 0.42199999999999993 0.8727708333333334 0.30377358490566037 0.08293750000000012