0 0.3290188679245283 0.057291666666666664 0.2003962264150943 0.05347916666666667
0 0.3490754716981132 0.10351041666666667 0.1962452830188679 0.05118749999999998
0 0.35600000000000004 0.14820833333333333 0.19901886792452833 0.05958333333333332
0 0.35945283018867924 0.19977083333333334 0.2003962264150943 0.06035416666666667
0 0.3393962264150943 0.25134375000000003 0.1962452830188679 0.056531249999999984
0 0.33316981132075474 0.3048125 0.21699999999999997 0.056531249999999984
0 0.36430188679245284 0.34951041666666666 0.22945283018867926 0.06645833333333329
0 0.3947358490566038 0.39572916666666663 0.23220754716981132 0.07334374999999997
0 0.4756792452830189 0.43392708333333335 0.27507547169811314 0.09167708333333333
0 0.5586792452830189 0.4732708333333333 0.2584716981132076 0.0878541666666667
0 0.6458679245283019 0.5168125 0.20862264150943405 0.0954895833333334
0 0.7413207547169811 0.5637916666666667 0.24458490566037736 0.08251041666666671
0 0.7939056603773584 0.6302604166666667 0.2473396226415095 0.07944791666666665
0 0.8028867924528301 0.7058854166666666 0.2625471698113207 0.08556250000000011
0 0.7316415094339622 0.7792291666666666 0.26118867924528316 0.10694791666666674
0 0.6403207547169811 0.8594375 0.2529056603773584 0.12070833333333345
0 0.5344716981132075 0.9197916666666667 0.28198113207547176 0.10542708333333337