0 0.5248867924528302 0.07465625000000001 0.29220754716981134 0.059031249999999987
0 0.4950188679245283 0.12065624999999998 0.2555283018867926 0.057291666666666664
0 0.49083018867924527 0.16608333333333333 0.2639245283018868 0.057875
0 0.4468490566037736 0.20486458333333332 0.2517169811320755 0.067125
0 0.4295094339622641 0.25029166666666663 0.28175471698113214 0.06770833333333333
0 0.37501886792452827 0.2942708333333333 0.260811320754717 0.0642395833333333
0 0.32890566037735847 0.34201041666666665 0.27969811320754717 0.06944791666666662
0 0.2870188679245283 0.38310416666666663 0.23175471698113204 0.05903124999999996
0 0.29641509433962265 0.43373958333333335 0.2859811320754717 0.061916666666666724
0 0.3184150943396226 0.4869791666666667 0.2650188679245284 0.07581249999999998
0 0.356188679245283 0.53559375 0.29256603773584905 0.08159374999999992
0 0.4347924528301887 0.5905625000000001 0.31354716981132064 0.08159374999999992
0 0.5259811320754717 0.6438124999999999 0.3492075471698114 0.09433333333333328
0 0.6208301886792453 0.7045729166666667 0.3817169811320756 0.08738541666666677
0 0.6569999999999999 0.7705416666666667 0.36181132075471695 0.08043750000000002
0 0.6370754716981132 0.8454895833333332 0.3869622641509435 0.0810208333333333
0 0.6113018867924529 0.90596875 0.4108490566037736 0.07917708333333333