0 0.39984905660377357 0.8654895833333334 0.39756603773584903 0.06677083333333324
0 0.5375849056603774 0.8005729166666666 0.3909056603773584 0.07868749999999997
0 0.6036981132075472 0.7297083333333333 0.396132075471698 0.05565625000000007
0 0.641188679245283 0.6682604166666667 0.3309622641509433 0.06469791666666656
0 0.6199622641509434 0.5944791666666667 0.37145283018867925 0.0665625000000001
0 0.5643018867924527 0.5338333333333334 0.3360943396226415 0.059499999999999886
0 0.5075094339622642 0.48160416666666667 0.3060000000000001 0.05071874999999994
0 0.4463018867924528 0.43039583333333337 0.2798301886792453 0.05501041666666673
0 0.4287358490566038 0.3843958333333333 0.24866037735849061 0.04847916666666663
0 0.441188679245283 0.3311875 0.24975471698113208 0.056020833333333304
0 0.4720943396226415 0.288875 0.2534905660377358 0.04556250000000001
0 0.5089622641509434 0.24493749999999997 0.2567924528301887 0.06542708333333327
0 0.5395849056603774 0.20127083333333334 0.22416981132075461 0.04921875
0 0.5684150943396227 0.15498958333333332 0.19454716981132078 0.03237499999999998
0 0.5493396226415094 0.10744791666666667 0.24767924528301882 0.033718750000000006
0 0.5417169811320754 0.06998958333333333 0.2800943396226416 0.0289375
0 0.3533207547169811 0.9293541666666666 0.41662264150943384 0.08771875000000004