0 0.6049245283018868 0.8910833333333333 0.20756603773584903 0.07793749999999994
0 0.6242264150943396 0.8303125 0.21471698113207538 0.0605625000000001
0 0.6129433962264151 0.7701041666666666 0.18584905660377357 0.05471874999999997
0 0.5777735849056604 0.7056979166666667 0.2161509433962263 0.06355208333333333
0 0.5394528301886793 0.6368854166666666 0.1841132075471699 0.07490625000000009
0 0.4993018867924528 0.5766666666666667 0.21871698113207538 0.06275000000000001
0 0.4742830188679245 0.51953125 0.22300000000000011 0.057062499999999974
0 0.4459811320754717 0.46965625 0.2166981132075472 0.06841666666666674
0 0.4465471698113208 0.41141666666666665 0.19267924528301889 0.049156249999999936
0 0.45526415094339623 0.36824999999999997 0.20383018867924535 0.05657291666666661
0 0.468566037735849 0.315375 0.21156603773584906 0.05498958333333329
0 0.49700000000000005 0.2699166666666667 0.20041509433962268 0.05435416666666661
0 0.5197358490566037 0.23361458333333335 0.1606792452830188 0.05118749999999998
0 0.5280188679245283 0.19155208333333332 0.16696226415094342 0.04692708333333335
0 0.5396037735849056 0.15169791666666665 0.17811320754716978 0.047708333333333346
0 0.5215849056603774 0.11310416666666666 0.18554716981132083 0.042812499999999996
0 0.49633962264150944 0.07058333333333335 0.16788679245283022 0.03828125