0 0.41615094339622644 0.06501041666666667 0.2858301886792453 0.04775
0 0.43345283018867925 0.10173958333333334 0.23526415094339623 0.050687499999999996
0 0.45407547169811324 0.142875 0.21796226415094336 0.052156249999999994
0 0.4720377358490566 0.17226041666666667 0.20864150943396234 0.043343750000000014
0 0.47867924528301886 0.21595833333333334 0.2246037735849056 0.05288541666666665
0 0.4813396226415095 0.25856250000000003 0.23790566037735855 0.05288541666666665
0 0.4793396226415095 0.30852083333333336 0.24988679245283008 0.05435416666666661
0 0.4813396226415095 0.35369791666666667 0.2618679245283018 0.05656249999999995
0 0.488 0.40658333333333335 0.2512075471698113 0.06537499999999999
0 0.4720188679245283 0.45946875 0.2512264150943397 0.059500000000000004
0 0.45473584905660375 0.5182395833333333 0.2565471698113208 0.07125000000000009
0 0.4487358490566038 0.5957291666666666 0.2711698113207547 0.07052083333333338
0 0.4660377358490566 0.6486249999999999 0.2871320754716982 0.0675833333333332
0 0.4780188679245283 0.7055520833333334 0.30043396226415087 0.05215624999999993
0 0.48 0.7606458333333334 0.31507547169811323 0.06831249999999993
0 0.47069811320754723 0.8219791666666667 0.31507547169811323 0.06905208333333329
0 0.4567169811320755 0.8741354166666666 0.3350377358490567 0.060239583333333256