0 0.4905283018867925 0.87121875 0.3408867924528301 0.07374999999999995
0 0.502245283018868 0.7960208333333333 0.3216415094339623 0.059281250000000084
0 0.5022641509433962 0.7280625000000001 0.27973584905660376 0.07374999999999995
0 0.4996415094339623 0.6586562499999999 0.31639622641509424 0.06507291666666669
0 0.48522641509433967 0.5856354166666667 0.3137735849056605 0.07808333333333337
0 0.4642830188679245 0.5234479166666667 0.2771320754716981 0.06940625000000011
0 0.4603584905660377 0.46561458333333333 0.2902264150943395 0.06072916666666662
0 0.425 0.40632291666666664 0.25620754716981126 0.05205208333333336
0 0.40798113207547165 0.36656249999999996 0.2954716981132075 0.04771874999999994
0 0.43156603773584906 0.31594791666666666 0.2902264150943396 0.04771875000000006
0 0.45643396226415095 0.2660625 0.2457169811320754 0.054947916666666666
0 0.4957169811320755 0.2248541666666667 0.26664150943396214 0.059281249999999966
0 0.5009622641509434 0.17423958333333334 0.22998113207547166 0.05928125000000003
0 0.5363018867924528 0.12796875 0.22211320754716987 0.062177083333333334
0 0.5363018867924528 0.07953125 0.21688679245283027 0.04916666666666666
0 0.4946226415094339 0.9288645833333333 0.3555849056603774 0.059041666666666735
0 0.5138490566037736 0.04002083333333333 0.21647169811320757 0.04034374999999999