0 0.39752830188679245 0.0741875 0.24856603773584907 0.05288541666666668
0 0.412811320754717 0.10467708333333332 0.24722641509433968 0.04628125000000001
0 0.4201320754716981 0.136625 0.23258490566037732 0.049947916666666654
0 0.4334339622641509 0.16454166666666667 0.2219433962264151 0.04701041666666666
0 0.45273584905660375 0.21376041666666667 0.24988679245283008 0.057291666666666664
0 0.43011320754716975 0.25672916666666673 0.24456603773584906 0.05509374999999998
0 0.4227924528301887 0.29933333333333334 0.26452830188679244 0.05803125000000004
0 0.3975094339622642 0.34671875 0.26718867924528306 0.057291666666666664
0 0.39486792452830183 0.3874791666666667 0.24856603773584907 0.05509374999999998
0 0.3848867924528302 0.4322916666666667 0.2632075471698113 0.06684374999999995
0 0.37622641509433963 0.49105208333333333 0.28315094339622643 0.07124999999999998
0 0.33432075471698114 0.5468854166666667 0.27118867924528306 0.062437500000000055
0 0.34564150943396227 0.6151979166666667 0.2831698113207548 0.07125000000000009
0 0.39152830188679244 0.6706562500000001 0.26852830188679233 0.06464583333333328
0 0.42345283018867924 0.7253854166666667 0.29245283018867924 0.0639062499999999
0 0.4247924528301886 0.7801041666666666 0.300433962264151 0.07198958333333323
0 0.4181320754716981 0.8399791666666666 0.30577358490566026 0.05803125000000004