0 0.48656603773584906 0.87340625 0.20984905660377365 0.0754062500000001
0 0.5257358490566038 0.7981145833333334 0.200132075471698 0.07761458333333332
0 0.5641886792452829 0.7255104166666667 0.22043396226415102 0.07129166666666673
0 0.5799056603773586 0.6704270833333333 0.18898113207547163 0.05834374999999999
0 0.5584716981132075 0.6031875 0.20899999999999996 0.06969791666666675
0 0.5333207547169811 0.5413125 0.19641509433962268 0.06401041666666671
0 0.5123018867924528 0.5043854166666667 0.1984150943396226 0.052635416666666636
0 0.4716981132075472 0.44873958333333336 0.20526415094339615 0.06289583333333333
0 0.4568301886792453 0.39247916666666666 0.18926415094339613 0.06178124999999994
0 0.4479811320754717 0.333125 0.19554716981132073 0.05735416666666673
0 0.45469811320754716 0.28088541666666667 0.1649622641509435 0.06397916666666663
0 0.488 0.22880208333333335 0.14981132075471693 0.06396875000000003
0 0.5031509433962265 0.17623958333333334 0.1423773584905661 0.04912499999999997
0 0.5227358490566038 0.12983333333333333 0.13752830188679244 0.053541666666666675
0 0.5214528301886793 0.08351041666666667 0.15724528301886798 0.054645833333333345
0 0.5190188679245282 0.04917708333333334 0.16783018867924537 0.038062500000000006
0 0.4527169811320755 0.9396562500000001 0.2094905660377358 0.05244791666666657