0 0.6485283018867926 0.8526458333333333 0.3262264150943396 0.08535416666666672
0 0.6726792452830188 0.7760937499999999 0.31103773584905664 0.07113541666666663
0 0.5621698113207547 0.7161979166666667 0.31877358490566027 0.08676041666666663
0 0.41537735849056606 0.6473854166666667 0.243566037735849 0.08548958333333327
0 0.31360377358490565 0.5916666666666667 0.30416981132075466 0.07380208333333324
0 0.28358490566037736 0.52584375 0.30703773584905664 0.07284374999999994
0 0.28373584905660376 0.4657916666666667 0.30101886792452826 0.08246874999999995
0 0.333188679245283 0.41560416666666666 0.25928301886792454 0.08182291666666662
0 0.40537735849056605 0.3625625 0.26930188679245276 0.07740625000000007
0 0.46184905660377357 0.31056249999999996 0.30503773584905663 0.07408333333333333
0 0.5155849056603773 0.26029166666666664 0.24901886792452835 0.0672916666666667
0 0.5428867924528302 0.20504166666666668 0.23443396226415095 0.06096875000000003
0 0.5703396226415094 0.16030208333333332 0.21386792452830192 0.06522916666666667
0 0.5813396226415095 0.11594791666666666 0.19184905660377372 0.05290625000000002
0 0.575188679245283 0.07632291666666666 0.1984150943396226 0.0500625
0 0.5760943396226414 0.043625000000000004 0.24952830188679245 0.037760416666666664
0 0.5949433962264151 0.9316458333333333 0.3815849056603774 0.06640625