0 0.4345283018867925 0.07877083333333333 0.1881132075471699 0.05148958333333334
0 0.4220943396226415 0.12091666666666666 0.2129811320754717 0.052437500000000005
0 0.37735849056603776 0.16471875 0.20526415094339626 0.05322916666666669
0 0.32275471698113206 0.21498958333333332 0.23441509433962265 0.060020833333333336
0 0.25528301886792454 0.2538958333333333 0.20352830188679247 0.05797916666666663
0 0.21667924528301888 0.30503125 0.2235283018867924 0.06303125
0 0.16707547169811318 0.35128125000000004 0.23124528301886793 0.06524999999999999
0 0.18294339622641512 0.41354166666666664 0.2566981132075472 0.05436458333333339
0 0.21383018867924528 0.4670520833333333 0.2807169811320755 0.06415625000000004
0 0.24256603773584906 0.5335833333333333 0.26899999999999996 0.06684375000000008
0 0.30460377358490565 0.5937187500000001 0.24213207547169818 0.057072916666666626
0 0.4156603773584906 0.6548854166666668 0.27162264150943405 0.0925937500000001
0 0.49326415094339626 0.7153333333333334 0.31820754716981126 0.09164583333333336
0 0.5791886792452831 0.7849375 0.28988679245283017 0.10712499999999991
0 0.6207924528301887 0.85778125 0.29592452830188687 0.07824999999999989
0 0.6628301886792453 0.9400104166666666 0.29192452830188687 0.06215625000000007
0 0.4339056603773585 0.03590625 0.1933396226415094 0.043229166666666666