0 0.4230188679245283 0.05757291666666667 0.20675471698113215 0.049843750000000006
0 0.4401509433962264 0.10226041666666667 0.191188679245283 0.048125000000000015
0 0.43624528301886795 0.14480208333333333 0.20207547169811313 0.05413541666666669
0 0.4245849056603773 0.18862500000000001 0.19430188679245286 0.05413541666666664
0 0.4082452830188679 0.22815625 0.192754716981132 0.06272916666666664
0 0.38567924528301883 0.27799999999999997 0.20052830188679252 0.06101041666666672
0 0.3662264150943396 0.3175208333333333 0.19898113207547166 0.059291666666666624
0 0.34832075471698115 0.36392708333333335 0.2098867924528302 0.06444791666666667
0 0.34520754716981134 0.4124791666666667 0.2223396226415094 0.06187499999999998
0 0.3514339622641509 0.46275 0.2223396226415095 0.06616666666666665
0 0.3701132075471698 0.51946875 0.23166037735849063 0.06788541666666663
0 0.39111320754716977 0.5796250000000001 0.23320754716981126 0.07476041666666665
0 0.4370377358490566 0.6406354166666667 0.21609433962264146 0.07304166666666655
0 0.47905660377358494 0.7102395833333334 0.26277358490566044 0.0730416666666668
0 0.501622641509434 0.7746979166666667 0.2549811320754717 0.0781979166666666
0 0.5156226415094339 0.8460208333333333 0.26743396226415095 0.07476041666666665
0 0.5055094339622642 0.9096041666666667 0.2689811320754718 0.07476041666666665