0 0.5741509433962264 0.057583333333333334 0.20203773584905668 0.06655208333333332
0 0.5468867924528302 0.10242708333333334 0.18528301886792461 0.06944791666666665
0 0.5002641509433962 0.14525 0.18215094339622634 0.06944791666666668
0 0.4583396226415094 0.18547916666666667 0.18426415094339627 0.06770833333333333
0 0.3923018867924528 0.22425 0.16960377358490564 0.06770833333333333
0 0.32050943396226417 0.2627291666666667 0.17696226415094343 0.07176041666666665
0 0.25449056603773584 0.3026666666666667 0.19166037735849054 0.07291666666666667
0 0.2010377358490566 0.34721874999999996 0.19796226415094337 0.07176041666666665
0 0.17588679245283018 0.40711458333333334 0.1958679245283019 0.06886458333333335
0 0.1800754716981132 0.464125 0.1958679245283019 0.0752291666666667
0 0.20945283018867927 0.52459375 0.2149811320754717 0.08159374999999992
0 0.27652830188679245 0.5833333333333334 0.24643396226415096 0.09837500000000006
0 0.37033962264150944 0.6354166666666666 0.262188679245283 0.09837500000000006
0 0.4840377358490566 0.6898125 0.2506981132075472 0.10301041666666677
0 0.5710377358490566 0.7552083333333334 0.2779622641509433 0.09954166666666661
0 0.6103396226415094 0.8284166666666667 0.28322641509433966 0.08969791666666656
0 0.6076415094339623 0.9040729166666667 0.3199622641509435 0.09435416666666659