0 0.6196037735849056 0.06302083333333333 0.21975471698113214 0.04812499999999999
0 0.6099056603773585 0.10733333333333334 0.21422641509433957 0.049656249999999985
0 0.5946981132075472 0.15966666666666668 0.2446603773584905 0.055000000000000014
0 0.5192830188679246 0.1990104166666667 0.24883018867924528 0.06035416666666667
0 0.41620754716981134 0.24676041666666665 0.20318867924528303 0.06111458333333329
0 0.3580943396226415 0.29259375 0.22811320754716988 0.059583333333333384
0 0.32833962264150945 0.33995833333333336 0.2544150943396226 0.06264583333333332
0 0.35739622641509433 0.396875 0.29867924528301887 0.07257291666666663
0 0.38160377358490566 0.4553125 0.3111320754716981 0.07792708333333327
0 0.4452641509433962 0.5057291666666667 0.31664150943396213 0.07334375000000008
0 0.5241132075471697 0.5691458333333334 0.34152830188679245 0.07334375000000008
0 0.6009056603773585 0.6275833333333334 0.37333962264150944 0.07715624999999994
0 0.6237358490566037 0.69328125 0.3636415094339623 0.09396875000000003
0 0.5753018867924529 0.7612708333333333 0.3940943396226415 0.08632291666666679
0 0.49575471698113205 0.8273541666666666 0.38443396226415094 0.09931249999999991
0 0.3947547169811321 0.8941979166666666 0.40658490566037736 0.1000729166666666
0 0.34977358490566035 0.9382395833333333 0.41728301886792446 0.10565625000000006