0 0.5338867924528301 0.04296875 0.23658490566037732 0.05362499999999999
0 0.5392075471698112 0.08557291666666668 0.24722641509433957 0.059500000000000004
0 0.5378867924528301 0.13589583333333335 0.2525471698113208 0.061708333333333344
0 0.5352264150943397 0.18547916666666667 0.23390566037735855 0.07124999999999998
0 0.46737735849056605 0.23910416666666662 0.24190566037735844 0.06390625000000003
0 0.3709245283018869 0.2820729166666667 0.24858490566037736 0.07345833333333332
0 0.3050754716981132 0.32431249999999995 0.25260377358490566 0.06978125
0 0.25384905660377355 0.3716875 0.2805471698113208 0.07052083333333338
0 0.25584905660377355 0.42861458333333335 0.2951698113207547 0.062437500000000055
0 0.2977547169811321 0.48040625 0.3177924528301887 0.07639583333333337
0 0.39952830188679245 0.5395416666666667 0.3111132075471698 0.07565625000000012
0 0.4780188679245283 0.6001354166666667 0.30577358490566037 0.08667708333333338
0 0.5551698113207547 0.6622083333333334 0.3217169811320755 0.07859375000000005
0 0.5811132075471698 0.7268541666666667 0.3389999999999999 0.08594791666666665
0 0.5731320754716981 0.7999375000000001 0.30973584905660373 0.07933333333333342
0 0.5385471698113208 0.8774375 0.3257169811320755 0.0947604166666667
0 0.509943396226415 0.9541979166666666 0.3483396226415094 0.08814583333333322