0 0.5156037735849056 0.8623958333333334 0.27366037735849047 0.07483333333333325
0 0.5567924528301887 0.7821770833333334 0.2503584905660378 0.0809479166666667
0 0.5786037735849057 0.7039166666666666 0.22250943396226405 0.06535416666666667
0 0.5520377358490566 0.6334895833333333 0.2228490566037736 0.0749270833333334
0 0.47237735849056606 0.5734166666666667 0.19456603773584907 0.06393750000000012
0 0.36639622641509434 0.5283229166666666 0.21837735849056605 0.07108333333333335
0 0.2782641509433962 0.482375 0.20045283018867927 0.0667083333333333
0 0.24367924528301887 0.42922916666666666 0.2049433962264151 0.07154166666666661
0 0.2377547169811321 0.37030208333333337 0.1999433962264151 0.06347916666666673
0 0.2904905660377359 0.3229375 0.18537735849056602 0.0691041666666667
0 0.3795849056603774 0.27860416666666665 0.16811320754716985 0.07509375000000003
0 0.4561509433962264 0.24026041666666667 0.15320754716981141 0.06465625
0 0.5163018867924528 0.19782291666666665 0.1637924528301886 0.06498958333333332
0 0.5435849056603774 0.13980208333333335 0.15664150943396224 0.06063541666666664
0 0.5395283018867925 0.08493750000000001 0.19996226415094343 0.05313541666666666
0 0.5350566037735849 0.04426041666666667 0.18415094339622645 0.047510416666666666
0 0.4803962264150944 0.9324791666666666 0.3379433962264151 0.09377083333333332