0 0.6663962264150943 0.09416666666666668 0.20471698113207548 0.05859375
0 0.6312264150943396 0.14135416666666664 0.17213207547169815 0.05576041666666664
0 0.5884905660377358 0.1831875 0.2061509433962264 0.06996875000000001
0 0.5230188679245282 0.22792708333333334 0.18841509433962267 0.06570833333333331
0 0.45841509433962263 0.26517708333333334 0.19754716981132073 0.06382291666666665
0 0.39337735849056604 0.30723958333333334 0.22469811320754723 0.06808333333333334
0 0.36333962264150943 0.35459375000000004 0.2275471698113208 0.05862499999999997
0 0.3739245283018868 0.41409375 0.22354716981132078 0.059572916666666725
0 0.4319622641509434 0.46690625 0.22962264150943404 0.06961458333333338
0 0.5254150943396227 0.5108854166666666 0.24775471698113197 0.08332291666666668
0 0.6200943396226415 0.5580416666666667 0.26558490566037735 0.08434375000000002
0 0.7031320754716982 0.6181875 0.2970754716981131 0.06495833333333323
0 0.7244339622641509 0.6921250000000001 0.28307547169811315 0.07176041666666677
0 0.6846981132075471 0.7618958333333333 0.31679245283018864 0.07113541666666663
0 0.6353773584905661 0.8255 0.31250943396226416 0.07335416666666675
0 0.5246037735849057 0.8834270833333334 0.29390566037735844 0.07114583333333328
0 0.6711132075471699 0.046875 0.24592452830188685 0.04116666666666668