0 0.5474150943396227 0.166375 0.19471698113207556 0.05613541666666665
0 0.5333018867924528 0.20775 0.18573584905660387 0.057875
0 0.514433962264151 0.2531875 0.19201886792452827 0.06655208333333332
0 0.49292452830188677 0.3052708333333333 0.21988679245283013 0.07002083333333337
0 0.462 0.34924999999999995 0.24190566037735856 0.06076041666666671
0 0.44313207547169814 0.3990208333333333 0.23771698113207548 0.0630833333333334
0 0.43579245283018875 0.45457291666666666 0.2335283018867924 0.0642395833333333
0 0.45100000000000007 0.5107083333333333 0.2450566037735849 0.07002083333333337
0 0.4745849056603773 0.5717604166666667 0.2376981132075472 0.08448958333333323
0 0.5264905660377359 0.6377291666666667 0.23498113207547164 0.08564583333333337
0 0.5616037735849057 0.7060208333333333 0.23603773584905666 0.07754166666666672
0 0.5820377358490566 0.77228125 0.24128301886792453 0.07581249999999998
0 0.5862264150943396 0.84375 0.25805660377358486 0.0810208333333333
0 0.5605471698113207 0.9241875 0.2737735849056604 0.08912499999999994
0 0.5320754716981132 0.96875 0.35471698113207545 0.0625
0 0.5389056603773585 0.1243125 0.18092452830188677 0.05415625000000001
0 0.5138490566037736 0.08165625 0.16835849056603777 0.051906250000000015