0 0.5846415094339623 0.8449895833333334 0.24245283018867925 0.05962500000000001
0 0.5920754716981133 0.7734895833333333 0.24473584905660384 0.07634374999999996
0 0.5794905660377359 0.7023854166666667 0.20700000000000007 0.06386458333333328
0 0.4978679245283019 0.6304166666666667 0.23871698113207543 0.07207291666666672
0 0.42124528301886793 0.5787187500000001 0.24900000000000005 0.06180208333333326
0 0.33390566037735847 0.5226875 0.2063962264150943 0.07600000000000004
0 0.2618490566037736 0.46484375 0.2132452830188679 0.08120833333333337
0 0.2123962264150943 0.41598958333333336 0.2149622641509434 0.055781249999999956
0 0.2030943396226415 0.36130208333333336 0.22781132075471694 0.060989583333333285
0 0.1840943396226415 0.3084270833333333 0.20866037735849063 0.05940624999999997
0 0.2395471698113207 0.25823958333333336 0.20637735849056604 0.049302083333333316
0 0.2955849056603774 0.20914583333333334 0.18009433962264149 0.062229166666666676
0 0.3430566037735849 0.16527083333333334 0.19952830188679246 0.06475000000000003
0 0.3839245283018868 0.11522916666666667 0.18067924528301885 0.04802083333333336
0 0.4351132075471698 0.07135416666666666 0.16981132075471697 0.05054166666666668
0 0.4755660377358491 0.038364583333333334 0.16896226415094331 0.04706250000000001
0 0.557188679245283 0.91515625 0.26303773584905654 0.06452083333333339