0 0.5462264150943397 0.8515833333333334 0.29009433962264153 0.08911458333333329
0 0.47 0.77903125 0.3053396226415094 0.08058333333333323
0 0.4007169811320755 0.7104270833333334 0.3219056603773585 0.07678125000000004
0 0.33933962264150935 0.643875 0.2997924528301886 0.06888541666666655
0 0.29835849056603775 0.5771041666666666 0.3093207547169811 0.07192708333333328
0 0.3050188679245283 0.52096875 0.2730943396226415 0.0684479166666667
0 0.3352264150943396 0.4650416666666667 0.2774905660377358 0.05613541666666665
0 0.3966037735849056 0.4103229166666667 0.24243396226415095 0.06243749999999994
0 0.4448301886792453 0.356875 0.22984905660377347 0.06201041666666664
0 0.46998113207547165 0.30362500000000003 0.22147169811320755 0.052749999999999984
0 0.49515094339622645 0.2540625 0.2130943396226414 0.05084375
0 0.48437735849056607 0.20488541666666665 0.1831698113207548 0.0450833333333333
0 0.4712264150943396 0.16001041666666668 0.19041509433962256 0.05486458333333335
0 0.4491132075471698 0.11334375000000001 0.19650943396226422 0.047177083333333356
0 0.4335849056603774 0.07592708333333334 0.21994339622641518 0.044114583333333325
0 0.4019622641509434 0.03191666666666667 0.20699999999999996 0.04002083333333333
0 0.5918679245283018 0.90925 0.31477358490566043 0.07066666666666659