0 0.5123584905660378 0.830125 0.3433207547169812 0.0717187499999999
0 0.5018113207547169 0.76171875 0.3363018867924528 0.06533333333333337
0 0.4926792452830189 0.6956458333333334 0.31609433962264144 0.0714895833333332
0 0.4621509433962264 0.6306458333333332 0.2963962264150944 0.06746874999999998
0 0.40033962264150946 0.5667604166666667 0.32747169811320764 0.07088541666666662
0 0.3676603773584906 0.5104270833333333 0.2907735849056604 0.05855208333333337
0 0.33726415094339623 0.46082291666666664 0.3046981132075472 0.0621458333333333
0 0.31566037735849056 0.4081666666666666 0.298188679245283 0.06122916666666664
0 0.3189433962264151 0.35378125 0.2817924528301886 0.062343750000000024
0 0.34196226415094344 0.30966666666666665 0.2785849056603773 0.07028125000000003
0 0.35722641509433967 0.2620104166666667 0.2836037735849057 0.06446874999999999
0 0.398188679245283 0.21528124999999998 0.2694150943396227 0.07015624999999996
0 0.44828301886792454 0.16879166666666665 0.2513207547169811 0.06063541666666664
0 0.47535849056603774 0.12751041666666665 0.23320754716981137 0.06333333333333334
0 0.5030188679245283 0.08387499999999999 0.2260754716981131 0.06494791666666666
0 0.5166415094339623 0.9035 0.5369245283018869 0.1144687500000001
0 0.55 0.043125 0.31303773584905653 0.05803124999999999