0 0.47935849056603774 0.06693750000000001 0.24581132075471693 0.04636458333333333
0 0.48645283018867924 0.10252083333333334 0.24107547169811316 0.044406249999999994
0 0.4982830188679245 0.14072916666666666 0.23871698113207543 0.04636458333333333
0 0.48173584905660377 0.17828125 0.2268867924528302 0.050937499999999976
0 0.47877358490566035 0.22594791666666666 0.22333962264150944 0.05223958333333331
0 0.4740377358490566 0.2749270833333333 0.23281132075471694 0.04962499999999999
0 0.4740377358490566 0.3154166666666667 0.24226415094339618 0.05223958333333331
0 0.49711320754716987 0.36863541666666666 0.2647358490566037 0.06072916666666662
0 0.492377358490566 0.420875 0.2741886792452831 0.05942708333333328
0 0.48350943396226415 0.4803020833333333 0.30849056603773584 0.06204166666666673
0 0.4592452830188679 0.5312395833333333 0.3522641509433962 0.06987499999999992
0 0.4296792452830189 0.588375 0.3286037735849057 0.05615625000000009
0 0.4438867924528302 0.6353958333333334 0.3167735849056604 0.06660416666666673
0 0.461622641509434 0.6886145833333334 0.2954905660377359 0.06204166666666661
0 0.47877358490566035 0.7470625 0.28484905660377363 0.057468750000000075
0 0.4941509433962264 0.8120416666666667 0.3037547169811321 0.0672604166666666
0 0.48883018867924527 0.8835416666666667 0.3356981132075471 0.07053125000000003