0 0.46358490566037736 0.0813125 0.17377358490566042 0.0491875
0 0.45990566037735847 0.12586458333333334 0.16433962264150948 0.0491875
0 0.4677735849056604 0.16492708333333334 0.16958490566037734 0.0625
0 0.4850566037735849 0.21730208333333334 0.18949056603773576 0.06076041666666665
0 0.49083018867924527 0.26476041666666666 0.19473584905660385 0.06308333333333334
0 0.4887358490566037 0.3153958333333333 0.1716792452830189 0.0625
0 0.4997358490566038 0.36863541666666666 0.1853018867924529 0.06481250000000002
0 0.5180754716981132 0.4247708333333333 0.19262264150943403 0.07291666666666667
0 0.5521320754716981 0.4765625 0.19996226415094343 0.07465624999999995
0 0.598811320754717 0.5321145833333333 0.23081132075471705 0.08274999999999993
0 0.6396415094339623 0.59925 0.23241509433962276 0.08275000000000006
0 0.6370188679245283 0.6747708333333333 0.24394339622641503 0.08217708333333344
0 0.6103396226415094 0.7476875 0.2350188679245282 0.10185416666666663
0 0.5233018867924528 0.8156874999999999 0.25969811320754715 0.10590625000000008
0 0.4310754716981132 0.8874375000000001 0.2555283018867925 0.0954895833333334
0 0.4061320754716981 0.94703125 0.29435849056603774 0.08613541666666673
0 0.4617169811320755 0.04230208333333333 0.17896226415094332 0.041979166666666665