0 0.6073396226415094 0.06366666666666666 0.16967924528301898 0.06227083333333334
0 0.5879811320754716 0.11292708333333333 0.17811320754716978 0.06413541666666665
0 0.5416981132075472 0.15057291666666667 0.17643396226415092 0.06506249999999998
0 0.4878301886792453 0.19983333333333334 0.18990566037735845 0.07063541666666667
0 0.4146037735849057 0.24026041666666667 0.1882452830188679 0.07899999999999997
0 0.35988679245283023 0.2867395833333333 0.23707547169811316 0.08458333333333339
0 0.3371698113207547 0.3378541666666666 0.22530188679245278 0.06413541666666672
0 0.35735849056603775 0.38340625 0.24886792452830195 0.06413541666666672
0 0.3952452830188679 0.4438125 0.2168679245283019 0.07528124999999998
0 0.467622641509434 0.48842708333333335 0.24715094339622642 0.08458333333333339
0 0.5509433962264151 0.5344374999999999 0.22524528301886793 0.07249999999999991
0 0.6182830188679245 0.5897395833333333 0.245433962264151 0.08458333333333339
0 0.6410188679245283 0.6450416666666666 0.21681132075471693 0.07621875000000007
0 0.6241698113207548 0.7180104166666667 0.24711320754716987 0.08086458333333345
0 0.5543207547169812 0.7821354166666666 0.25554716981132064 0.09015624999999995
0 0.5021320754716981 0.84209375 0.2959622641509434 0.09480208333333333
0 0.6112075471698113 0.032739583333333336 0.19084905660377355 0.05357291666666666