0 0.4726981132075472 0.03966666666666666 0.21264150943396223 0.04260416666666667
0 0.4760188679245283 0.06978124999999999 0.2006603773584905 0.03819791666666665
0 0.49 0.10797916666666667 0.17537735849056613 0.048479166666666657
0 0.49598113207547173 0.1516875 0.18735849056603765 0.04921875
0 0.5026226415094339 0.20016666666666666 0.1740566037735849 0.052156249999999994
0 0.49798113207547173 0.24644791666666663 0.18069811320754714 0.059500000000000004
0 0.4913207547169811 0.30301041666666667 0.18601886792452837 0.05362500000000002
0 0.4853396226415095 0.35479166666666667 0.2006603773584906 0.04994791666666672
0 0.49864150943396224 0.4014375 0.2219433962264151 0.05362500000000002
0 0.513943396226415 0.44771875 0.2259245283018868 0.059500000000000004
0 0.5478490566037736 0.50575 0.24588679245283007 0.06978125
0 0.5604905660377358 0.5692916666666666 0.23922641509433956 0.06905208333333329
0 0.5851132075471699 0.6361354166666667 0.26449056603773596 0.06464583333333328
0 0.5824528301886792 0.7051875 0.25916981132075473 0.07639583333333325
0 0.5618301886792453 0.7742291666666666 0.2764716981132075 0.07639583333333325
0 0.526566037735849 0.83446875 0.301754716981132 0.08373958333333344
0 0.46469811320754717 0.8936041666666666 0.34567924528301885 0.08301041666666673