0 0.4751320754716981 0.8675625 0.24986792452830178 0.07761458333333332
0 0.5090188679245282 0.7950416666666666 0.21069811320754708 0.06797916666666666
0 0.5437547169811321 0.7271666666666667 0.1984150943396226 0.07113541666666663
0 0.5657547169811321 0.6661666666666667 0.21728301886792448 0.06370833333333342
0 0.5716226415094339 0.5967916666666666 0.22271698113207541 0.0603854166666667
0 0.5381698113207547 0.5368958333333332 0.21528301886792456 0.060218749999999946
0 0.5005849056603774 0.48448958333333336 0.18754716981132072 0.054531250000000024
0 0.479 0.43816666666666665 0.21356603773584915 0.05563541666666663
0 0.4736981132075472 0.38458333333333333 0.1841132075471699 0.049156249999999936
0 0.46841509433962264 0.3402291666666667 0.20041509433962268 0.055781249999999956
0 0.4748490566037736 0.2819895833333333 0.19898113207547166 0.052302083333333374
0 0.4875660377358491 0.2441041666666667 0.1735471698113208 0.05860416666666666
0 0.5058679245283019 0.19202083333333334 0.15409433962264144 0.045979166666666654
0 0.5268867924528302 0.14980208333333334 0.15209433962264154 0.04833333333333331
0 0.5388867924528302 0.10758333333333334 0.15096226415094338 0.05069791666666668
0 0.5370377358490566 0.07238541666666666 0.16611320754716974 0.03586458333333334
0 0.46273584905660375 0.9442395833333334 0.26864150943396226 0.07423958333333332