0 0.5077358490566038 0.7660729166666667 0.2647358490566037 0.0753958333333332
0 0.549320754716981 0.6993854166666666 0.2787547169811321 0.06355208333333333
0 0.5869245283018868 0.628125 0.272188679245283 0.07033333333333332
0 0.5737735849056604 0.5712291666666667 0.25845283018867926 0.06416666666666657
0 0.5621886792452829 0.5158229166666667 0.2415849056603773 0.06447916666666664
0 0.5484716981132075 0.46215625 0.2518867924528302 0.06131250000000001
0 0.5317358490566038 0.4075520833333333 0.26245283018867926 0.06320833333333328
0 0.5383207547169812 0.35562499999999997 0.237867924528302 0.05657291666666661
0 0.5326037735849056 0.31016666666666665 0.22643396226415094 0.05592708333333339
0 0.5347358490566039 0.2678645833333333 0.19928301886792454 0.06161458333333331
0 0.568622641509434 0.22651041666666666 0.22300000000000011 0.062239583333333334
0 0.5829245283018868 0.17300000000000001 0.18869811320754715 0.05244791666666669
0 0.5944905660377359 0.12904166666666667 0.20556603773584914 0.058281249999999986
0 0.5957735849056603 0.09123958333333333 0.2144339622641509 0.04864583333333332
0 0.6102264150943396 0.04996875 0.2370188679245283 0.04595833333333334
0 0.45679245283018866 0.8312395833333334 0.3252830188679246 0.0746770833333334
0 0.4557547169811321 0.8982291666666666 0.3612264150943395 0.06889583333333343