0 0.48603773584905663 0.8703958333333334 0.38792452830188684 0.0784479166666666
0 0.5137358490566037 0.8002708333333334 0.3570377358490566 0.07808333333333337
0 0.5625094339622642 0.7374479166666668 0.35754716981132073 0.06851041666666664
0 0.5990188679245283 0.66834375 0.27962264150943406 0.05529166666666659
0 0.5398301886792453 0.07988541666666667 0.23133962264150945 0.04505208333333333
0 0.5117735849056604 0.12295833333333335 0.22373584905660385 0.05085416666666666
0 0.45222641509433964 0.20512499999999997 0.1908867924528301 0.05147916666666668
0 0.41888679245283017 0.24921875 0.18892452830188677 0.04442708333333331
0 0.41081132075471694 0.29573958333333333 0.2590188679245284 0.05413541666666669
0 0.4294339622641509 0.3445625 0.28547169811320755 0.056552083333333295
0 0.42760377358490564 0.38939583333333333 0.30875471698113205 0.04800000000000004
0 0.466811320754717 0.4438333333333333 0.2842641509433963 0.05270833333333336
0 0.5175283018867924 0.4877916666666666 0.3053396226415095 0.05133333333333331
0 0.5629811320754717 0.5323541666666666 0.28303773584905656 0.05414583333333335
0 0.6043962264150943 0.6006458333333333 0.3227547169811322 0.0716979166666666
0 0.4913018867924528 0.17003125 0.22054716981132072 0.05136458333333334
0 0.545188679245283 0.043895833333333335 0.25822641509433963 0.052083333333333336