0 0.5192075471698113 0.05102083333333333 0.18024528301886789 0.03441666666666667
0 0.5082641509433962 0.08392708333333333 0.16930188679245287 0.04709375000000001
0 0.5055471698113208 0.12890625 0.17477358490566036 0.05132291666666665
0 0.5022641509433962 0.16875 0.15947169811320752 0.04769791666666669
0 0.49460377358490565 0.21161458333333333 0.16384905660377364 0.050114583333333344
0 0.4973396226415094 0.25840625 0.16492452830188672 0.048302083333333336
0 0.4967924528301887 0.301875 0.1791509433962265 0.048302083333333336
0 0.5148301886792453 0.349875 0.18243396226415104 0.05132291666666665
0 0.5361509433962265 0.3963645833333333 0.20756603773584903 0.050114583333333344
0 0.584811320754717 0.4440625 0.21958490566037736 0.05977083333333333
0 0.630188679245283 0.4959895833333333 0.22722641509433975 0.05735416666666661
0 0.6547924528301887 0.5557604166666666 0.22613207547169817 0.06218750000000005
0 0.6635471698113208 0.611 0.22832075471698113 0.07123958333333344
0 0.6274528301886793 0.6665520833333333 0.23269811320754724 0.07728125000000005
0 0.5722264150943396 0.7242083333333333 0.23818867924528303 0.07788541666666665
0 0.5033396226415094 0.7830729166666667 0.271 0.07848958333333324
0 0.4596037735849057 0.84375 0.2906981132075472 0.08392708333333326