0 0.4342075471698113 0.9202708333333334 0.3373018867924528 0.08789583333333345
0 0.4367735849056604 0.8380624999999999 0.30475471698113205 0.07801041666666678
0 0.45564150943396226 0.7699583333333333 0.2670188679245283 0.06263541666666678
0 0.484622641509434 0.7110416666666667 0.2570566037735849 0.07814583333333332
0 0.49594339622641515 0.6541145833333334 0.23441509433962265 0.051781250000000036
0 0.5279999999999999 0.5941562499999999 0.2594150943396227 0.06937499999999991
0 0.5202830188679245 0.5319270833333333 0.2679999999999999 0.05741666666666655
0 0.5082830188679245 0.4704583333333333 0.24399999999999988 0.05530208333333337
0 0.5053773584905661 0.419875 0.21554716981132077 0.05414583333333335
0 0.5105094339622641 0.3693854166666667 0.22583018867924518 0.04899999999999996
0 0.49884905660377354 0.32686458333333335 0.18741509433962272 0.04311458333333332
0 0.5211509433962264 0.2753333333333333 0.23200000000000007 0.040062500000000036
0 0.519433962264151 0.23365625 0.22856603773584902 0.04004166666666666
0 0.5003962264150943 0.18790625 0.19805660377358494 0.044375000000000026
0 0.4930188679245283 0.14632291666666666 0.20594339622641505 0.04037499999999999
0 0.48735849056603775 0.10152083333333332 0.21726415094339618 0.046614583333333334
0 0.4546415094339623 0.06770833333333333 0.2613396226415094 0.044270833333333336