0 0.660245283018868 0.041604166666666664 0.21130188679245285 0.0500625
0 0.648811320754717 0.08066666666666666 0.18843396226415096 0.041385416666666654
0 0.6247924528301887 0.12122916666666667 0.19071698113207555 0.03917708333333335
0 0.6003584905660377 0.16723958333333336 0.21100000000000008 0.05134375000000002
0 0.5800566037735849 0.21119791666666668 0.2458867924528303 0.045500000000000006
0 0.5742075471698113 0.25996874999999997 0.24045283018867913 0.04582291666666668
0 0.5621886792452829 0.31521875 0.2415849056603773 0.05214583333333327
0 0.5480377358490566 0.36564583333333334 0.2698867924528301 0.052312500000000026
0 0.5298867924528301 0.41670833333333335 0.2776037735849057 0.06067708333333333
0 0.5211698113207548 0.4730520833333333 0.2664528301886793 0.05532291666666668
0 0.5477547169811321 0.5291666666666667 0.3447924528301887 0.05990624999999999
0 0.544188679245283 0.5897708333333332 0.30620754716981124 0.04917708333333337
0 0.5553396226415094 0.6405208333333333 0.3410754716981132 0.07080208333333336
0 0.5834905660377359 0.7075937499999999 0.29049056603773593 0.0660833333333334
0 0.5902075471698113 0.7671041666666666 0.32279245283018876 0.0670312499999999
0 0.552754716981132 0.8303958333333333 0.3233584905660377 0.08251041666666671
0 0.5077358490566038 0.9036354166666667 0.3905283018867925 0.06231249999999993