0 0.5583396226415095 0.86078125 0.4036981132075472 0.09118749999999996
0 0.5634905660377358 0.7873854166666666 0.37624528301886784 0.08329166666666671
0 0.5579056603773584 0.7176145833333333 0.3588113207547169 0.061812499999999916
0 0.5561886792452829 0.6421770833333333 0.36796226415094335 0.07064583333333327
0 0.5300377358490567 0.5740625 0.368811320754717 0.06795833333333334
0 0.48543396226415086 0.5143229166666666 0.3836792452830189 0.058010416666666724
0 0.4491132075471698 0.4556145833333333 0.3362075471698113 0.05863541666666663
0 0.4069433962264151 0.39365625000000004 0.34620754716981134 0.05626041666666666
0 0.3960943396226415 0.3499375 0.2993207547169811 0.0521458333333334
0 0.38407547169811324 0.2970625 0.30045283018867924 0.05056249999999996
0 0.40266037735849064 0.24805208333333334 0.2747358490566038 0.06018749999999997
0 0.4418301886792453 0.20425000000000001 0.2650188679245283 0.059395833333333314
0 0.4958679245283019 0.16282291666666668 0.2598867924528302 0.06333333333333334
0 0.5404716981132075 0.1116875 0.2736037735849056 0.058281249999999986
0 0.5690566037735849 0.06875 0.2678867924528302 0.05575000000000001
0 0.5430566037735849 0.9420625 0.43347169811320757 0.061197916666666664
0 0.5737169811320755 0.03060416666666666 0.2778301886792453 0.032552083333333336