0 0.5395660377358491 0.05555208333333333 0.22092452830188686 0.05092708333333335
0 0.5642264150943397 0.09345833333333334 0.2140377358490565 0.0491875
0 0.5662830188679245 0.1305 0.2177735849056603 0.0549791666666667
0 0.5212075471698113 0.18258333333333335 0.22196226415094336 0.06886458333333335
0 0.486622641509434 0.22482291666666668 0.29533962264150937 0.07233333333333333
0 0.4347358490566038 0.27459375 0.317377358490566 0.07349999999999994
0 0.38758490566037734 0.3249375 0.2880377358490567 0.0642395833333333
0 0.3744716981132075 0.37355208333333334 0.30796226415094335 0.0653958333333333
0 0.370811320754717 0.43200000000000005 0.2922264150943396 0.078125
0 0.3807735849056604 0.4971041666666667 0.2639245283018868 0.07407291666666656
0 0.41539622641509427 0.5529479166666668 0.2957358490566038 0.078125
0 0.45679245283018866 0.61603125 0.2989056603773585 0.0920104166666666
0 0.5165283018867924 0.6793958333333333 0.2821509433962264 0.08912499999999994
0 0.5636981132075471 0.7517395833333332 0.30101886792452826 0.08680208333333325
0 0.5799433962264151 0.8266770833333333 0.32094339622641516 0.08159374999999992
0 0.5799056603773586 0.8984375 0.3372452830188679 0.0769687500000001
0 0.5716981132075472 0.9588541666666667 0.4075471698113208 0.08229166666666667