0 0.6008679245283018 0.06857291666666666 0.2659622641509435 0.05266666666666667
0 0.599811320754717 0.10851041666666665 0.24500000000000005 0.05266666666666667
0 0.6013962264150944 0.14757291666666666 0.23977358490566045 0.055552083333333314
0 0.582 0.19039583333333335 0.23452830188679236 0.057875
0 0.561566037735849 0.24277083333333332 0.27332075471698114 0.07350000000000007
0 0.5212075471698113 0.2948541666666667 0.25550943396226405 0.06655208333333332
0 0.49762264150943397 0.34404166666666663 0.33201886792452834 0.06655208333333332
0 0.48924528301886794 0.3926458333333333 0.36556603773584906 0.07696874999999999
0 0.48452830188679247 0.45167708333333334 0.31420754716981125 0.07349999999999994
0 0.5448301886792453 0.50896875 0.2863396226415094 0.08738541666666677
0 0.6381132075471698 0.5593125000000001 0.31362264150943403 0.0908541666666667
0 0.687377358490566 0.6229791666666666 0.3450754716981132 0.0792812499999999
0 0.6947169811320755 0.6843125000000001 0.35766037735849066 0.08622916666666663
0 0.6559245283018867 0.7586770833333334 0.3387735849056603 0.09375
0 0.5610377358490567 0.8194479166666666 0.3603018867924529 0.11458333333333333
0 0.5778490566037736 0.031822916666666666 0.23524528301886805 0.04173958333333334
0 0.4745471698113207 0.8807604166666666 0.38803773584905654 0.09956249999999993