0 0.4960754716981132 0.052947916666666664 0.24086792452830183 0.05266666666666667
0 0.5070754716981132 0.09345833333333334 0.2251509433962265 0.05613541666666665
0 0.520188679245283 0.1374375 0.23456603773584916 0.057291666666666664
0 0.5206981132075472 0.18142708333333332 0.19998113207547172 0.057291666666666664
0 0.5175660377358491 0.22511458333333334 0.20837735849056593 0.052083333333333336
0 0.5154716981132075 0.26648958333333334 0.21466037735849053 0.0549791666666667
0 0.5065471698113208 0.31105208333333334 0.2178113207547171 0.057291666666666664
0 0.49660377358490565 0.35561458333333335 0.22933962264150934 0.059604166666666694
0 0.49030188679245285 0.39930208333333334 0.22933962264150934 0.05439583333333336
0 0.4861132075471698 0.45341666666666663 0.22933962264150934 0.05844791666666668
0 0.5018301886792453 0.5052083333333334 0.2586792452830189 0.0625
0 0.5096981132075471 0.5593125000000001 0.2639245283018868 0.06308333333333328
0 0.5096981132075471 0.6252916666666667 0.2743962264150945 0.06308333333333328
0 0.5039245283018867 0.6857604166666668 0.2922264150943396 0.06944791666666675
0 0.5065471698113208 0.7497083333333333 0.30584905660377365 0.07581249999999998
0 0.4992075471698113 0.833625 0.33309433962264146 0.08043750000000002
0 0.4800188679245283 0.8931770833333333 0.36169811320754713 0.09786458333333338