0 0.5968679245283018 0.8376770833333332 0.3021132075471698 0.05119791666666676
0 0.5539056603773584 0.7825416666666667 0.2704528301886793 0.05280208333333339
0 0.535377358490566 0.7374583333333333 0.2762075471698113 0.04615624999999994
0 0.48456603773584905 0.6806979166666667 0.2985283018867925 0.08408333333333336
0 0.471622641509434 0.5971770833333333 0.29711320754716974 0.05239583333333329
0 0.46852830188679245 0.5466875000000001 0.28024528301886786 0.04425000000000002
0 0.44675471698113206 0.4901666666666667 0.2274150943396227 0.04077083333333332
0 0.436 0.4475 0.2544339622641509 0.04614583333333329
0 0.40858490566037736 0.40588541666666667 0.23098113207547163 0.04959375000000001
0 0.379 0.3531875 0.24677358490566031 0.045979166666666654
0 0.3390377358490566 0.30722916666666666 0.21930188679245285 0.0423125
0 0.3390188679245283 0.26445833333333335 0.21815094339622643 0.05657291666666661
0 0.31807547169811323 0.21629166666666666 0.1997169811320754 0.03845833333333335
0 0.2964905660377358 0.17810416666666665 0.2037547169811321 0.05731249999999998
0 0.6079056603773585 0.89128125 0.34620754716981134 0.06380208333333333
0 0.28956603773584905 0.13086458333333334 0.21894339622641512 0.045572916666666664
0 0.2671509433962264 0.09180208333333333 0.23073584905660383 0.045572916666666664