0 0.573811320754717 0.03415625 0.2578679245283018 0.050687499999999996
0 0.5744716981132076 0.07382291666666667 0.2485471698113208 0.04775
0 0.5797924528301888 0.11753125 0.24322641509433957 0.05582291666666667
0 0.5930943396226415 0.16270833333333332 0.2299245283018868 0.05509374999999998
0 0.5837924528301888 0.20751041666666667 0.2246037735849056 0.05362500000000002
0 0.5625094339622642 0.256 0.2299245283018868 0.059500000000000004
0 0.5485283018867925 0.30520833333333336 0.24190566037735856 0.06537499999999999
0 0.5279056603773585 0.3591979166666667 0.29645283018867924 0.06758333333333333
0 0.5378867924528301 0.4021770833333333 0.332377358490566 0.06831250000000004
0 0.5445471698113208 0.45359374999999996 0.30045283018867924 0.06537499999999999
0 0.5831132075471699 0.5141979166666667 0.3084150943396227 0.07198958333333323
0 0.6243584905660378 0.5736979166666667 0.31373584905660373 0.06905208333333329
0 0.6529622641509434 0.6427499999999999 0.3523018867924529 0.08373958333333344
0 0.6496415094339623 0.7136354166666667 0.3456603773584904 0.08301041666666673
0 0.6017358490566038 0.7830520833333333 0.32703773584905665 0.08227083333333335
0 0.5146037735849057 0.8469583333333334 0.331056603773585 0.08520833333333329
0 0.4247924528301886 0.916 0.37764150943396224 0.08814583333333345