0 0.5504528301886793 0.0738125 0.1993396226415094 0.04732291666666667
0 0.5415094339622641 0.11407291666666669 0.21467924528301882 0.05580208333333333
0 0.5299999999999999 0.15644791666666666 0.22747169811320744 0.0656875
0 0.4935283018867924 0.20941666666666667 0.22620754716981128 0.07274999999999997
0 0.45771698113207554 0.26875 0.24667924528301888 0.06144791666666668
0 0.4340566037735849 0.31502083333333336 0.22750943396226422 0.05650000000000001
0 0.42766037735849055 0.36621875 0.24796226415094344 0.06568750000000007
0 0.448754716981132 0.41319791666666666 0.2441320754716981 0.05791666666666669
0 0.49673584905660373 0.46228125000000003 0.26330188679245276 0.07981250000000001
0 0.5651698113207547 0.51171875 0.2594528301886792 0.07557291666666661
0 0.6515094339622641 0.57140625 0.27350943396226424 0.08334375
0 0.7180377358490566 0.6201458333333334 0.2786037735849056 0.07486458333333346
0 0.7263396226415094 0.6639375 0.32337735849056604 0.06639583333333335
0 0.714188679245283 0.7094895833333333 0.2939622641509433 0.07557291666666661
0 0.6579056603773585 0.7635208333333333 0.28628301886792457 0.0861666666666667
0 0.5990566037735849 0.8274479166666667 0.3093396226415095 0.07839583333333332
0 0.527433962264151 0.8899583333333333 0.3246981132075472 0.08758333333333326