0 0.45584905660377356 0.8666979166666666 0.4314150943396227 0.08566666666666668
0 0.5224528301886792 0.7858020833333333 0.4011132075471699 0.08013541666666674
0 0.6140943396226416 0.7156458333333333 0.3894150943396226 0.0752291666666667
0 0.6788490566037736 0.6443020833333333 0.37426415094339627 0.08532291666666675
0 0.6761320754716982 0.5855104166666667 0.36254716981132074 0.06716666666666668
0 0.6232075471698113 0.5230833333333333 0.37222641509433957 0.0720520833333333
0 0.5633207547169812 0.47289583333333335 0.37250943396226405 0.06194791666666669
0 0.4611320754716981 0.42743749999999997 0.33505660377358487 0.06131250000000001
0 0.4369622641509434 0.36509375 0.3433584905660377 0.07551041666666668
0 0.4525471698113208 0.30763541666666666 0.3179056603773585 0.057822916666666654
0 0.488433962264151 0.26865625000000004 0.25758490566037734 0.06318749999999997
0 0.5437547169811321 0.22825 0.26132075471698113 0.058760416666666634
0 0.5927735849056605 0.18270833333333333 0.27762264150943394 0.06143750000000002
0 0.6200943396226415 0.136625 0.26303773584905654 0.05259375000000001
0 0.6463962264150943 0.09613541666666667 0.29049056603773593 0.05148958333333334
0 0.6430943396226415 0.054864583333333335 0.30279245283018874 0.04880208333333333
0 0.45467924528301884 0.9407604166666667 0.455566037735849 0.06901041666666667