0 0.5170377358490565 0.13079166666666667 0.15279245283018872 0.04629166666666666
0 0.5112641509433963 0.16580208333333332 0.14337735849056604 0.043406250000000014
0 0.49816981132075466 0.20602083333333335 0.1465094339622641 0.059031250000000014
0 0.4882075471698113 0.25 0.1727169811320754 0.052083333333333336
0 0.4745849056603773 0.296875 0.16224528301886795 0.05903124999999996
0 0.4609622641509434 0.34345833333333337 0.16224528301886795 0.05613541666666665
0 0.46462264150943394 0.3932291666666667 0.16539622641509427 0.06076041666666671
0 0.4698679245283019 0.43981250000000005 0.17796226415094338 0.0625
0 0.4887358490566037 0.4927708333333333 0.18215094339622634 0.05613541666666665
0 0.5091698113207548 0.5465833333333333 0.17481132075471695 0.058447916666666565
0 0.5154528301886793 0.6021458333333333 0.19367924528301883 0.0653958333333333
0 0.5002830188679245 0.6600104166666667 0.19096226415094347 0.07349999999999994
0 0.4672452830188679 0.7190416666666667 0.1873962264150942 0.07581249999999998
0 0.4153584905660377 0.7792291666666666 0.19684905660377366 0.07581249999999998
0 0.3755283018867925 0.85040625 0.20315094339622644 0.07349999999999994
0 0.3499245283018868 0.9066666666666666 0.2600377358490566 0.07966666666666669
0 0.5092830188679246 0.09418750000000001 0.15684905660377357 0.03859374999999998