0 0.617377358490566 0.8528125000000001 0.251320754716981 0.07871874999999993
0 0.5799245283018868 0.7638645833333333 0.2518867924528302 0.0892916666666667
0 0.4732641509433963 0.707125 0.1752641509433962 0.08596874999999997
0 0.37990566037735846 0.6615 0.18298113207547173 0.08481250000000008
0 0.28673584905660376 0.6111562500000001 0.209245283018868 0.08847916666666672
0 0.22239622641509435 0.5410833333333334 0.23496226415094335 0.08026041666666663
0 0.24526415094339624 0.47684374999999996 0.21781132075471699 0.06984374999999995
0 0.2890188679245283 0.4163854166666667 0.2046792452830189 0.07393750000000002
0 0.3327547169811321 0.3677708333333333 0.19152830188679243 0.0669895833333334
0 0.3912264150943396 0.31134375 0.18896226415094347 0.05671875000000005
0 0.4545471698113207 0.2560208333333333 0.17096226415094343 0.07265625
0 0.5113018867924528 0.21001041666666667 0.1775471698113208 0.060499999999999984
0 0.5627547169811321 0.15477083333333336 0.1546792452830189 0.05417708333333333
0 0.5760566037735849 0.10931249999999999 0.16239622641509444 0.05354166666666664
0 0.574188679245283 0.06890625 0.1775471698113208 0.049114583333333336
0 0.6040754716981133 0.9250208333333333 0.3064905660377357 0.06689583333333336
0 0.5779433962264151 0.03395833333333333 0.1740566037735849 0.03561458333333333