0 0.5414716981132076 0.08805208333333334 0.24094339622641517 0.05392708333333334
0 0.5377547169811321 0.12670833333333334 0.26103773584905665 0.05430208333333333
0 0.5332830188679245 0.1678125 0.2586981132075472 0.05355208333333336
0 0.5121132075471698 0.20721875 0.2586981132075472 0.07052083333333332
0 0.4963962264150943 0.25077083333333333 0.29284905660377364 0.06410416666666663
0 0.4680566037735849 0.2869791666666667 0.3263396226415095 0.06712500000000006
0 0.43935849056603776 0.32638541666666665 0.3523018867924529 0.0712708333333333
0 0.4117169811320755 0.38276041666666666 0.32839622641509436 0.0626041666666667
0 0.4069245283018867 0.43480208333333337 0.34341509433962264 0.06335416666666673
0 0.40079245283018866 0.48740625000000004 0.32294339622641516 0.057697916666666654
0 0.39737735849056605 0.5405833333333334 0.3147358490566037 0.06674999999999992
0 0.4103962264150943 0.60921875 0.30675471698113216 0.0825833333333333
0 0.4530754716981132 0.6829375 0.29515094339622655 0.08597916666666663
0 0.4981509433962264 0.7547812500000001 0.32522641509433964 0.09012499999999998
0 0.5302452830188679 0.8236041666666666 0.34981132075471694 0.08597916666666663
0 0.5503962264150943 0.9033541666666667 0.3655283018867925 0.08334375
0 0.5031698113207548 0.04903125 0.23922641509433956 0.05741666666666666