0 0.562377358490566 0.043145833333333335 0.2152641509433963 0.05293749999999999
0 0.5370943396226415 0.08738541666666667 0.19622641509433963 0.05438541666666667
0 0.5111509433962265 0.13470833333333332 0.20083018867924518 0.06128124999999998
0 0.43924528301886795 0.17422916666666666 0.20677358490566045 0.08738541666666665
0 0.37849056603773584 0.21447916666666667 0.1877358490566038 0.07578125
0 0.2967358490566038 0.2547291666666667 0.1687358490566038 0.06272916666666664
0 0.23337735849056604 0.29515625 0.17990566037735853 0.06309375000000005
0 0.22354716981132075 0.34375 0.1852075471698113 0.05802083333333338
0 0.20745283018867924 0.4008541666666667 0.18981132075471696 0.05837499999999996
0 0.2530943396226415 0.45253125 0.21279245283018863 0.08121875000000003
0 0.32928301886792455 0.50546875 0.2653584905660377 0.08630208333333324
0 0.4307358490566038 0.5560520833333332 0.25816981132075467 0.09463541666666657
0 0.5138113207547169 0.6158750000000001 0.2759245283018868 0.09754166666666678
0 0.5840754716981132 0.6876770833333333 0.2825094339622642 0.09101041666666679
0 0.6067358490566037 0.76128125 0.2818490566037736 0.07651041666666672
0 0.5922452830188679 0.8432291666666667 0.30784905660377354 0.08086458333333345
0 0.5748867924528301 0.91865625 0.2969433962264151 0.07868749999999997