0 0.49673584905660373 0.09146875 0.2300377358490565 0.052968749999999995
0 0.46154716981132077 0.13666666666666666 0.23388679245283026 0.05720833333333335
0 0.40973584905660376 0.18540625000000002 0.232622641509434 0.06851041666666664
0 0.33426415094339623 0.22919791666666667 0.283811320754717 0.08405208333333333
0 0.2517547169811321 0.2740520833333333 0.24160377358490567 0.06639583333333335
0 0.23832075471698114 0.3270208333333333 0.26335849056603783 0.06639583333333335
0 0.262622641509434 0.38353125 0.2914905660377359 0.06780208333333336
0 0.31124528301886795 0.4237916666666666 0.25822641509433963 0.06921875000000005
0 0.4257358490566037 0.4672291666666667 0.29016981132075464 0.08405208333333328
0 0.5446981132075471 0.5053645833333333 0.2594528301886792 0.08122916666666669
0 0.6112075471698113 0.5385624999999999 0.24664150943396232 0.08546874999999995
0 0.6873207547169811 0.5784687500000001 0.28883018867924537 0.0847604166666668
0 0.7256981132075472 0.6476875 0.31184905660377354 0.07910416666666673
0 0.7058679245283019 0.7052499999999999 0.3105849056603774 0.07839583333333332
0 0.6367924528301887 0.7529270833333332 0.32337735849056604 0.08193750000000008
0 0.5402075471698113 0.8097916666666667 0.3144528301886792 0.08829166666666666
0 0.4519433962264151 0.8673541666666666 0.3630943396226415 0.08900000000000005