0 0.3827169811320755 0.8685729166666667 0.31569811320754715 0.0683437499999999
0 0.41892452830188687 0.8008645833333333 0.26583018867924524 0.06062500000000005
0 0.46584905660377357 0.7308645833333334 0.275811320754717 0.07055208333333335
0 0.5117547169811321 0.6663854166666667 0.27181132075471687 0.07606249999999998
0 0.5117358490566039 0.5996875 0.2518490566037736 0.07055208333333335
0 0.5197169811320754 0.5434687500000001 0.2518490566037736 0.061729166666666654
0 0.47083018867924525 0.48559375 0.22990566037735843 0.07165624999999996
0 0.4438867924528302 0.4370833333333334 0.23588679245283015 0.06723958333333328
0 0.45486792452830194 0.3814166666666667 0.21794339622641506 0.05732291666666664
0 0.46084905660377357 0.3417291666666667 0.23786792452830177 0.06834375000000001
0 0.5027924528301887 0.28220833333333334 0.19801886792452839 0.0551145833333333
0 0.5097735849056604 0.24031249999999998 0.19599999999999998 0.0551145833333333
0 0.5367169811320754 0.19897916666666668 0.2139999999999999 0.05181250000000001
0 0.5317358490566038 0.15102083333333333 0.18803773584905653 0.0485
0 0.5476981132075471 0.11079166666666666 0.20401886792452828 0.040791666666666664
0 0.5397358490566038 0.06723958333333332 0.20803773584905658 0.04630208333333335
0 0.3473396226415094 0.9277395833333333 0.3297547169811321 0.055989583333333336