0 0.5295849056603774 0.08448958333333333 0.29952830188679247 0.06829166666666667
0 0.5416415094339623 0.14033333333333334 0.31733962264150933 0.07233333333333333
0 0.5489811320754716 0.18923958333333332 0.327811320754717 0.07754166666666666
0 0.561566037735849 0.23379166666666668 0.3194339622641509 0.08217708333333332
0 0.5720377358490566 0.296875 0.3466792452830189 0.08333333333333333
0 0.5726037735849057 0.3486666666666667 0.2915849056603773 0.08391666666666661
0 0.5767547169811321 0.41319791666666666 0.31209433962264144 0.07291666666666667
0 0.5704716981132076 0.4635416666666667 0.291132075471698 0.07291666666666667
0 0.572566037735849 0.5193854166666667 0.3267735849056603 0.0908541666666667
0 0.5762264150943396 0.5879583333333334 0.3299056603773585 0.10185416666666663
0 0.6276415094339622 0.67071875 0.36811320754716986 0.09375
0 0.6831886792452829 0.73871875 0.3995849056603773 0.08622916666666663
0 0.6558679245283019 0.802375 0.4367924528301887 0.0908541666666667
0 0.4750943396226415 0.83478125 0.38967924528301884 0.09780208333333344
0 0.3896792452830189 0.8865729166666667 0.39284905660377356 0.09375
0 0.5098113207547169 0.04234375 0.2977547169811322 0.060343749999999995
0 0.3448679245283019 0.9311145833333333 0.4827358490566037 0.11464583333333328