0 0.552622641509434 0.8369479166666667 0.2664716981132076 0.08518749999999997
0 0.544188679245283 0.7588125 0.2433018867924527 0.06782291666666657
0 0.5284528301886792 0.6892916666666667 0.2747547169811321 0.07112499999999997
0 0.5203018867924528 0.6367291666666667 0.2395849056603774 0.05628124999999997
0 0.479 0.5728020833333333 0.2764528301886792 0.06732291666666654
0 0.4491132075471698 0.5140104166666667 0.2847547169811321 0.07126041666666663
0 0.41352830188679246 0.45071875 0.2587169811320755 0.055791666666666725
0 0.40722641509433966 0.3938125 0.2084150943396226 0.04962499999999999
0 0.40550943396226413 0.3450416666666667 0.21754716981132077 0.04930208333333338
0 0.42452830188679247 0.30053124999999997 0.23671698113207554 0.04361458333333334
0 0.44983018867924524 0.25153125 0.18039622641509437 0.05323958333333335
0 0.48241509433962265 0.19959375000000001 0.19526415094339625 0.046604166666666676
0 0.5087169811320755 0.16203125000000002 0.19413207547169808 0.042812500000000024
0 0.5087358490566037 0.11665624999999998 0.20556603773584914 0.05148958333333334
0 0.48700000000000004 0.07221875 0.1918301886792452 0.04880208333333333
0 0.46626415094339624 0.033479166666666664 0.1818301886792453 0.04421875
0 0.552622641509434 0.90615625 0.2664716981132076 0.06041666666666667