0 0.5661509433962264 0.11515625 0.20590566037735847 0.061479166666666675
0 0.546622641509434 0.16195833333333332 0.22503773584905656 0.08074999999999997
0 0.4967735849056604 0.21311458333333333 0.23169811320754707 0.07570833333333334
0 0.44233962264150944 0.2583125 0.25083018867924517 0.08074999999999997
0 0.37171698113207546 0.30258333333333337 0.23920754716981127 0.07203124999999998
0 0.3434528301886792 0.3530520833333333 0.2525094339622641 0.06744791666666666
0 0.3442830188679245 0.40352083333333333 0.27079245283018877 0.07754166666666672
0 0.36384905660377354 0.4672916666666667 0.25020754716981136 0.08763541666666666
0 0.4145471698113208 0.5218958333333333 0.2668301886792453 0.08580208333333322
0 0.5063584905660378 0.5744270833333334 0.24775471698113197 0.10644791666666673
0 0.582811320754717 0.6391145833333333 0.2893207547169812 0.08166666666666676
0 0.5774150943396226 0.6948645833333333 0.328377358490566 0.09496875000000007
0 0.5648867924528301 0.7655208333333333 0.35632075471698116 0.0940520833333333
0 0.4942641509433962 0.831125 0.34635849056603785 0.10965624999999998
0 0.40328301886792456 0.9038541666666667 0.3887735849056603 0.10828125000000005
0 0.3824905660377359 0.9615833333333333 0.3561320754716981 0.07682291666666667
0 0.577377358490566 0.07048958333333334 0.17994339622641511 0.04974999999999999