0 0.5605660377358491 0.9149270833333334 0.31381132075471685 0.06944791666666675
0 0.5731320754716981 0.8506979166666666 0.31381132075471685 0.05555208333333326
0 0.5747169811320755 0.7908020833333332 0.27294339622641506 0.06076041666666659
0 0.5432641509433962 0.72221875 0.23522641509433956 0.0625
0 0.4835283018867924 0.671875 0.20381132075471695 0.0625
0 0.425377358490566 0.6171875 0.22583018867924518 0.057291666666666664
0 0.3797735849056604 0.5642395833333332 0.20384905660377362 0.06944791666666675
0 0.3562075471698113 0.5078125 0.21956603773584907 0.05382291666666674
0 0.3562075471698113 0.45226041666666666 0.20699999999999996 0.046875
0 0.3499056603773585 0.39496875000000004 0.21328301886792456 0.05034375000000004
0 0.3640566037735849 0.3307291666666667 0.2164339622641509 0.0642395833333333
0 0.4096603773584906 0.27257291666666666 0.20069811320754719 0.04513541666666671
0 0.42694339622641503 0.22309374999999998 0.21011320754716983 0.050343749999999986
0 0.45209433962264156 0.17882291666666666 0.17237735849056607 0.04861458333333335
0 0.45209433962264156 0.14409375000000002 0.19122641509433966 0.04513541666666665
0 0.45837735849056604 0.10242708333333334 0.18496226415094336 0.052083333333333336
0 0.44169811320754715 0.06185416666666666 0.21264150943396223 0.045572916666666664