0 0.5364716981132075 0.8536770833333333 0.31592452830188666 0.07698958333333342
0 0.5354528301886793 0.7828020833333333 0.2950566037735849 0.0671875
0 0.49386792452830186 0.7066458333333333 0.28103773584905667 0.07112499999999997
0 0.4571320754716981 0.6375937500000001 0.25158490566037733 0.054552083333333216
0 0.4422641509433962 0.5721770833333333 0.24700000000000005 0.05911458333333333
0 0.3922264150943396 0.5170833333333333 0.2212641509433962 0.06511458333333332
0 0.3622075471698113 0.45466666666666666 0.2252641509433962 0.056739583333333364
0 0.3530566037735849 0.3958645833333333 0.23213207547169806 0.06067708333333333
0 0.350188679245283 0.35467708333333337 0.22641509433962265 0.05467708333333334
0 0.3543396226415095 0.30013541666666665 0.17809433962264148 0.053250000000000006
0 0.3632075471698113 0.2519166666666666 0.18324528301886794 0.06444791666666667
0 0.42739622641509434 0.2107291666666667 0.1921132075471698 0.05844791666666668
0 0.5073018867924528 0.17679166666666665 0.1695283018867925 0.060020833333333336
0 0.5448867924528302 0.13402083333333334 0.1629622641509434 0.05086458333333332
0 0.5458867924528302 0.08785416666666666 0.1838301886792452 0.045333333333333344
0 0.5518867924528302 0.04010416666666667 0.1832641509433962 0.04927083333333333
0 0.5226037735849057 0.9321979166666666 0.3447924528301887 0.07084375