0 0.5183207547169811 0.8777083333333333 0.22133962264150955 0.05823958333333342
0 0.581811320754717 0.81115625 0.21054716981132082 0.05823958333333342
0 0.6356226415094339 0.7541041666666667 0.236377358490566 0.07012499999999994
0 0.6603962264150943 0.6768541666666666 0.20835849056603786 0.06536458333333334
0 0.6388867924528302 0.6198020833333333 0.2255283018867924 0.06774999999999996
0 0.5990754716981131 0.55740625 0.22767924528301878 0.07606249999999998
0 0.5312830188679245 0.5003645833333333 0.21264150943396234 0.06893750000000007
0 0.49362264150943397 0.44509375 0.18466037735849058 0.06536458333333334
0 0.46132075471698114 0.39517708333333335 0.18901886792452843 0.0582395833333333
0 0.46564150943396226 0.3446666666666667 0.18898113207547174 0.05942708333333328
0 0.4484150943396226 0.29890625 0.185433962264151 0.0534791666666667
0 0.471 0.25434375 0.18256603773584903 0.04040625000000002
0 0.4806981132075472 0.20977083333333332 0.1545660377358491 0.03684375
0 0.5065094339622641 0.17470833333333333 0.15028301886792447 0.047541666666666656
0 0.5387735849056604 0.13370833333333335 0.15462264150943406 0.04635416666666667
0 0.5549245283018868 0.09330208333333333 0.1653584905660377 0.05347916666666667
0 0.571377358490566 0.053385416666666664 0.15992452830188678 0.041666666666666664