0 0.5589056603773586 0.057645833333333334 0.23926415094339612 0.05452083333333334
0 0.5427169811320754 0.09607291666666667 0.21660377358490557 0.06345833333333332
0 0.5014528301886793 0.14031249999999998 0.24088679245283012 0.06792708333333332
0 0.4528867924528302 0.17740625000000002 0.2409056603773585 0.07239583333333334
0 0.3865283018867925 0.21583333333333332 0.22796226415094328 0.07417708333333331
0 0.31045283018867925 0.25783333333333336 0.22150943396226422 0.07417708333333331
0 0.23518867924528303 0.29984375 0.23933962264150938 0.07596875000000007
0 0.2068490566037736 0.34408333333333335 0.24743396226415093 0.06613541666666668
0 0.20037735849056607 0.39278124999999997 0.2668679245283019 0.06703125000000003
0 0.22466037735849057 0.44238541666666664 0.2668490566037736 0.06613541666666668
0 0.3161132075471698 0.49690625 0.2943396226415094 0.08579166666666656
0 0.4035094339622642 0.5393541666666667 0.3008113207547171 0.08668750000000003
0 0.5192452830188679 0.5943229166666666 0.2764905660377358 0.09472916666666673
0 0.6252641509433962 0.64615625 0.28456603773584893 0.07864583333333333
0 0.6746415094339623 0.7127395833333333 0.2958867924528303 0.07954166666666657
0 0.7150943396226415 0.7797604166666667 0.29264150943396233 0.07417708333333337
0 0.7345094339622642 0.8526041666666667 0.325 0.08401041666666677