0 0.4418867924528302 0.05892708333333334 0.2058867924528302 0.04840625
0 0.46532075471698114 0.09714583333333333 0.2080188679245283 0.058968749999999986
0 0.4346792452830189 0.14451041666666667 0.23428301886792446 0.05703125
0 0.37254716981132074 0.18414583333333334 0.20803773584905658 0.06476041666666668
0 0.32964150943396225 0.22184375 0.223811320754717 0.06283333333333332
0 0.28062264150943395 0.26195833333333335 0.24833962264150944 0.07346875000000003
0 0.27011320754716983 0.31077083333333333 0.26584905660377367 0.06669791666666663
0 0.273622641509434 0.3600729166666667 0.2763396226415094 0.06669791666666663
0 0.3348867924528302 0.40646875 0.28333962264150936 0.07250000000000002
0 0.39441509433962263 0.4523854166666667 0.2763207547169811 0.0792604166666667
0 0.47758490566037737 0.5036145833333333 0.2745471698113207 0.08313541666666661
0 0.5589811320754717 0.5519479166666666 0.23775471698113207 0.06572916666666657
0 0.601 0.6138125 0.25875471698113206 0.08119791666666672
0 0.6263773584905661 0.6809999999999999 0.27801886792452835 0.07442708333333338
0 0.6176226415094339 0.7554270833333334 0.281509433962264 0.07442708333333338
0 0.602754716981132 0.82309375 0.33228301886792455 0.08022916666666664
0 0.5869433962264151 0.8846770833333333 0.34715094339622643 0.09077083333333344