0 0.47877358490566035 0.08940624999999999 0.21045283018867916 0.05266666666666667
0 0.47877358490566035 0.13976041666666666 0.21464150943396224 0.05960416666666664
0 0.473 0.18258333333333335 0.2303773584905661 0.057291666666666664
0 0.4819056603773585 0.228875 0.27962264150943394 0.06423958333333335
0 0.457811320754717 0.27575000000000005 0.23981132075471703 0.06076041666666671
0 0.4672452830188679 0.32696875 0.2586792452830189 0.06018749999999997
0 0.45622641509433964 0.38367708333333334 0.2555283018867924 0.05670833333333327
0 0.45728301886792455 0.4325833333333333 0.23247169811320761 0.06655208333333332
0 0.4750943396226415 0.489 0.23875471698113201 0.06481250000000002
0 0.4934339622641509 0.5483229166666667 0.2439811320754716 0.07581249999999998
0 0.5264528301886792 0.6053229166666667 0.26809433962264156 0.07754166666666672
0 0.5516415094339623 0.6658020833333332 0.289490566037736 0.08622916666666663
0 0.5668113207547171 0.7340833333333333 0.2816981132075473 0.08043750000000002
0 0.5652264150943396 0.8038229166666666 0.2953207547169811 0.0798645833333334
0 0.5484528301886793 0.8764479166666667 0.3079056603773584 0.08391666666666661
0 0.5336603773584905 0.94759375 0.36341509433962266 0.09546875000000009
0 0.47062264150943395 0.04991666666666667 0.20660377358490567 0.046822916666666686