0 0.5529999999999999 0.07348958333333333 0.19832075471698116 0.04052083333333334
0 0.5529999999999999 0.11361458333333332 0.18392452830188682 0.046083333333333344
0 0.5306981132075471 0.15652083333333333 0.21128301886792455 0.05084375
0 0.4976037735849057 0.20339583333333333 0.2256792452830189 0.06356249999999998
0 0.4709811320754717 0.256625 0.22424528301886798 0.06673958333333327
0 0.4522641509433962 0.31144791666666666 0.22424528301886798 0.05879166666666672
0 0.45443396226415095 0.36189583333333336 0.231433962264151 0.059583333333333384
0 0.4738490566037736 0.4119479166666667 0.25013207547169797 0.061177083333333354
0 0.5119811320754717 0.46041666666666664 0.24581132075471693 0.06753125000000004
0 0.5753018867924529 0.5053020833333333 0.248679245283019 0.08739583333333331
0 0.6414905660377359 0.5648958333333333 0.23428301886792446 0.07786458333333333
0 0.6940188679245283 0.6348125 0.2673584905660376 0.08580208333333346
0 0.6875283018867925 0.7039375 0.2918301886792452 0.08262499999999993
0 0.6414905660377359 0.7539895833333333 0.28032075471698104 0.08580208333333346
0 0.5896792452830188 0.8147708333333333 0.29471698113207556 0.08660416666666677
0 0.5234905660377358 0.8803125 0.3148867924528302 0.09057291666666671
0 0.554622641509434 0.037947916666666665 0.23935849056603775 0.049104166666666664