0 0.4421132075471698 0.042770833333333334 0.21150943396226418 0.05159375
0 0.4941509433962264 0.07836458333333333 0.22333962264150944 0.05355208333333333
0 0.5272641509433962 0.11394791666666666 0.2256792452830189 0.058114583333333324
0 0.5503207547169812 0.15639583333333332 0.23869811320754716 0.05681250000000002
0 0.5532830188679245 0.20603125 0.24460377358490565 0.05681250000000002
0 0.537320754716981 0.24814583333333334 0.24579245283018863 0.06530208333333333
0 0.5024150943396226 0.29973958333333334 0.27064150943396237 0.06660416666666673
0 0.46752830188679245 0.3421875 0.274188679245283 0.061385416666666616
0 0.45569811320754716 0.393125 0.29075471698113203 0.06791666666666671
0 0.4332264150943396 0.44275000000000003 0.27656603773584915 0.06921875000000005
0 0.4438867924528302 0.50675 0.2718301886792452 0.0731354166666667
0 0.46456603773584904 0.5681354166666667 0.29192452830188675 0.07836458333333335
0 0.46813207547169816 0.6402916666666666 0.28483018867924537 0.08293750000000012
0 0.4693018867924528 0.7124479166666667 0.28483018867924526 0.08489583333333334
0 0.4852641509433962 0.7757916666666667 0.2741886792452831 0.06921875000000005
0 0.5053773584905661 0.846 0.31675471698113206 0.08685416666666654
0 0.4994716981132076 0.9191354166666666 0.31675471698113206 0.07902083333333323