0 0.5920188679245283 0.09280208333333334 0.19556603773584902 0.04627083333333335
0 0.5702075471698113 0.13459375 0.19507547169811318 0.046510416666666644
0 0.5115283018867924 0.17402083333333335 0.1801132075471699 0.05690625
0 0.4556603773584906 0.20925 0.20852830188679242 0.06486458333333331
0 0.3665849056603773 0.24035416666666667 0.22984905660377358 0.06756250000000001
0 0.2717358490566038 0.32928125 0.22345283018867926 0.05195833333333333
0 0.31156603773584907 0.2829583333333333 0.22224528301886795 0.06347916666666673
0 0.28350943396226413 0.38033333333333336 0.21464150943396224 0.049906249999999965
0 0.30592452830188677 0.4357916666666667 0.20166037735849054 0.06204166666666661
0 0.38054716981132075 0.4904895833333333 0.2362075471698112 0.06485416666666666
0 0.4398490566037736 0.5472291666666667 0.2793584905660376 0.06224999999999999
0 0.49081132075471695 0.60821875 0.24113207547169802 0.059250000000000115
0 0.5303962264150943 0.6697604166666667 0.25020754716981136 0.06327083333333335
0 0.5480377358490566 0.7398125 0.2639245283018868 0.0664791666666666
0 0.5596792452830188 0.8204166666666667 0.26026415094339633 0.07292708333333332
0 0.5660566037735849 0.8959583333333333 0.26222641509433964 0.08411458333333334
0 0.5815660377358491 0.05878125000000001 0.2177924528301888 0.052083333333333336