0 0.572188679245283 0.9108958333333333 0.2616037735849056 0.057260416666666696
0 0.5783396226415094 0.84878125 0.25503773584905653 0.061520833333333275
0 0.5500377358490566 0.7831979166666667 0.24873584905660384 0.08534375000000007
0 0.5061509433962263 0.7026249999999999 0.20498113207547167 0.07602083333333336
0 0.45411320754716983 0.6383854166666667 0.25130188679245274 0.07821874999999992
0 0.40692452830188675 0.5732812500000001 0.21986792452830195 0.06953125
0 0.3440377358490566 0.5164583333333332 0.21986792452830195 0.09478125000000001
0 0.24883018867924528 0.46121874999999996 0.24675471698113202 0.08845833333333329
0 0.21052830188679245 0.40596875000000004 0.23011320754716982 0.06952083333333334
0 0.1850943396226415 0.35262499999999997 0.22952830188679252 0.06571875000000003
0 0.18537735849056602 0.30613541666666666 0.21752830188679248 0.07344791666666665
0 0.2229811320754717 0.24497916666666666 0.2109622641509434 0.07265625
0 0.29530188679245284 0.20804166666666665 0.19781132075471705 0.08338541666666668
0 0.3690566037735849 0.15737500000000001 0.17609433962264148 0.07106249999999997
0 0.4319622641509434 0.12438541666666666 0.1760943396226416 0.06759374999999998
0 0.4786981132075472 0.08169791666666668 0.1626792452830188 0.05511458333333333
0 0.561566037735849 0.9527604166666667 0.32703773584905665 0.08159374999999992