0 0.5316037735849056 0.046468749999999996 0.21347169811320751 0.04274999999999999
0 0.5240188679245283 0.07854166666666668 0.23200000000000007 0.04554166666666667
0 0.5181320754716982 0.11246874999999999 0.22358490566037736 0.05577083333333335
0 0.523188679245283 0.15242708333333335 0.22358490566037736 0.05390625
0 0.5147735849056604 0.19054166666666666 0.21011320754716983 0.057624999999999996
0 0.5265471698113208 0.23793749999999997 0.23367924528301892 0.06691666666666668
0 0.5189811320754717 0.2867395833333333 0.2252641509433962 0.06041666666666667
0 0.5172830188679246 0.33553125 0.22864150943396216 0.06320833333333328
0 0.5080377358490565 0.3755 0.23367924528301892 0.06506250000000004
0 0.5088679245283019 0.42476041666666664 0.23873584905660372 0.06506250000000004
0 0.5055094339622642 0.47960416666666666 0.2454716981132076 0.07250000000000002
0 0.507188679245283 0.541875 0.24883018867924528 0.08179166666666665
0 0.5021320754716981 0.6060104166666667 0.2454716981132076 0.06506250000000004
0 0.49456603773584906 0.6729270833333333 0.24715094339622642 0.07435416666666678
0 0.49288679245283024 0.7417083333333333 0.2538867924528301 0.0706354166666666
0 0.5088679245283019 0.8128124999999999 0.28586792452830184 0.08271875000000009
0 0.5181320754716982 0.88809375 0.29766037735849055 0.08086458333333321