0 0.4875849056603774 0.052270833333333336 0.25277358490566043 0.0361875
0 0.501245283018868 0.08192708333333334 0.24001886792452837 0.043229166666666666
0 0.5267358490566038 0.12314583333333333 0.24001886792452837 0.047250000000000014
0 0.5394716981132076 0.16084375 0.21452830188679253 0.04623958333333332
0 0.5312830188679245 0.20608333333333334 0.22000000000000006 0.05831250000000002
0 0.5349245283018867 0.25936458333333334 0.20541509433962266 0.05831250000000002
0 0.5285471698113208 0.30913541666666666 0.207245283018868 0.049260416666666626
0 0.5476603773584906 0.3573854166666666 0.23818867924528303 0.05931249999999994
0 0.5403962264150944 0.4106666666666667 0.2272641509433963 0.07137499999999998
0 0.5413018867924528 0.4659583333333333 0.24001886792452837 0.06534375000000002
0 0.5540377358490566 0.52628125 0.24366037735849055 0.07137499999999998
0 0.5422075471698113 0.5916250000000001 0.2563962264150943 0.07740624999999994
0 0.5139811320754717 0.6544479166666667 0.25822641509433963 0.07841666666666663
0 0.4875849056603774 0.7147708333333332 0.24549056603773586 0.07841666666666663
0 0.43933962264150944 0.7771041666666666 0.26916981132075474 0.08846875000000007
0 0.3847169811320755 0.8459583333333334 0.29467924528301886 0.09751041666666656
0 0.3511320754716981 0.9188958333333334 0.3660754716981133 0.09375