0 0.4585283018867925 0.8846770833333333 0.373811320754717 0.054302083333333445
0 0.49526415094339626 0.8175208333333334 0.30660377358490565 0.07151041666666676
0 0.5463396226415095 0.7500729166666668 0.28867924528301886 0.06350000000000004
0 0.5577924528301886 0.6848124999999999 0.25326415094339627 0.057979166666666755
0 0.5400943396226415 0.62209375 0.276188679245283 0.08354166666666671
0 0.47716981132075476 0.5660833333333334 0.2772830188679245 0.07845833333333327
0 0.4132264150943396 0.5046145833333333 0.319377358490566 0.07053125000000003
0 0.36784905660377365 0.44784375 0.3056415094339623 0.0669895833333334
0 0.34041509433962264 0.3898125 0.29192452830188675 0.06079166666666668
0 0.351245283018868 0.34540624999999997 0.29645283018867924 0.060989583333333285
0 0.39039622641509436 0.2879791666666666 0.2649622641509434 0.06734374999999998
0 0.4611132075471698 0.24329166666666666 0.27947169811320755 0.06889583333333332
0 0.4876981132075472 0.19405208333333332 0.22630188679245294 0.053739583333333306
0 0.5317547169811321 0.15298958333333335 0.22864150943396216 0.05493750000000001
0 0.5388490566037736 0.11557291666666666 0.2050943396226416 0.05398958333333335
0 0.5743207547169811 0.07151041666666667 0.2348867924528302 0.049177083333333343
0 0.5641509433962264 0.04058333333333333 0.2260754716981131 0.03752083333333333