0 0.4943584905660377 0.04697916666666667 0.18239622641509426 0.04660416666666666
0 0.48605660377358495 0.08861458333333333 0.18792452830188683 0.05041666666666667
0 0.4556226415094339 0.12987500000000002 0.1768679245283019 0.055000000000000014
0 0.4251886792452831 0.17188541666666665 0.1851698113207547 0.0534791666666667
0 0.39683018867924524 0.21429166666666666 0.1837924528301886 0.057291666666666664
0 0.36845283018867925 0.25515625 0.18241509433962266 0.0534791666666667
0 0.3511698113207547 0.2998541666666667 0.1921132075471698 0.0588229166666667
0 0.3442452830188679 0.35065625 0.20041509433962268 0.05806250000000001
0 0.36430188679245284 0.396875 0.21286792452830186 0.06187499999999998
0 0.3781509433962264 0.44080208333333337 0.23500000000000001 0.06569791666666672
0 0.46184905660377357 0.49618750000000006 0.25296226415094336 0.08021874999999999
0 0.5317169811320754 0.5454583333333333 0.26264150943396214 0.07639583333333325
0 0.5815283018867924 0.6035208333333333 0.25154716981132086 0.07792708333333327
0 0.607132075471698 0.6718958333333334 0.2612264150943397 0.07715624999999994
0 0.6022830188679245 0.7402708333333333 0.2626226415094339 0.08251041666666671
0 0.5607735849056603 0.8055833333333333 0.2875283018867924 0.09090624999999998
0 0.5247924528301886 0.8758645833333334 0.30137735849056607 0.08785416666666658