0 0.4945849056603773 0.0353125 0.27637735849056605 0.045812500000000006
0 0.48335849056603775 0.06776041666666667 0.2608301886792453 0.04389583333333335
0 0.47730188679245283 0.09877083333333332 0.25218867924528304 0.050583333333333334
0 0.46564150943396226 0.13336458333333334 0.24615094339622637 0.05487500000000001
0 0.45398113207547175 0.18322916666666667 0.2556415094339623 0.06298958333333331
0 0.45743396226415095 0.23165624999999998 0.24873584905660384 0.0644166666666667
0 0.4760188679245283 0.29226041666666663 0.27550943396226424 0.07395833333333333
0 0.491566037735849 0.3485625 0.2737924528301887 0.06632291666666662
0 0.5049622641509434 0.40225000000000005 0.2694716981132074 0.06870833333333337
0 0.5058301886792452 0.46189583333333334 0.2815660377358491 0.07157291666666671
0 0.5092830188679246 0.5184375 0.30056603773584917 0.06728125000000003
0 0.5187735849056604 0.5678229166666667 0.31784905660377366 0.07157291666666671
0 0.511 0.6214999999999999 0.34032075471698114 0.07586458333333326
0 0.5127358490566037 0.6823437499999999 0.36105660377358495 0.07347916666666662
0 0.5183584905660378 0.7314895833333334 0.320433962264151 0.07253125000000012
0 0.5183396226415095 0.8013854166666667 0.33945283018867917 0.09209375000000009
0 0.5131698113207548 0.8870416666666666 0.3480943396226415 0.08875000000000005