0 0.47667924528301886 0.057875 0.2188490566037736 0.043979166666666666
0 0.489811320754717 0.09577083333333333 0.19515094339622654 0.04803125000000001
0 0.5086792452830189 0.13339583333333332 0.1867735849056604 0.05266666666666667
0 0.5175471698113208 0.17823958333333334 0.16852830188679255 0.05670833333333333
0 0.5227924528301886 0.22975 0.19367924528301883 0.06134374999999999
0 0.5395660377358491 0.2714166666666667 0.22301886792452838 0.07060416666666663
0 0.5469245283018868 0.32407291666666665 0.20879245283018863 0.06596875000000005
0 0.589377358490566 0.37384375 0.22662264150943398 0.07176041666666665
0 0.6506792452830189 0.41753124999999996 0.2423584905660378 0.07350000000000007
0 0.7099056603773585 0.4615208333333333 0.25809433962264144 0.08159375000000005
0 0.7659811320754718 0.51128125 0.2612641509433963 0.08159375000000005
0 0.7533962264150944 0.5801458333333334 0.2926981132075472 0.08622916666666663
0 0.7177169811320755 0.6380208333333334 0.2984150943396226 0.0908541666666667
0 0.6144905660377359 0.6875 0.2827358490566038 0.08448958333333323
0 0.4829622641509434 0.7323541666666666 0.2670566037735849 0.08854166666666667
0 0.3839056603773585 0.7931145833333333 0.30796226415094335 0.08738541666666677
0 0.3342075471698113 0.8523854166666667 0.3455471698113207 0.08980208333333337