0 0.5609056603773585 0.8974791666666667 0.3585283018867924 0.07778125000000008
0 0.5973584905660377 0.8288958333333334 0.2741886792452829 0.07603125000000001
0 0.6481132075471698 0.7626875 0.28133962264150947 0.07903125000000012
0 0.6359622641509434 0.69165625 0.2884905660377358 0.07586458333333326
0 0.6016415094339622 0.6259166666666667 0.2827735849056604 0.07159375000000003
0 0.47884905660377364 0.11507291666666666 0.21956603773584907 0.05464583333333331
0 0.5390377358490566 0.07230208333333334 0.20784905660377354 0.04548958333333335
0 0.41637735849056606 0.15453124999999998 0.20154716981132084 0.064125
0 0.3652075471698113 0.20346875 0.2123962264150943 0.0578125
0 0.28643396226415097 0.25034375000000003 0.18694339622641507 0.06823958333333333
0 0.259 0.2984791666666667 0.20752830188679247 0.060354166666666605
0 0.2366981132075472 0.35152083333333334 0.2635660377358491 0.05530208333333337
0 0.2860188679245283 0.3989479166666667 0.26784905660377356 0.04252083333333338
0 0.3260377358490566 0.44033333333333335 0.2938490566037736 0.04527083333333337
0 0.36145283018867924 0.48611458333333335 0.2653962264150943 0.052645833333333295
0 0.44837735849056604 0.5237395833333333 0.22347169811320766 0.08071875
0 0.5078679245283019 0.5620520833333333 0.3019056603773585 0.06780208333333325