0 0.6012075471698113 0.14230208333333336 0.18700000000000003 0.05003124999999997
0 0.5640943396226415 0.18558333333333332 0.18281132075471695 0.04730208333333336
0 0.5179056603773585 0.23020833333333332 0.18747169811320757 0.0621458333333333
0 0.4448679245283018 0.273625 0.18158490566037738 0.05373958333333337
0 0.40603773584905656 0.3162291666666667 0.19554716981132073 0.04965624999999996
0 0.3714716981132075 0.35990625 0.19113207547169814 0.05964583333333332
0 0.3522452830188679 0.41021875 0.19039622641509427 0.059072916666666704
0 0.36486792452830186 0.46411458333333333 0.1994528301886792 0.056750000000000016
0 0.4175471698113208 0.5205104166666666 0.20192452830188676 0.06835416666666667
0 0.5209433962264152 0.5635208333333334 0.21073584905660386 0.07697916666666677
0 0.6298679245283019 0.6129479166666666 0.25703773584905665 0.08358333333333334
0 0.7432264150943396 0.7524479166666667 0.24656603773584895 0.06688541666666671
0 0.6959245283018868 0.6710416666666668 0.25783018867924523 0.0971979166666666
0 0.7144339622641509 0.8085104166666667 0.2894339622641509 0.08185416666666659
0 0.6290377358490565 0.8783020833333333 0.2690943396226415 0.10993749999999997
0 0.5910000000000001 0.09523958333333334 0.21509433962264152 0.05357291666666667
0 0.56 0.9389895833333333 0.34177358490566034 0.10118750000000011