0 0.5332641509433962 0.07638541666666666 0.1727169811320754 0.05439583333333333
0 0.520188679245283 0.11892708333333334 0.16160377358490563 0.05497916666666667
0 0.4861132075471698 0.16753125000000002 0.16852830188679233 0.06886458333333335
0 0.44837735849056604 0.20428125000000003 0.17064150943396236 0.06018749999999997
0 0.4033207547169811 0.2502916666666667 0.16854716981132084 0.06308333333333334
0 0.3818301886792453 0.29513541666666665 0.2178113207547171 0.05555208333333338
0 0.36820754716981136 0.33680208333333334 0.2136415094339623 0.06018749999999997
0 0.3729245283018868 0.38628124999999996 0.20418867924528297 0.057291666666666664
0 0.40858490566037736 0.43373958333333335 0.21922641509433952 0.07117708333333338
0 0.45522641509433964 0.4849583333333333 0.21400000000000002 0.0752291666666667
0 0.505 0.5298020833333333 0.22764150943396222 0.07465625000000008
0 0.5374528301886793 0.5905625000000001 0.23558490566037738 0.07117708333333325
0 0.5437547169811321 0.6591458333333333 0.23558490566037738 0.07291666666666667
0 0.5269811320754717 0.7317708333333334 0.2502641509433962 0.08159374999999992
0 0.5033962264150944 0.807 0.26809433962264156 0.078125
0 0.477188679245283 0.88715625 0.2785849056603774 0.08795833333333339
0 0.4583396226415094 0.952875 0.32788679245283026 0.08893750000000011