0 0.5717735849056604 0.11767708333333333 0.2167169811320755 0.04943749999999998
0 0.5884905660377358 0.16503125000000002 0.2061509433962264 0.03997916666666666
0 0.5952075471698113 0.21348958333333332 0.23845283018867924 0.0535520833333333
0 0.6013584905660377 0.2720416666666667 0.23186792452830185 0.05956249999999995
0 0.5957735849056603 0.32515625 0.2144339622641509 0.05119791666666664
0 0.6009245283018868 0.3788958333333333 0.2498867924528303 0.051041666666666666
0 0.5759056603773586 0.43090625 0.2313018867924529 0.05436458333333327
0 0.5710566037735849 0.48402083333333334 0.24673584905660373 0.04601041666666662
0 0.5640566037735849 0.5384791666666667 0.28362264150943406 0.05075000000000003
0 0.5443207547169812 0.5992395833333333 0.3001886792452831 0.06811458333333344
0 0.5266037735849057 0.66640625 0.28990566037735843 0.06007291666666674
0 0.5054339622641509 0.7233854166666667 0.29790566037735844 0.06292708333333343
0 0.5273207547169811 0.7849375 0.32277358490566027 0.0818749999999999
0 0.5703396226415094 0.87553125 0.33966037735849053 0.06167708333333337
0 0.5584716981132075 0.9390625 0.3976981132075471 0.06720833333333331
0 0.5696792452830188 0.07733333333333332 0.2479811320754716 0.03788541666666667
0 0.5669245283018869 0.04504166666666667 0.2706226415094341 0.04253125