0 0.5938679245283018 0.03735416666666667 0.2519245283018868 0.04754166666666667
0 0.5803396226415094 0.07436458333333333 0.22977358490566033 0.05229166666666669
0 0.5440377358490566 0.12225000000000001 0.235943396226415 0.05840624999999999
0 0.5046792452830189 0.16910416666666667 0.23841509433962266 0.06247916666666668
0 0.47147169811320755 0.21834375 0.2605471698113208 0.05365624999999999
0 0.4505660377358491 0.2607916666666667 0.2285849056603773 0.06112499999999995
0 0.4524150943396226 0.31172916666666667 0.27162264150943394 0.058406250000000055
0 0.45486792452830194 0.3677604166666667 0.2863962264150944 0.06315625
0 0.4831509433962264 0.4200520833333333 0.3159056603773584 0.07403124999999994
0 0.5200566037735849 0.4791354166666667 0.3011320754716982 0.07945833333333331
0 0.5465094339622641 0.544 0.3048113207547169 0.07606249999999998
0 0.549566037735849 0.614625 0.31588679245283013 0.08013541666666674
0 0.550188679245283 0.6845833333333334 0.31958490566037734 0.07334375000000008
0 0.5471132075471699 0.7446875 0.3232641509433963 0.07266666666666666
0 0.5661698113207547 0.8217708333333333 0.36384905660377365 0.10051041666666667
0 0.527433962264151 0.8930833333333333 0.41920754716981123 0.08829166666666666
0 0.4939622641509434 0.9494062499999999 0.46307547169811314 0.0952395833333334