0 0.5912641509433962 0.88125 0.3797735849056603 0.05605208333333327
0 0.5526792452830189 0.81740625 0.34035849056603773 0.07004166666666668
0 0.5127169811320755 0.75015625 0.3585471698113207 0.060541666666666556
0 0.5077547169811321 0.68225 0.3410566037735849 0.07888541666666668
0 0.5238679245283019 0.5971875 0.34311320754716984 0.06710416666666674
0 0.5120377358490565 0.532875 0.3119056603773584 0.05931249999999994
0 0.511188679245283 0.48039583333333336 0.2724716981132075 0.05436458333333327
0 0.5310754716981133 0.4217708333333333 0.26696226415094343 0.057927083333333344
0 0.5147924528301886 0.3662604166666667 0.27213207547169815 0.05524999999999996
0 0.5026226415094339 0.3207083333333333 0.255320754716981 0.05163541666666672
0 0.5238867924528302 0.2693645833333333 0.2676603773584906 0.040625
0 0.5317735849056603 0.21546875 0.23816981132075477 0.05366666666666665
0 0.5377735849056603 0.17388541666666668 0.212433962264151 0.04967708333333333
0 0.5317735849056603 0.12426041666666668 0.23816981132075477 0.050406250000000014
0 0.5514905660377359 0.08466666666666667 0.23986792452830188 0.04622916666666666
0 0.5878679245283018 0.9479166666666666 0.43347169811320757 0.059895833333333336
0 0.5371698113207547 0.044270833333333336 0.2943396226415094 0.0390625