0 0.48175471698113215 0.10328125 0.2429245283018868 0.04448958333333334
0 0.5047924528301887 0.14221875 0.24581132075471693 0.046083333333333344
0 0.5134150943396226 0.17995833333333333 0.22852830188679246 0.046875
0 0.5242075471698113 0.21730208333333334 0.22133962264150955 0.043697916666666656
0 0.5170188679245282 0.2558333333333333 0.22998113207547166 0.046083333333333344
0 0.5090943396226415 0.2943645833333333 0.22566037735849062 0.05164583333333338
0 0.5105471698113208 0.33210416666666664 0.22852830188679246 0.049260416666666626
0 0.5076603773584906 0.3738125 0.24005660377358495 0.05322916666666669
0 0.5098113207547169 0.4206875 0.22998113207547166 0.05164583333333338
0 0.5040566037735849 0.46677083333333336 0.24724528301886786 0.046875
0 0.5090943396226415 0.5164270833333333 0.26594339622641494 0.054031249999999885
0 0.5191698113207548 0.5660833333333334 0.26594339622641494 0.06277083333333332
0 0.5220566037735849 0.6205104166666667 0.2573207547169811 0.06514583333333329
0 0.5378867924528301 0.6844687500000001 0.25730188679245286 0.06753124999999992
0 0.529245283018868 0.7500104166666667 0.2745849056603773 0.07944791666666665
0 0.4896792452830188 0.8115833333333333 0.31343396226415093 0.08183333333333327
0 0.4630566037735848 0.8767395833333332 0.32639622641509436 0.07388541666666673