0 0.5023584905660378 0.11516666666666667 0.20939622641509437 0.055552083333333314
0 0.5002641509433962 0.15769791666666666 0.19052830188679248 0.059604166666666694
0 0.5002641509433962 0.20167708333333334 0.2052075471698113 0.06423958333333335
0 0.5170188679245282 0.24508333333333335 0.20311320754716977 0.06423958333333335
0 0.5296037735849056 0.29080208333333335 0.20730188679245284 0.0630833333333334
0 0.5406037735849056 0.3365208333333333 0.20624528301886783 0.0653958333333333
0 0.553188679245283 0.38310416666666663 0.2167169811320755 0.06829166666666661
0 0.5557924528301886 0.43576041666666665 0.2303396226415095 0.06712499999999993
0 0.56 0.48668750000000005 0.24711320754716987 0.0763854166666667
0 0.5641886792452829 0.5408020833333332 0.2638867924528302 0.078125
0 0.5552830188679245 0.6006979166666666 0.2691320754716981 0.0752291666666667
0 0.5259245283018869 0.6608750000000001 0.24188679245283026 0.07176041666666677
0 0.5023396226415094 0.7251145833333333 0.2848679245283019 0.0752291666666667
0 0.4808679245283019 0.7890625 0.2963962264150944 0.07581249999999998
0 0.47530188679245283 0.86121875 0.38977358490566033 0.08151041666666667
0 0.4951698113207547 0.08157291666666668 0.20115094339622644 0.04827083333333334
0 0.4883584905660377 0.04578125 0.19326415094339613 0.050156250000000006