0 0.47249056603773587 0.11082291666666667 0.21464150943396224 0.059604166666666666
0 0.44054716981132075 0.14988541666666666 0.1867547169811321 0.06365625000000001
0 0.4169433962264151 0.19705208333333332 0.19160377358490568 0.06308333333333334
0 0.34356603773584904 0.23697916666666666 0.2083962264150943 0.06886458333333335
0 0.2754528301886793 0.27372916666666663 0.2084150943396226 0.06134374999999999
0 0.255 0.3255208333333333 0.22415094339622643 0.059604166666666694
0 0.24977358490566037 0.3755833333333333 0.24930188679245283 0.0625
0 0.27439622641509437 0.42592708333333335 0.2356792452830188 0.07291666666666667
0 0.3210754716981132 0.4823541666666667 0.25798113207547163 0.08043750000000002
0 0.36928301886792453 0.5419583333333333 0.2642830188679245 0.078125
0 0.41330188679245283 0.60271875 0.24124528301886794 0.07581249999999998
0 0.45207547169811324 0.6715833333333333 0.2768867924528302 0.07233333333333339
0 0.4630943396226415 0.73784375 0.29260377358490575 0.07870833333333328
0 0.4604150943396227 0.8156874999999999 0.3163207547169812 0.0769687500000001
0 0.45569811320754716 0.88715625 0.3760566037735849 0.07407291666666656
0 0.4741320754716981 0.0709375 0.21386792452830183 0.046385416666666665
0 0.4854528301886793 0.03580208333333333 0.23833962264150954 0.041229166666666664