0 0.4627547169811321 0.871 0.2550943396226416 0.07668750000000012
0 0.4990188679245283 0.8041874999999999 0.219811320754717 0.062114583333333445
0 0.5243962264150943 0.73690625 0.23281132075471694 0.06147916666666665
0 0.5361509433962265 0.6759791666666667 0.22398113207547177 0.0616458333333334
0 0.5285471698113208 0.6170833333333333 0.21956603773584907 0.06586458333333335
0 0.5030754716981132 0.5564895833333333 0.21173584905660384 0.05183333333333332
0 0.4731698113207547 0.5019166666666667 0.17349056603773583 0.05281250000000005
0 0.47035849056603773 0.44741666666666663 0.18403773584905664 0.050947916666666634
0 0.4462075471698113 0.40488541666666666 0.17349056603773594 0.052187500000000026
0 0.4487924528301887 0.34659375000000003 0.15364150943396238 0.0581666666666667
0 0.45516981132075474 0.30073958333333334 0.17520754716981135 0.05521874999999999
0 0.4822452830188679 0.25104166666666666 0.1700566037735849 0.05997916666666671
0 0.5029433962264152 0.2076875 0.1629622641509434 0.06555208333333334
0 0.49743396226415093 0.16360416666666666 0.1788867924528301 0.05178124999999998
0 0.5040566037735849 0.12255208333333334 0.17054716981132073 0.055989583333333336
0 0.506245283018868 0.07839583333333335 0.18573584905660367 0.05100000000000001
0 0.44681132075471697 0.9293125 0.27173584905660375 0.08482291666666673