0 0.492 0.12667708333333333 0.17039622641509425 0.04722916666666667
0 0.492 0.17039583333333336 0.17039622641509425 0.05134375000000002
0 0.4875660377358491 0.22161458333333334 0.16781132075471686 0.05308333333333331
0 0.4729811320754717 0.26857291666666666 0.15124528301886786 0.06018749999999997
0 0.46684905660377357 0.31742708333333336 0.15781132075471696 0.05719791666666663
0 0.4619811320754717 0.36043749999999997 0.1732452830188679 0.05640624999999998
0 0.44511320754716976 0.41504166666666664 0.1898301886792453 0.054520833333333366
0 0.41966037735849054 0.46137500000000004 0.18924528301886795 0.0534270833333333
0 0.38664150943396225 0.5130625 0.1923962264150943 0.07000000000000005
0 0.3772075471698113 0.5803020833333333 0.21126415094339618 0.058645833333333286
0 0.3869433962264151 0.6397291666666667 0.24328301886792453 0.06291666666666676
0 0.42037735849056607 0.6975729166666667 0.24673584905660373 0.06402083333333337
0 0.5098679245283019 0.7644166666666667 0.22043396226415102 0.08818750000000009
0 0.5678867924528302 0.8326041666666666 0.24443396226415084 0.07808333333333337
0 0.4835660377358491 0.08525 0.14722641509433956 0.05116666666666667
0 0.6386415094339623 0.8970625 0.28801886792452824 0.0650000000000001
0 0.45590566037735847 0.04348958333333333 0.147056603773585 0.034604166666666665