0 0.5416037735849056 0.7953541666666666 0.22558490566037748 0.07682291666666667
0 0.5783396226415094 0.7184062499999999 0.25503773584905653 0.07917708333333333
0 0.6127924528301887 0.6568541666666667 0.25475471698113206 0.0602291666666666
0 0.6323773584905661 0.5915833333333332 0.24988679245283008 0.05817708333333324
0 0.642811320754717 0.53453125 0.2518867924528302 0.05863541666666663
0 0.638377358490566 0.47202083333333333 0.24932075471698112 0.04473958333333338
0 0.6092264150943396 0.43311458333333336 0.2161509433962263 0.04679166666666663
0 0.6089433962264151 0.3857708333333333 0.22816981132075484 0.05626041666666666
0 0.5716226415094339 0.33060416666666664 0.22271698113207541 0.04662499999999999
0 0.5494716981132076 0.279625 0.20984905660377365 0.05703125
0 0.5103018867924528 0.24647916666666667 0.21384905660377365 0.047562499999999966
0 0.47469811320754723 0.20148958333333333 0.20498113207547167 0.05229166666666665
0 0.45554716981132076 0.16345833333333332 0.1918301886792452 0.05260416666666667
0 0.42681132075471695 0.11886458333333333 0.20354716981132073 0.050229166666666665
0 0.412811320754717 0.07640625 0.22584905660377355 0.06253125
0 0.5306037735849057 0.8576979166666666 0.2475849056603774 0.06262499999999989
0 0.557433962264151 0.9214687500000001 0.315679245283019 0.08464583333333332