0 0.568377358490566 0.10561458333333333 0.23452830188679236 0.059604166666666666
0 0.5484905660377358 0.14264583333333333 0.1930754716981133 0.06191666666666666
0 0.486622641509434 0.18113541666666666 0.20941509433962266 0.07176041666666665
0 0.41273584905660377 0.2109375 0.23771698113207548 0.07696874999999999
0 0.3184150943396226 0.24826041666666668 0.2461320754716981 0.098375
0 0.27177358490566034 0.28298958333333335 0.29122641509433955 0.08333333333333333
0 0.2555283018867925 0.339125 0.29647169811320756 0.0625
0 0.2581509433962264 0.39236458333333335 0.26398113207547164 0.0775416666666666
0 0.3137358490566038 0.4395208333333333 0.25169811320754726 0.08738541666666665
0 0.3939056603773585 0.4950833333333333 0.26115094339622646 0.08854166666666667
0 0.45154716981132076 0.5477395833333334 0.2653584905660377 0.08391666666666661
0 0.4871509433962264 0.6018541666666667 0.2460943396226414 0.08912499999999994
0 0.5275471698113208 0.6660833333333334 0.2454716981132076 0.0798645833333334
0 0.5416415094339623 0.7375624999999999 0.25864150943396236 0.08391666666666661
0 0.5578867924528302 0.8122083333333333 0.2827547169811321 0.08507291666666675
0 0.5650377358490567 0.8951250000000001 0.3421320754716982 0.12068749999999989
0 0.5775471698113208 0.0655625 0.2109245283018867 0.042656249999999986