0 0.42226415094339625 0.8379166666666666 0.36583018867924527 0.07832291666666673
0 0.5057924528301887 0.7742812499999999 0.3208490566037737 0.071875
0 0.5888867924528303 0.7069375 0.2680188679245282 0.06802083333333328
0 0.6671509433962264 0.64078125 0.2655283018867925 0.06938541666666656
0 0.6785471698113208 0.5749270833333333 0.27518867924528306 0.06971875000000007
0 0.6536226415094339 0.5087708333333334 0.2616792452830188 0.07456250000000005
0 0.590566037735849 0.4524270833333333 0.24483018867924528 0.07370833333333332
0 0.5090377358490566 0.40321874999999996 0.23566037735849052 0.055989583333333336
0 0.4589811320754717 0.35871875000000003 0.2550754716981133 0.06153125000000005
0 0.43624528301886795 0.30087499999999995 0.25915094339622635 0.060531250000000016
0 0.45532075471698114 0.25898958333333333 0.2314150943396226 0.06722916666666663
0 0.4870377358490566 0.20717708333333332 0.19124528301886795 0.06634374999999999
0 0.5376415094339623 0.16278125000000002 0.1610000000000001 0.04910416666666665
0 0.5547169811320755 0.12052083333333334 0.1793773584905659 0.041770833333333326
0 0.5544150943396225 0.07971875 0.17586792452830197 0.04869791666666667
0 0.5552264150943396 0.037333333333333336 0.1894339622641509 0.042499999999999996
0 0.3992075471698114 0.9127604166666666 0.37690566037735845 0.0703125