0 0.4052641509433962 0.8246770833333333 0.24775471698113208 0.07785416666666668
0 0.46567924528301885 0.7500312499999999 0.236377358490566 0.07092708333333325
0 0.5053584905660377 0.6929270833333334 0.22537735849056612 0.06246875000000003
0 0.5481509433962264 0.63775 0.2338490566037737 0.06292708333333343
0 0.549622641509434 0.5785833333333333 0.22798113207547177 0.06259374999999992
0 0.5571320754716981 0.5319583333333333 0.21877358490566046 0.05329166666666663
0 0.5477735849056604 0.47763541666666665 0.19564150943396216 0.06388541666666671
0 0.5334150943396226 0.41765625 0.17571698113207546 0.0692291666666667
0 0.5278490566037736 0.3632604166666667 0.1757735849056603 0.057395833333333354
0 0.5240754716981132 0.3091875 0.16145283018867912 0.0542604166666667
0 0.5246226415094339 0.26090625 0.17356603773584908 0.05380208333333331
0 0.5363207547169812 0.22198958333333335 0.1727358490566037 0.053854166666666654
0 0.5192264150943396 0.17450000000000002 0.20041509433962268 0.050562500000000024
0 0.5181320754716982 0.12513541666666667 0.16720754716981132 0.04507291666666665
0 0.5157358490566037 0.08457291666666666 0.18003773584905652 0.039375000000000014
0 0.3964905660377358 0.8879479166666666 0.25660377358490566 0.05966666666666664
0 0.5073773584905661 0.054052083333333334 0.1966415094339623 0.026635416666666658