0 0.5505471698113208 0.029802083333333333 0.31628301886792454 0.059604166666666666
0 0.5469245283018868 0.06741666666666667 0.3177924528301888 0.05844791666666668
0 0.5380188679245282 0.11342708333333333 0.30205660377358495 0.0648125
0 0.5217358490566038 0.15364583333333334 0.29430188679245284 0.05613541666666665
0 0.48924528301886794 0.19936458333333332 0.3404150943396226 0.06076041666666665
0 0.4478301886792453 0.2450833333333333 0.3875849056603774 0.057291666666666664
0 0.44364150943396224 0.29137500000000005 0.3938679245283019 0.061916666666666724
0 0.44260377358490566 0.34288541666666666 0.3813018867924528 0.0653958333333333
0 0.45254716981132076 0.3958333333333333 0.3550943396226415 0.06944791666666662
0 0.476188679245283 0.4511041666666667 0.3565471698113208 0.07928125000000001
0 0.49401886792452826 0.5060729166666667 0.3628490566037737 0.07696874999999999
0 0.5175849056603773 0.568 0.36809433962264154 0.07581249999999998
0 0.5311698113207547 0.6354166666666666 0.378132075471698 0.08448958333333323
0 0.5217358490566038 0.7112291666666667 0.3928113207547171 0.08217708333333344
0 0.507056603773585 0.7826979166666667 0.401188679245283 0.07581249999999998
0 0.4771886792452831 0.8576354166666668 0.42949056603773583 0.0798645833333334
0 0.47284905660377363 0.9384791666666668 0.5091320754716979 0.11438541666666661