0 0.47441509433962264 0.7600833333333333 0.27988679245283027 0.08423958333333345
0 0.5291698113207547 0.6908645833333333 0.24473584905660384 0.07428124999999994
0 0.5630566037735849 0.6323124999999999 0.2684716981132075 0.06828124999999995
0 0.5494716981132076 0.5661770833333333 0.27275471698113196 0.06795833333333334
0 0.5261698113207547 0.5094375 0.24501886792452832 0.07094791666666668
0 0.5050188679245283 0.4516666666666667 0.2530188679245283 0.05073958333333337
0 0.486 0.4012395833333333 0.23386792452830196 0.05057291666666662
0 0.47728301886792457 0.34812499999999996 0.2227169811320755 0.058937500000000045
0 0.4892830188679245 0.3051875 0.22156603773584896 0.05640624999999998
0 0.4917169811320755 0.26076041666666666 0.19954716981132073 0.06318750000000002
0 0.5171509433962264 0.21261458333333336 0.18298113207547173 0.05529166666666665
0 0.5384528301886793 0.15823958333333332 0.16896226415094331 0.04722916666666664
0 0.5620377358490566 0.11926041666666665 0.18469811320754714 0.05259375000000001
0 0.5573207547169812 0.079875 0.19413207547169808 0.04927083333333335
0 0.5561886792452829 0.039072916666666666 0.1792641509433962 0.05195833333333334
0 0.4251698113207547 0.8410833333333334 0.29726415094339625 0.07691666666666658
0 0.4140943396226415 0.9055729166666667 0.3177924528301887 0.07128125000000006