0 0.5243962264150943 0.1070625 0.19096226415094347 0.05323958333333335
0 0.5537358490566038 0.15017708333333332 0.19098113207547174 0.06423958333333335
0 0.5788867924528301 0.19270833333333334 0.22452830188679246 0.059031250000000014
0 0.5589811320754717 0.24363541666666666 0.20564150943396228 0.06018749999999997
0 0.5248867924528302 0.2936875 0.23558490566037738 0.0642395833333333
0 0.49764150943396224 0.34404166666666663 0.23560377358490567 0.06308333333333328
0 0.46777358490566034 0.3900416666666667 0.23037735849056598 0.06944791666666662
0 0.4515094339622642 0.44299999999999995 0.2460943396226414 0.07233333333333339
0 0.4541320754716981 0.4994166666666667 0.26601886792452833 0.06365625000000001
0 0.4583396226415094 0.55121875 0.23666037735849058 0.07002083333333337
0 0.47247169811320755 0.6099583333333333 0.244 0.0752291666666667
0 0.48924528301886794 0.67534375 0.25237735849056603 0.0810208333333333
0 0.4855849056603774 0.7482604166666668 0.2555283018867926 0.0763854166666666
0 0.47247169811320755 0.818 0.24818867924528307 0.07465625000000008
0 0.48554716981132073 0.03617708333333333 0.1985283018867925 0.05090624999999999
0 0.5002075471698113 0.07135416666666666 0.2006603773584906 0.049406250000000006
0 0.46849056603773587 0.89571875 0.36873584905660367 0.10200000000000008