0 0.5230377358490566 0.10409375000000001 0.17669811320754714 0.039906250000000004
0 0.5322264150943395 0.1371666666666667 0.1730188679245284 0.04948958333333332
0 0.5479056603773584 0.18105208333333334 0.16124528301886798 0.05095833333333335
0 0.5579622641509434 0.22176041666666665 0.17056603773584902 0.03713541666666664
0 0.5512264150943396 0.26597916666666666 0.18403773584905653 0.05415625000000001
0 0.5359056603773584 0.30574999999999997 0.18035849056603778 0.05034375000000004
0 0.5101698113207547 0.34990625000000003 0.18281132075471695 0.04044791666666671
0 0.5088301886792453 0.39737500000000003 0.18550943396226424 0.040156249999999956
0 0.49816981132075466 0.4434270833333333 0.20192452830188676 0.03998958333333332
0 0.497566037735849 0.4961041666666667 0.2276603773584905 0.05903124999999996
0 0.5118867924528302 0.5527708333333333 0.21369811320754714 0.059281250000000084
0 0.5154528301886793 0.6121458333333333 0.21639622641509423 0.06492708333333326
0 0.5210754716981132 0.6682708333333333 0.24432075471698114 0.05813541666666661
0 0.5072452830188678 0.7340625000000001 0.24260377358490573 0.06174999999999997
0 0.48260377358490564 0.7969583333333333 0.26245283018867915 0.06847916666666667
0 0.4706037735849056 0.8712083333333334 0.281566037735849 0.07411458333333343
0 0.5087924528301887 0.0699375 0.18547169811320746 0.04761458333333334