0 0.5593396226415094 0.87671875 0.23586792452830188 0.0814062500000001
0 0.6203773584905661 0.8116145833333334 0.25103773584905675 0.07271874999999994
0 0.6478113207547169 0.7462708333333333 0.2304528301886792 0.07397916666666665
0 0.5830377358490566 0.6735 0.194679245283019 0.07428124999999994
0 0.4745471698113207 0.6237083333333333 0.19498113207547177 0.0981145833333334
0 0.3740566037735849 0.5795104166666667 0.22273584905660368 0.09810416666666673
0 0.29358490566037737 0.5365833333333333 0.20124528301886796 0.08610416666666675
0 0.23541509433962263 0.47439583333333335 0.1917924528301887 0.06841666666666661
0 0.2299811320754717 0.40439583333333334 0.16835849056603772 0.05688541666666668
0 0.26999999999999996 0.3520729166666667 0.18550943396226413 0.06682291666666665
0 0.32275471698113206 0.3070833333333333 0.1943962264150943 0.06840624999999996
0 0.3902264150943396 0.269125 0.16809433962264156 0.0780208333333333
0 0.45941509433962263 0.22801041666666666 0.15552830188679256 0.06870833333333332
0 0.5218679245283019 0.18846875000000002 0.1735471698113208 0.06255208333333334
0 0.541320754716981 0.13402083333333334 0.17467924528301895 0.057802083333333344
0 0.560622641509434 0.09282291666666667 0.1818301886792453 0.051802083333333325
0 0.5634716981132075 0.0504375 0.18756603773584898 0.060791666666666654