0 0.535188679245283 0.07610416666666667 0.27388679245283015 0.06220833333333333
0 0.4988301886792453 0.1204375 0.27630188679245293 0.06353125000000001
0 0.43730188679245285 0.158375 0.2970943396226415 0.06617708333333336
0 0.3326415094339623 0.20645833333333333 0.2443962264150943 0.08293750000000001
0 0.2763207547169811 0.24594791666666668 0.24041509433962266 0.06572916666666669
0 0.23398113207547172 0.28808333333333336 0.2420188679245283 0.06882291666666672
0 0.23037735849056604 0.3416770833333333 0.2444150943396227 0.06572916666666669
0 0.26237735849056604 0.3970416666666667 0.24775471698113208 0.07146875000000001
0 0.3159056603773585 0.44314583333333335 0.26852830188679244 0.08337499999999996
0 0.40458490566037736 0.49542708333333335 0.2733584905660377 0.10058333333333327
0 0.5016603773584906 0.5490208333333333 0.2693962264150943 0.09043749999999993
0 0.5883584905660377 0.61740625 0.30216981132075466 0.08161458333333324
0 0.6179056603773585 0.6875520833333333 0.30377358490566037 0.07808333333333337
0 0.6042830188679245 0.7623229166666667 0.2954528301886793 0.0802916666666666
0 0.5747169811320755 0.83246875 0.3338113207547169 0.08293750000000012
0 0.5152075471698113 0.90415625 0.3298113207547171 0.08867708333333345
0 0.5615849056603773 0.03586458333333333 0.23696226415094346 0.04439583333333332