0 0.4268867924528302 0.05092708333333333 0.2764905660377358 0.06365624999999998
0 0.4090754716981132 0.10011458333333331 0.26811320754716983 0.06829166666666667
0 0.3682264150943396 0.140625 0.2517169811320755 0.06944791666666668
0 0.3299433962264151 0.19415624999999997 0.2629056603773586 0.07002083333333337
0 0.2911698113207547 0.23611458333333332 0.2796792452830189 0.067125
0 0.26337735849056604 0.2919583333333333 0.312188679245283 0.059604166666666694
0 0.2450377358490566 0.33188541666666665 0.3006603773584906 0.0653958333333333
0 0.23771698113207546 0.38455208333333335 0.29437735849056607 0.08507291666666662
0 0.2754905660377358 0.43518749999999995 0.27158490566037735 0.07754166666666672
0 0.33154716981132076 0.49247916666666663 0.3061886792452831 0.08912499999999994
0 0.3986415094339622 0.546875 0.33347169811320754 0.09375
0 0.4966226415094339 0.6015625 0.3345471698113209 0.08738541666666677
0 0.6072075471698113 0.6649270833333334 0.3503018867924528 0.08564583333333337
0 0.6690377358490566 0.7317708333333334 0.3691886792452829 0.09316666666666672
0 0.6700943396226414 0.8122083333333333 0.40062264150943405 0.0908541666666667
0 0.6291509433962263 0.8709583333333334 0.44528301886792454 0.08828125
0 0.6291698113207547 0.94540625 0.5433396226415095 0.10918749999999994