0 0.5865283018867925 0.8194895833333333 0.28445283018867923 0.07886458333333338
0 0.5299999999999999 0.7472604166666666 0.2557358490566037 0.07813541666666665
0 0.45037735849056604 0.6844687500000001 0.22292452830188675 0.08122916666666669
0 0.35273584905660377 0.6317604166666667 0.22103773584905656 0.09215625000000002
0 0.2780754716981132 0.5690416666666667 0.21439622641509434 0.07503124999999997
0 0.22158490566037736 0.5084166666666666 0.22654716981132075 0.07820833333333338
0 0.19120754716981134 0.46109374999999997 0.23669811320754716 0.06094791666666666
0 0.19784905660377358 0.4160520833333334 0.22083018867924528 0.06659374999999995
0 0.21143396226415095 0.349875 0.2287358490566038 0.08034374999999999
0 0.2612264150943396 0.31059375 0.21128301886792455 0.08117708333333327
0 0.31458490566037733 0.26244791666666667 0.17947169811320757 0.07496875000000003
0 0.3795094339622641 0.22741666666666666 0.14067924528301887 0.06788541666666668
0 0.4261320754716982 0.18809375 0.1391509433962264 0.06491666666666666
0 0.49016981132075477 0.15429166666666666 0.15871698113207547 0.057156250000000006
0 0.5275849056603774 0.10042708333333333 0.15915094339622646 0.05072916666666665
0 0.5713584905660377 0.8971354166666666 0.28726415094339625 0.06770833333333333
0 0.5407169811320754 0.05925 0.16464150943396225 0.040364583333333336