0 0.5371698113207547 0.8168854166666667 0.2566226415094339 0.0675937500000001
0 0.5163962264150943 0.7563333333333334 0.23250943396226417 0.055375000000000084
0 0.47922641509433966 0.6958749999999999 0.22598113207547166 0.06336458333333325
0 0.44728301886792454 0.6358333333333334 0.23092452830188676 0.056531249999999984
0 0.42815094339622634 0.5720208333333333 0.20847169811320757 0.06397916666666674
0 0.42626415094339626 0.5089374999999999 0.21888679245283016 0.06268749999999995
0 0.4290943396226415 0.4502291666666667 0.221377358490566 0.06079166666666668
0 0.4387358490566038 0.39503125 0.21849056603773587 0.06253124999999997
0 0.45352830188679244 0.33905208333333337 0.19998113207547172 0.05651041666666667
0 0.4499245283018868 0.2899583333333334 0.20407547169811324 0.058114583333333296
0 0.4394716981132075 0.2360625 0.18883018867924525 0.050114583333333344
0 0.42935849056603775 0.1859375 0.17988679245283024 0.0465208333333333
0 0.4214905660377358 0.14260416666666667 0.16981132075471697 0.04562500000000001
0 0.415377358490566 0.10592708333333332 0.17452830188679244 0.04710416666666666
0 0.4021320754716981 0.06742708333333333 0.18292452830188688 0.04027083333333333
0 0.5536792452830188 0.87890625 0.2849056603773585 0.0625
0 0.3945094339622642 0.033208333333333326 0.17883018867924533 0.037760416666666664