0 0.4832830188679245 0.07410416666666667 0.20728301886792455 0.05806250000000001
0 0.48467924528301887 0.12529166666666666 0.21005660377358498 0.06569791666666666
0 0.4632264150943396 0.16844791666666667 0.23081132075471705 0.07563541666666668
0 0.40235849056603773 0.212375 0.23913207547169812 0.07944791666666665
0 0.35600000000000004 0.25554166666666667 0.2626603773584906 0.07257291666666663
0 0.2930566037735849 0.30366666666666664 0.2363962264150944 0.07410416666666665
0 0.26330188679245287 0.3594375 0.2433207547169812 0.07105208333333338
0 0.25637735849056603 0.4148229166666667 0.24609433962264152 0.07334374999999997
0 0.26607547169811324 0.46830208333333334 0.26545283018867927 0.07944791666666665
0 0.3055283018867925 0.5217812500000001 0.2644528301886792 0.0901458333333333
0 0.3816415094339623 0.5851875 0.3032075471698113 0.09472916666666673
0 0.46464150943396226 0.6424791666666666 0.30047169811320756 0.08861458333333326
0 0.5234528301886793 0.7093229166666667 0.31847169811320747 0.09090624999999998
0 0.5808679245283019 0.7857187499999999 0.3005094339622641 0.0893854166666666
0 0.6085283018867924 0.85753125 0.3143396226415095 0.09855208333333323
0 0.456566037735849 0.03835416666666667 0.1969245283018868 0.048614583333333336
0 0.6156415094339623 0.9232708333333334 0.3440000000000001 0.08142708333333341