0 0.5579056603773584 0.051791666666666666 0.26809433962264156 0.06539583333333333
0 0.5453396226415094 0.10301041666666667 0.24924528301886797 0.059031249999999987
0 0.5254150943396227 0.15914583333333335 0.26601886792452833 0.08448958333333335
0 0.5144150943396226 0.20833333333333334 0.2985094339622642 0.06829166666666667
0 0.49554716981132074 0.2630208333333333 0.3278679245283019 0.07349999999999994
0 0.4368490566037736 0.30815624999999996 0.281754716981132 0.07696874999999999
0 0.38707547169811324 0.36284374999999996 0.3184528301886793 0.0752291666666667
0 0.35667924528301886 0.41232291666666665 0.3310377358490566 0.07350000000000007
0 0.3782075471698113 0.46904166666666663 0.3344905660377358 0.08159375000000005
0 0.41330188679245283 0.5306666666666666 0.3041132075471697 0.09490625000000001
0 0.5076415094339622 0.5830416666666667 0.304132075471698 0.08854166666666667
0 0.6019622641509434 0.64178125 0.32301886792452816 0.09143749999999998
0 0.6527547169811321 0.70659375 0.3299056603773585 0.0798645833333334
0 0.6396981132075472 0.7809583333333333 0.3188490566037736 0.0908541666666667
0 0.5820188679245284 0.8573541666666666 0.33098113207547164 0.09895833333333333
0 0.5070754716981132 0.9241875 0.3886415094339623 0.08448958333333323
0 0.48794339622641514 0.9653437500000001 0.4197358490566038 0.06931249999999996