0 0.5594716981132075 0.07089583333333334 0.2901132075471698 0.04803125000000001
0 0.5579056603773584 0.10851041666666666 0.2785849056603773 0.050343750000000013
0 0.5589622641509434 0.14757291666666666 0.26181132075471697 0.04861458333333335
0 0.5589622641509434 0.18952083333333333 0.2597169811320754 0.050343749999999986
0 0.5474339622641509 0.23003125000000002 0.24715094339622642 0.050343749999999986
0 0.5437547169811321 0.2714166666666667 0.25237735849056603 0.049770833333333306
0 0.540622641509434 0.31684375000000004 0.24818867924528296 0.04918750000000003
0 0.5327547169811321 0.36284374999999996 0.26811320754716983 0.05670833333333327
0 0.5144528301886793 0.40798958333333335 0.2569811320754716 0.0625
0 0.49030188679245285 0.45862499999999995 0.285943396226415 0.059604166666666694
0 0.4530943396226415 0.5078125 0.299566037735849 0.06655208333333344
0 0.43003773584905663 0.5619166666666667 0.3058679245283019 0.06712500000000006
0 0.4001698113207548 0.6223958333333334 0.3132075471698113 0.06655208333333344
0 0.3692452830188679 0.6866354166666666 0.3142641509433963 0.06308333333333328
0 0.39339622641509436 0.7560729166666668 0.3334528301886793 0.07117708333333325
0 0.4384716981132075 0.8232083333333333 0.37537735849056614 0.0920104166666666
0 0.5006037735849056 0.8861354166666667 0.40069811320754717 0.09497916666666674