0 0.5914150943396226 0.8392916666666667 0.27520754716981133 0.07576041666666669
0 0.6271886792452831 0.78140625 0.27718867924528295 0.0752291666666667
0 0.6259622641509434 0.7110104166666668 0.2957924528301886 0.060281249999999884
0 0.6291509433962263 0.6570416666666666 0.26983018867924524 0.06544791666666659
0 0.5991320754716981 0.6024791666666667 0.2906415094339622 0.06641666666666665
0 0.5590754716981132 0.5468958333333334 0.24824528301886803 0.06401041666666671
0 0.5258679245283019 0.4957708333333333 0.24113207547169802 0.055385416666666624
0 0.4947358490566037 0.45316666666666666 0.2543584905660378 0.059468750000000035
0 0.48224528301886793 0.39859374999999997 0.24015094339622647 0.060447916666666636
0 0.4799056603773585 0.3463229166666667 0.23009433962264147 0.05411458333333338
0 0.4699811320754717 0.29953125 0.2156415094339623 0.05576041666666664
0 0.5029433962264152 0.2513125 0.179132075471698 0.05754166666666668
0 0.5176415094339623 0.2060729166666667 0.15462264150943406 0.05337500000000001
0 0.534188679245283 0.16279166666666667 0.16075471698113217 0.056104166666666684
0 0.5477924528301886 0.12113541666666668 0.18256603773584903 0.050177083333333324
0 0.5567358490566038 0.078 0.18428301886792445 0.04722916666666667
0 0.5485283018867925 0.9120520833333334 0.31343396226415093 0.06653124999999989