0 0.5736415094339622 0.9157083333333333 0.2764339622641509 0.0662499999999999
0 0.559811320754717 0.8304270833333334 0.3036226415094339 0.08536458333333338
0 0.5326037735849056 0.7523229166666667 0.2599999999999999 0.06309374999999993
0 0.5036603773584906 0.6869999999999999 0.2506981132075472 0.06934374999999994
0 0.4326037735849057 0.6248541666666667 0.2506981132075472 0.0854791666666666
0 0.36839622641509434 0.5716354166666666 0.2644339622641509 0.09456249999999997
0 0.3130377358490566 0.5092916666666667 0.26292452830188673 0.06511458333333332
0 0.27075471698113207 0.45146875000000003 0.2592452830188679 0.05364583333333333
0 0.25471698113207547 0.40595833333333337 0.23252830188679247 0.06084374999999997
0 0.2739433962264151 0.359375 0.17935849056603775 0.05396874999999994
0 0.30935849056603776 0.3150104166666667 0.20166037735849054 0.07238541666666667
0 0.3425471698113208 0.26707291666666666 0.1744716981132076 0.0628020833333333
0 0.39096226415094343 0.22916666666666666 0.18118867924528306 0.046875
0 0.4180943396226416 0.18945833333333334 0.1882452830188679 0.05078125
0 0.4570000000000001 0.14713541666666666 0.16701886792452827 0.046875
0 0.47467924528301897 0.10482291666666667 0.19767924528301883 0.040364583333333336
0 0.48883018867924527 0.07161458333333333 0.1882264150943396 0.044270833333333336