0 0.4884716981132075 0.8471770833333333 0.25328301886792454 0.06279166666666663
0 0.49392452830188677 0.79309375 0.2303396226415095 0.05332291666666673
0 0.5094339622641509 0.7376979166666667 0.21975471698113214 0.054843750000000094
0 0.523377358490566 0.6730520833333333 0.22009433962264147 0.06645833333333329
0 0.522 0.60253125 0.24039622641509428 0.061885416666666755
0 0.5121509433962265 0.5419166666666667 0.235943396226415 0.05963541666666667
0 0.5121132075471698 0.48490625 0.20245283018867916 0.0614166666666667
0 0.5098679245283019 0.43388541666666663 0.1775283018867925 0.0612916666666667
0 0.5010754716981132 0.38444791666666667 0.19039622641509427 0.06452083333333328
0 0.5026981132075472 0.33236458333333335 0.215679245283019 0.056750000000000016
0 0.49379245283018863 0.27636458333333336 0.20758490566037732 0.05524999999999996
0 0.4928301886792453 0.23170833333333332 0.22160377358490574 0.054906249999999976
0 0.5011320754716981 0.18080208333333334 0.2203207547169811 0.056187499999999994
0 0.4978867924528302 0.14084375000000002 0.22547169811320755 0.06745833333333333
0 0.5009056603773585 0.09264583333333333 0.24575471698113208 0.05263541666666667
0 0.4684528301886792 0.9135624999999999 0.2666603773584905 0.07739583333333329
0 0.4977547169811321 0.043916666666666666 0.2057735849056605 0.038947916666666665