0 0.5725849056603775 0.04021875 0.21569811320754706 0.057291666666666664
0 0.581 0.08652083333333334 0.2140188679245282 0.057291666666666664
0 0.582566037735849 0.12846875 0.19620754716981134 0.06365624999999998
0 0.5657735849056604 0.17592708333333332 0.2188490566037736 0.07176041666666665
0 0.5359056603773584 0.22395833333333334 0.21360377358490573 0.06481250000000002
0 0.5086603773584906 0.27228125 0.20103773584905651 0.07117708333333338
0 0.47773584905660377 0.32117708333333334 0.21677358490566034 0.06944791666666662
0 0.4447169811320755 0.37268749999999995 0.22620754716981128 0.07407291666666668
0 0.37554716981132075 0.41030208333333335 0.24509433962264157 0.08912499999999994
0 0.3100377358490566 0.4589166666666667 0.25245283018867926 0.09375
0 0.21884905660377355 0.5098333333333334 0.250377358490566 0.09143749999999998
0 0.18216981132075472 0.5682916666666666 0.2755471698113207 0.08333333333333333
0 0.19479245283018864 0.640625 0.2883396226415094 0.09837500000000006
0 0.23932075471698114 0.7048645833333332 0.2935849056603773 0.10879166666666672
0 0.35566037735849054 0.7705416666666667 0.2873207547169811 0.11400000000000006
0 0.4887735849056604 0.8368020833333334 0.304132075471698 0.11573958333333323
0 0.6125471698113207 0.8884791666666667 0.3553018867924527 0.08345833333333322