0 0.47816981132075476 0.03575 0.2242264150943397 0.04766666666666667
0 0.4846415094339623 0.0703125 0.21703773584905656 0.045291666666666654
0 0.48247169811320756 0.111625 0.22133962264150944 0.05958333333333332
0 0.4896792452830188 0.15969791666666666 0.23284905660377353 0.05720833333333335
0 0.47671698113207545 0.20339583333333333 0.23573584905660377 0.05720833333333335
0 0.46520754716981133 0.2510625 0.22711320754716982 0.05561458333333332
0 0.4529811320754717 0.30151041666666667 0.22854716981132076 0.05482291666666666
0 0.443622641509434 0.34640625 0.22711320754716982 0.05720833333333329
0 0.46737735849056605 0.40320833333333334 0.27747169811320754 0.07070833333333333
0 0.5206037735849057 0.45246875000000003 0.2745849056603773 0.06277083333333332
0 0.5882452830188679 0.5041145833333334 0.2601698113207547 0.07388541666666662
0 0.6731320754716981 0.5553645833333333 0.2803018867924527 0.08580208333333346
0 0.7148679245283018 0.6256770833333333 0.2860377358490567 0.08183333333333327
0 0.7019056603773585 0.6951979166666666 0.29181132075471694 0.08739583333333342
0 0.6594716981132075 0.7718645833333333 0.31628301886792454 0.0977291666666666
0 0.5652075471698114 0.8397916666666667 0.34939622641509427 0.09852083333333325
0 0.5054905660377359 0.9057395833333334 0.38537735849056604 0.09692708333333329