0 0.5446603773584906 0.032260416666666666 0.22488679245283008 0.04821874999999999
0 0.5415849056603774 0.07368749999999999 0.22856603773584902 0.05365624999999999
0 0.5391320754716982 0.11646875 0.2187358490566039 0.055010416666666666
0 0.5348301886792453 0.165375 0.23718867924528308 0.060447916666666636
0 0.5139056603773585 0.20645833333333333 0.23964150943396226 0.057052083333333316
0 0.5182264150943396 0.25467708333333333 0.2359622641509435 0.0543333333333333
0 0.5237547169811321 0.30391666666666667 0.24456603773584906 0.05365624999999999
0 0.5292830188679245 0.35383333333333333 0.25071698113207547 0.057052083333333316
0 0.5477358490566038 0.40579166666666666 0.25071698113207547 0.060447916666666636
0 0.5944716981132075 0.4553645833333333 0.27775471698113213 0.07131250000000004
0 0.6498301886792454 0.5052812499999999 0.2728301886792453 0.06927083333333334
0 0.7057924528301887 0.5677708333333332 0.3183207547169812 0.07334375000000008
0 0.7150188679245283 0.6333020833333334 0.28511320754716984 0.07538541666666655
0 0.6701132075471699 0.6951041666666666 0.3257169811320755 0.07945833333333331
0 0.5907924528301887 0.7565729166666666 0.31958490566037734 0.08692708333333338
0 0.5225283018867924 0.82109375 0.3109811320754718 0.09643749999999993
0 0.4487169811320755 0.8968125 0.36018867924528297 0.09168749999999998