0 0.5141509433962265 0.8977083333333333 0.24615094339622648 0.07730208333333337
0 0.543320754716981 0.8410520833333333 0.21643396226415101 0.061197916666666664
0 0.5371698113207547 0.7705729166666667 0.24016981132075466 0.06325000000000003
0 0.5220188679245283 0.7078333333333333 0.23043396226415094 0.06560416666666669
0 0.48656603773584906 0.6361770833333333 0.20984905660377365 0.07002083333333337
0 0.4359622641509434 0.5764375 0.1966792452830189 0.06321875000000006
0 0.4145283018867924 0.5110104166666667 0.2166981132075472 0.06779166666666671
0 0.41509433962264153 0.45577083333333335 0.19267924528301889 0.06146874999999999
0 0.4130943396226415 0.39886458333333336 0.21383018867924536 0.05531250000000002
0 0.428811320754717 0.35372916666666665 0.21098113207547167 0.060354166666666605
0 0.45926415094339623 0.31277083333333333 0.22441509433962264 0.06019791666666663
0 0.48871698113207546 0.2680208333333333 0.18267924528301874 0.06444791666666667
0 0.5133018867924528 0.22461458333333334 0.16783018867924537 0.05023958333333335
0 0.5344528301886792 0.1801875 0.18269811320754725 0.05386458333333331
0 0.5456037735849056 0.13440625 0.1832641509433962 0.05070833333333334
0 0.5343207547169811 0.09582291666666666 0.15439622641509443 0.04896874999999999
0 0.5204528301886792 0.054593749999999996 0.17667924528301884 0.042531249999999986