0 0.5693207547169812 0.049416666666666664 0.2627358490566038 0.06101041666666666
0 0.5490754716981132 0.08721875 0.2783018867924528 0.06272916666666667
0 0.5008301886792452 0.12889583333333332 0.24096226415094346 0.06703125
0 0.4782641509433962 0.17873958333333334 0.2643207547169811 0.07046875000000004
0 0.4424716981132075 0.21741666666666667 0.2705471698113207 0.06531249999999998
0 0.4269056603773585 0.26596875000000003 0.3110188679245284 0.06960416666666666
0 0.4237924528301887 0.31021875 0.35149056603773576 0.06703125000000003
0 0.4354716981132076 0.35189583333333335 0.3530377358490566 0.08679166666666673
0 0.467377358490566 0.4004479166666667 0.34835849056603774 0.0859375
0 0.5023962264150943 0.44556250000000003 0.34056603773584904 0.06788541666666663
0 0.5428490566037736 0.4975520833333333 0.33122641509433975 0.07906250000000009
0 0.5778679245283018 0.5598541666666667 0.32654716981132065 0.0781979166666666
0 0.6066603773584905 0.6174375 0.34366037735849053 0.08507291666666675
0 0.5988867924528303 0.6900520833333333 0.31875471698113195 0.07906250000000009
0 0.5498490566037736 0.7575104166666667 0.3234339622641509 0.08507291666666675
0 0.4977169811320755 0.82325 0.34367924528301885 0.103125
0 0.47047169811320755 0.8911354166666666 0.3608113207547169 0.0756249999999999