0 0.5311698113207547 0.1015625 0.17479245283018865 0.06191666666666666
0 0.5007924528301887 0.14669791666666668 0.15594339622641507 0.06539583333333336
0 0.46305660377358493 0.1898125 0.15805660377358488 0.06596874999999998
0 0.4096037735849057 0.2311875 0.17064150943396225 0.06655208333333332
0 0.34515094339622643 0.27257291666666666 0.18009433962264149 0.07060416666666663
0 0.28750943396226414 0.3151041666666667 0.17801886792452834 0.07233333333333339
0 0.24820754716981133 0.36487499999999995 0.1811698113207547 0.0642395833333333
0 0.23771698113207543 0.41637500000000005 0.19375471698113206 0.061916666666666724
0 0.2382452830188679 0.47627083333333337 0.19062264150943398 0.07176041666666665
0 0.27705660377358493 0.53240625 0.2097547169811321 0.08795833333333339
0 0.35356603773584905 0.59028125 0.24750943396226416 0.0949062499999999
0 0.4452641509433962 0.6438124999999999 0.27373584905660386 0.10127083333333337
0 0.5401132075471698 0.7008125 0.2769056603773585 0.10532291666666656
0 0.6292075471698113 0.765625 0.27903773584905656 0.10185416666666663
0 0.6810754716981132 0.8379583333333334 0.2821886792452829 0.09606250000000002
0 0.6806415094339623 0.9142499999999999 0.3307358490566037 0.09038541666666665
0 0.5536603773584906 0.06030208333333333 0.18281132075471695 0.055812500000000015