0 0.45962264150943394 0.1020625 0.25562264150943387 0.04873958333333332
0 0.47816981132075476 0.13490624999999998 0.25177358490566026 0.05085416666666666
0 0.4960754716981132 0.16845833333333332 0.22618867924528302 0.04732291666666667
0 0.514 0.21225 0.2492075471698114 0.05720833333333335
0 0.49671698113207546 0.2542708333333333 0.26584905660377356 0.07486458333333333
0 0.49096226415094335 0.30512500000000004 0.24922641509433968 0.05791666666666669
0 0.4820188679245283 0.35915625 0.23898113207547175 0.07133333333333335
0 0.47049056603773587 0.40895833333333337 0.26201886792452833 0.06780208333333336
0 0.45515094339622636 0.46652083333333333 0.2799245283018868 0.07557291666666661
0 0.44107547169811323 0.5177291666666667 0.2824905660377358 0.07345833333333332
0 0.39822641509433965 0.58059375 0.2914528301886793 0.06780208333333325
0 0.385433962264151 0.6226145833333334 0.2889056603773585 0.06144791666666668
0 0.39183018867924524 0.66534375 0.2786603773584906 0.06215625000000007
0 0.4218867924528302 0.7172604166666667 0.2824905660377358 0.05720833333333341
0 0.42509433962264154 0.7681145833333333 0.2888867924528302 0.05438541666666671
0 0.4282830188679245 0.8165 0.2824905660377359 0.05933333333333337
0 0.4353207547169811 0.8705312500000001 0.2914528301886792 0.05720833333333341