0 0.4867547169811321 0.06876041666666667 0.22530188679245278 0.05194791666666667
0 0.4874528301886793 0.11038541666666667 0.22115094339622648 0.046604166666666676
0 0.4902264150943396 0.15584375 0.22667924528301883 0.05806250000000001
0 0.4860754716981132 0.20283333333333334 0.23498113207547164 0.06952083333333334
0 0.44939622641509436 0.25095833333333334 0.23913207547169812 0.06493749999999997
0 0.41135849056603774 0.2975625 0.2239245283018868 0.06187499999999998
0 0.39683018867924524 0.34492708333333333 0.2557547169811322 0.07105208333333338
0 0.3712264150943396 0.39114583333333336 0.2626792452830189 0.06569791666666672
0 0.3608490566037736 0.43697916666666664 0.2806603773584906 0.06722916666666663
0 0.3705283018867924 0.48778125 0.2668301886792452 0.07410416666666665
0 0.41273584905660377 0.5511874999999999 0.26543396226415106 0.08173958333333337
0 0.4445660377358491 0.60925 0.2571320754716981 0.07257291666666674
0 0.4874528301886793 0.6749479166666668 0.2626603773584906 0.08173958333333337
0 0.5185849056603774 0.7452291666666666 0.26401886792452844 0.07410416666666678
0 0.5490188679245284 0.8181875000000001 0.26954716981132076 0.07486458333333322
0 0.5400188679245282 0.89190625 0.29030188679245283 0.07715624999999994
0 0.5155283018867924 0.9449375 0.349867924528302 0.08631249999999989