0 0.5804528301886792 0.1125625 0.22930188679245278 0.07117708333333332
0 0.5337924528301887 0.14698958333333334 0.2827735849056604 0.06365625000000001
0 0.5039245283018867 0.18865625000000003 0.3068867924528301 0.06829166666666667
0 0.48192452830188676 0.2430520833333333 0.3152830188679245 0.07407291666666668
0 0.4808679245283019 0.2997708333333333 0.29432075471698116 0.0763854166666667
0 0.4992075471698113 0.3587916666666667 0.24715094339622642 0.07060416666666663
0 0.5411698113207547 0.41753124999999996 0.2559245283018868 0.08274999999999993
0 0.6087735849056604 0.4739583333333333 0.27586792452830194 0.09028124999999995
0 0.679 0.55121875 0.27169811320754716 0.08622916666666663
0 0.7434528301886792 0.6006979166666666 0.2937169811320754 0.08333333333333333
0 0.7445094339622641 0.6646458333333333 0.33773584905660375 0.078125
0 0.678433962264151 0.7311875000000001 0.29950943396226415 0.0954895833333334
0 0.5893396226415095 0.78675 0.29952830188679247 0.09433333333333328
0 0.4541509433962264 0.84259375 0.322622641509434 0.1064791666666667
0 0.3660943396226415 0.9094374999999999 0.3606792452830189 0.11777083333333328
0 0.6153584905660378 0.07930208333333333 0.19858490566037737 0.05619791666666665
0 0.6291320754716981 0.038968749999999996 0.21113207547169807 0.04961458333333333