0 0.49416981132075477 0.789125 0.3713207547169813 0.07127083333333341
0 0.534132075471698 0.7237916666666667 0.29141509433962254 0.06618749999999997
0 0.5602641509433962 0.6567604166666666 0.2698867924528301 0.07127083333333341
0 0.566377358490566 0.5914166666666667 0.2760754716981133 0.05599999999999999
0 0.5525660377358491 0.5354166666666667 0.25452830188679243 0.05599999999999999
0 0.5095660377358491 0.47686458333333337 0.2299245283018868 0.05430208333333333
0 0.47271698113207544 0.42341666666666666 0.23603773584905655 0.05260416666666667
0 0.44045283018867926 0.37759375 0.23909433962264157 0.04921875
0 0.42815094339622634 0.32753125 0.25139622641509435 0.05090625000000001
0 0.4665471698113208 0.28170833333333334 0.23607547169811322 0.04752083333333334
0 0.4865471698113208 0.23249999999999998 0.23911320754716986 0.04752083333333334
0 0.5264905660377359 0.18921875000000002 0.22067924528301894 0.05599999999999999
0 0.5326603773584906 0.14339583333333333 0.20832075471698108 0.04921875
0 0.5387924528301887 0.10606249999999999 0.18992452830188672 0.042427083333333324
0 0.5372641509433962 0.06279166666666666 0.16837735849056606 0.037333333333333336
0 0.4782075471698113 0.85546875 0.32266037735849057 0.06770833333333333
0 0.525377358490566 0.032552083333333336 0.17643396226415092 0.036458333333333336