0 0.5099622641509434 0.054614583333333334 0.24128301886792453 0.053166666666666675
0 0.5414905660377358 0.09425 0.23077358490566027 0.058968749999999986
0 0.5563584905660377 0.13919791666666667 0.2430188679245282 0.06380208333333333
0 0.5327358490566039 0.17303125000000003 0.2272641509433963 0.06572916666666669
0 0.5169811320754717 0.21701041666666668 0.21677358490566034 0.0666979166666667
0 0.47758490566037737 0.26340625 0.2255283018867924 0.06863541666666666
0 0.44781132075471697 0.31126041666666665 0.2395471698113207 0.06766666666666671
0 0.43643396226415093 0.3562083333333333 0.23079245283018876 0.058968750000000014
0 0.4416981132075471 0.4040520833333333 0.265811320754717 0.06766666666666671
0 0.4469433962264151 0.45625 0.25530188679245275 0.06959374999999994
0 0.4592075471698113 0.5118333333333334 0.25179245283018875 0.06283333333333327
0 0.4793396226415095 0.5654791666666666 0.2500377358490566 0.06380208333333333
0 0.5003396226415094 0.6263854166666667 0.27103773584905655 0.07926041666666658
0 0.5012075471698113 0.69984375 0.2657924528301887 0.06959374999999994
0 0.49245283018867925 0.7684791666666667 0.27279245283018877 0.08119791666666672
0 0.4749622641509434 0.8404895833333333 0.279811320754717 0.08022916666666664
0 0.4644528301886792 0.90815625 0.3218301886792453 0.07249999999999991