0 0.49792452830188677 0.08082291666666667 0.25194339622641504 0.05433333333333333
0 0.5077547169811321 0.12835416666666666 0.23964150943396226 0.04889583333333333
0 0.49669811320754714 0.170125 0.22981132075471689 0.055010416666666666
0 0.47762264150943395 0.21121875 0.2285849056603773 0.05568749999999998
0 0.4241320754716981 0.2550208333333333 0.23720754716981127 0.050937499999999976
0 0.40383018867924536 0.2967916666666667 0.2163018867924528 0.05161458333333328
0 0.39030188679245287 0.3480625 0.211377358490566 0.052291666666666715
0 0.3964528301886793 0.39865625 0.2286037735849056 0.06384374999999996
0 0.3970566037735849 0.45027083333333334 0.24950943396226416 0.06112499999999995
0 0.4302641509433962 0.5001875 0.2544339622641509 0.061802083333333376
0 0.4628679245283019 0.5565625 0.2777924528301887 0.06315625000000011
0 0.5102264150943396 0.61734375 0.28884905660377364 0.06927083333333334
0 0.5372830188679245 0.678125 0.28884905660377364 0.06859374999999991
0 0.551433962264151 0.7552083333333334 0.309754716981132 0.07334375000000008
0 0.5581886792452829 0.8299166666666667 0.31835849056603777 0.08013541666666674
0 0.5292830188679245 0.8988541666666666 0.35156603773584916 0.08082291666666658
0 0.5087924528301887 0.9568437500000001 0.4010754716981133 0.08631249999999989