0 0.42450943396226415 0.8308854166666666 0.2962641509433962 0.09282291666666656
0 0.41550943396226414 0.7590625000000001 0.2855283018867924 0.06546874999999991
0 0.40409433962264146 0.7106041666666666 0.2661509433962264 0.06638541666666668
0 0.4096603773584906 0.6388541666666666 0.2950377358490566 0.07095833333333322
0 0.42224528301886793 0.5621458333333333 0.26986792452830194 0.06337499999999992
0 0.42039622641509433 0.4919895833333333 0.2850377358490567 0.05847916666666665
0 0.4192452830188679 0.4476354166666667 0.2701698113207546 0.04616666666666672
0 0.43839622641509435 0.40084375 0.2833207547169812 0.06714583333333338
0 0.4285283018867925 0.3513541666666667 0.2630188679245283 0.06193750000000004
0 0.43324528301886794 0.2991979166666667 0.2478679245283019 0.06523958333333332
0 0.4669811320754717 0.2549166666666667 0.21469811320754711 0.04961458333333333
0 0.5288867924528302 0.2069375 0.1938490566037736 0.05086458333333332
0 0.5613396226415094 0.16999999999999998 0.21471698113207538 0.039500000000000014
0 0.5497547169811321 0.12533333333333332 0.1978490566037736 0.04044791666666665
0 0.5081509433962264 0.08280208333333333 0.19354716981132083 0.056062499999999994
0 0.4808490566037736 0.04089583333333333 0.19841509433962268 0.04516666666666667
0 0.4652830188679245 0.8977916666666667 0.3156415094339623 0.08463541666666667