0 0.4858490566037736 0.08319791666666668 0.17696226415094332 0.03948958333333333
0 0.4798490566037736 0.13109374999999998 0.1775471698113208 0.041552083333333316
0 0.4638301886792453 0.17481249999999998 0.15809433962264155 0.04565624999999998
0 0.44567924528301883 0.22051041666666665 0.16581132075471697 0.036354166666666646
0 0.4222452830188679 0.26746875 0.14407547169811324 0.04345833333333336
0 0.40122641509433965 0.31039583333333337 0.14607547169811325 0.04598958333333331
0 0.38707547169811324 0.36240625000000004 0.17437735849056607 0.04931250000000003
0 0.3979433962264151 0.42191666666666666 0.15837735849056603 0.05026041666666667
0 0.4005094339622642 0.48165625 0.17609433962264148 0.05073958333333337
0 0.4286792452830189 0.5291666666666667 0.18839622641509438 0.05990624999999999
0 0.45826415094339623 0.5945104166666667 0.20354716981132073 0.058645833333333286
0 0.4725660377358491 0.6558229166666667 0.21499999999999997 0.05281250000000005
0 0.5181132075471698 0.7072916666666667 0.2776981132075473 0.049479166666666664
0 0.5355283018867925 0.7649479166666667 0.2869056603773586 0.05775000000000006
0 0.5425471698113208 0.8309583333333334 0.26433962264150945 0.05988541666666668
0 0.5553396226415094 0.8858541666666666 0.2830566037735849 0.06296875000000005
0 0.4669056603773585 0.04273958333333334 0.1932830188679245 0.047781250000000004