0 0.47437735849056606 0.08292708333333333 0.23164150943396222 0.03522916666666666
0 0.49071698113207546 0.11257291666666666 0.20516981132075474 0.04296875
0 0.5000566037735849 0.15123958333333334 0.1958301886792452 0.04296875
0 0.5210754716981132 0.19420833333333334 0.19428301886792457 0.04984375000000003
0 0.5070754716981132 0.24146875 0.20050943396226412 0.0515625
0 0.4985094339622641 0.28702083333333334 0.21139622641509426 0.05499999999999995
0 0.5109622641509434 0.34330208333333334 0.21450943396226405 0.05585416666666667
0 0.5304150943396226 0.39658333333333334 0.2253962264150944 0.06788541666666663
0 0.5522075471698114 0.44685416666666666 0.25030188679245274 0.06875
0 0.5763207547169811 0.5027083333333333 0.2580754716981132 0.058437500000000024
0 0.6004528301886792 0.5589999999999999 0.25339622641509424 0.0713229166666667
0 0.5918867924528302 0.6264583333333333 0.27052830188679244 0.0618750000000001
0 0.5615283018867925 0.6844583333333334 0.25341509433962256 0.07476041666666665
0 0.4891698113207547 0.747625 0.24564150943396237 0.06875
0 0.4237924528301887 0.8120729166666667 0.26433962264150945 0.08765625000000009
0 0.3778867924528302 0.8782395833333333 0.3188113207547169 0.08421874999999991
0 0.3560943396226415 0.93796875 0.3094905660377359 0.07476041666666665