0 0.5523207547169812 0.825625 0.24554716981132074 0.06251041666666665
0 0.5595471698113208 0.7553645833333333 0.21149056603773592 0.06782291666666657
0 0.546811320754717 0.6831458333333333 0.20756603773584903 0.06623958333333325
0 0.5001320754716981 0.6224895833333334 0.17349056603773594 0.07127083333333341
0 0.4415660377358491 0.5554062500000001 0.20730188679245284 0.06752083333333327
0 0.39218867924528306 0.5040104166666667 0.23254716981132076 0.06214583333333342
0 0.3603207547169811 0.4486354166666667 0.2227358490566038 0.06744791666666666
0 0.329566037735849 0.3889270833333333 0.22052830188679245 0.04624999999999998
0 0.34501886792452835 0.345375 0.21905660377358493 0.06033333333333329
0 0.3659622641509434 0.29810416666666667 0.20166037735849054 0.052104166666666646
0 0.3844716981132076 0.2581354166666667 0.17935849056603775 0.06443750000000001
0 0.4507547169811321 0.21804166666666666 0.14483018867924527 0.052687499999999984
0 0.49583018867924533 0.177125 0.1379622641509434 0.04527083333333331
0 0.5388490566037736 0.13459375 0.1646792452830188 0.046510416666666644
0 0.5477924528301886 0.09293749999999999 0.18256603773584903 0.049520833333333326
0 0.5458301886792454 0.05311458333333333 0.21098113207547178 0.04426041666666666
0 0.5371320754716982 0.8857395833333332 0.2906415094339622 0.06667708333333332