0 0.39018867924528305 0.04884375 0.313754716981132 0.06096875
0 0.3888679245283019 0.0921875 0.28715094339622643 0.05362499999999999
0 0.39218867924528306 0.13589583333333335 0.26452830188679255 0.05141666666666668
0 0.3882075471698113 0.17960416666666665 0.2592075471698113 0.0624375
0 0.3835471698113207 0.23285416666666667 0.2552075471698113 0.054354166666666676
0 0.3808867924528302 0.27877083333333336 0.2552075471698113 0.05656249999999995
0 0.3768867924528302 0.32871875 0.2578679245283018 0.05509374999999998
0 0.3888679245283018 0.3779375 0.2738301886792453 0.05068749999999997
0 0.40216981132075474 0.4289895833333333 0.27649056603773586 0.058760416666666634
0 0.433433962264151 0.48040625 0.31507547169811323 0.06464583333333339
0 0.4713396226415094 0.5355000000000001 0.32969811320754716 0.06317708333333343
0 0.5258867924528302 0.5942604166666666 0.3456415094339624 0.061708333333333344
0 0.5631509433962265 0.6541354166666667 0.32701886792452817 0.06684375000000008
0 0.6063773584905661 0.7220729166666667 0.3123773584905659 0.07052083333333338
0 0.625 0.7903958333333333 0.3203396226415094 0.07345833333333332
0 0.629 0.8645833333333334 0.34428301886792456 0.08227083333333335
0 0.6057169811320754 0.9328958333333334 0.3855471698113208 0.08227083333333335