0 0.5693018867924529 0.04167708333333333 0.2596037735849057 0.052416666666666674
0 0.5693018867924529 0.08034374999999999 0.2627169811320755 0.05069791666666668
0 0.5537358490566038 0.12417708333333333 0.253377358490566 0.05929166666666665
0 0.5086037735849057 0.168 0.2627358490566038 0.06272916666666664
0 0.4766981132075472 0.21569791666666666 0.2518490566037735 0.06187499999999998
0 0.4144528301886792 0.2565104166666667 0.26743396226415095 0.059291666666666624
0 0.37866037735849056 0.30463541666666666 0.2705471698113207 0.059291666666666624
0 0.36464150943396223 0.35233333333333333 0.28922641509433955 0.06015625
0 0.37243396226415093 0.4004479166666667 0.27988679245283027 0.06531250000000005
0 0.4128867924528302 0.4533020833333333 0.3047735849056604 0.0627291666666667
0 0.46269811320754717 0.5113020833333334 0.33588679245283026 0.07218749999999995
0 0.5226037735849057 0.57275 0.3498867924528303 0.0713229166666667
0 0.5560754716981132 0.6406354166666667 0.34832075471698115 0.0781979166666666
0 0.557622641509434 0.7098125 0.34209433962264163 0.07906250000000009
0 0.5163773584905661 0.7858645833333333 0.3716792452830189 0.09022916666666679
0 0.47824528301886793 0.8614895833333333 0.39192452830188673 0.0953854166666666
0 0.41988679245283017 0.9392604166666667 0.42462264150943396 0.09109375000000004