0 0.577811320754717 0.09288541666666666 0.16745283018867924 0.06423958333333332
0 0.5663018867924529 0.13570833333333335 0.15115094339622645 0.06539583333333336
0 0.5296037735849056 0.17534375000000002 0.16328301886792446 0.06365625000000001
0 0.4855849056603774 0.20717708333333332 0.17586792452830197 0.07407291666666668
0 0.41745283018867924 0.25115625 0.20313207547169806 0.0763854166666667
0 0.3839245283018868 0.2942708333333333 0.18637735849056608 0.06770833333333333
0 0.38024528301886795 0.3365208333333333 0.1937169811320755 0.07002083333333337
0 0.3870754716981133 0.38396875 0.2073396226415094 0.0653958333333333
0 0.4148301886792453 0.43518749999999995 0.2 0.08217708333333332
0 0.46516981132075463 0.49594791666666665 0.19618867924528305 0.08448958333333323
0 0.5437735849056603 0.5497708333333333 0.22345283018867915 0.08912499999999994
0 0.6014339622641509 0.6116875 0.21509433962264152 0.08217708333333344
0 0.6365283018867924 0.6747708333333333 0.19937735849056595 0.07407291666666656
0 0.6428301886792452 0.7520208333333334 0.21615094339622654 0.08159374999999992
0 0.6186792452830189 0.8229166666666666 0.23241509433962276 0.0810208333333333
0 0.5851320754716981 0.9148854166666667 0.32358490566037734 0.10118750000000011
0 0.5777924528301888 0.04867708333333333 0.1705849056603773 0.04447916666666667