0 0.4868679245283019 0.8801875 0.44943396226415083 0.07445833333333335
0 0.5427547169811321 0.8165 0.36624528301886794 0.07556249999999996
0 0.560622641509434 0.7455520833333333 0.3076415094339622 0.06908333333333326
0 0.5924905660377359 0.6777708333333333 0.28962264150943395 0.06891666666666675
0 0.5802075471698113 0.6115520833333333 0.3027735849056604 0.07190624999999998
0 0.552188679245283 0.5563854166666666 0.2844716981132075 0.0622708333333333
0 0.48986792452830186 0.49585416666666665 0.30047169811320756 0.06968749999999997
0 0.4249622641509434 0.43990625 0.2816037735849057 0.05846874999999999
0 0.3543396226415095 0.39610416666666665 0.25700000000000006 0.05767708333333334
0 0.3307547169811321 0.3490729166666667 0.27558490566037736 0.053885416666666686
0 0.3148867924528302 0.29619791666666667 0.2501320754716981 0.052302083333333374
0 0.32890566037735847 0.24244791666666668 0.2278301886792453 0.05244791666666669
0 0.3616415094339622 0.19793750000000002 0.23669811320754716 0.04676041666666665
0 0.41681132075471705 0.15895833333333334 0.24643396226415096 0.05212500000000002
0 0.45154716981132076 0.11610416666666665 0.23415094339622647 0.04628125000000001
0 0.48884905660377354 0.07048958333333334 0.2395849056603774 0.05227083333333334
0 0.40290566037735853 0.9341354166666667 0.4148490566037736 0.08867708333333345