0 0.4677358490566038 0.04835416666666667 0.22950943396226411 0.04897916666666668
0 0.48026415094339625 0.09323958333333333 0.21815094339622643 0.050864583333333345
0 0.48481132075471695 0.13939583333333333 0.22267924528301883 0.05526041666666668
0 0.4899245283018868 0.18586458333333333 0.21018867924528298 0.05526041666666668
0 0.49845283018867925 0.22825 0.21586792452830184 0.052114583333333304
0 0.48935849056603775 0.27690624999999996 0.22950943396226411 0.06153125000000005
0 0.4705849056603773 0.33059375 0.23066037735849057 0.07095833333333333
0 0.46773584905660376 0.3808229166666666 0.25452830188679254 0.06467708333333337
0 0.5109622641509434 0.43482291666666667 0.25907547169811335 0.06592708333333329
0 0.5808867924528301 0.4825520833333333 0.2761132075471699 0.07095833333333333
0 0.6462830188679245 0.5290104166666667 0.25903773584905654 0.06843750000000005
0 0.7253207547169812 0.5789375 0.2715283018867924 0.07409375000000011
0 0.741811320754717 0.6376458333333334 0.24992452830188686 0.06969791666666675
0 0.6826792452830188 0.7048333333333333 0.27722641509433954 0.09230208333333323
0 0.5592830188679245 0.7641666666666667 0.3011320754716982 0.09418750000000008
0 0.44328301886792454 0.8253854166666666 0.3352830188679244 0.09607291666666669
0 0.35288679245283017 0.8878645833333334 0.35690566037735855 0.09669791666666659