0 0.48200000000000004 0.8698541666666666 0.3390754716981132 0.09197916666666663
0 0.5110188679245282 0.79078125 0.31533962264150944 0.07966666666666669
0 0.5251698113207547 0.72425 0.2870377358490566 0.06118750000000001
0 0.5377547169811321 0.6695625 0.32479245283018865 0.06638541666666668
0 0.5254528301886793 0.6106041666666666 0.27503773584905655 0.07695833333333321
0 0.4955849056603774 0.5356354166666667 0.2718867924528302 0.06590624999999999
0 0.4922830188679246 0.4814166666666667 0.284188679245283 0.05121874999999996
0 0.5095849056603773 0.42814583333333334 0.2495849056603773 0.06620833333333327
0 0.5145849056603774 0.3628854166666667 0.22815094339622632 0.06414583333333337
0 0.5381698113207547 0.3085104166666667 0.2438679245283019 0.056093750000000026
0 0.5210188679245282 0.2523958333333333 0.20956603773584895 0.05151041666666671
0 0.5313207547169811 0.19265625 0.21756603773584896 0.060499999999999984
0 0.5603396226415095 0.14404166666666668 0.1938490566037736 0.05354166666666664
0 0.5733396226415094 0.10442708333333334 0.2078679245283018 0.05069791666666668
0 0.5907735849056605 0.06402083333333333 0.23586792452830188 0.04628124999999999
0 0.4205849056603774 0.9316041666666667 0.3599811320754717 0.06902083333333332
0 0.6058490566037736 0.03204166666666667 0.23737735849056593 0.038677083333333334