0 0.4800754716981132 0.06072916666666666 0.3125283018867924 0.05536458333333334
0 0.5788490566037736 0.08552083333333332 0.3334528301886793 0.07684374999999997
0 0.6147735849056604 0.13179166666666667 0.279566037735849 0.07684375000000002
0 0.6708867924528302 0.19789583333333333 0.2870377358490566 0.0685833333333333
0 0.7135283018867925 0.24788541666666664 0.30049056603773583 0.059489583333333346
0 0.7457169811320755 0.29209375000000004 0.30798113207547173 0.05536458333333331
0 0.7217735849056605 0.3416666666666667 0.2810377358490565 0.07684374999999997
0 0.6641509433962264 0.39207291666666666 0.28554716981132083 0.09832291666666665
0 0.5698679245283018 0.4412395833333333 0.28856603773584916 0.08262500000000005
0 0.48158490566037737 0.4970104166666667 0.3215094339622641 0.08510416666666672
0 0.4134905660377359 0.5651770833333334 0.32601886792452833 0.08097916666666667
0 0.3633584905660378 0.6362395833333333 0.3335094339622641 0.07436458333333344
0 0.36035849056603775 0.6994479166666667 0.36043396226415086 0.07022916666666675
0 0.35288679245283017 0.7643125000000001 0.33949056603773586 0.07932291666666676
0 0.3491320754716981 0.8374375000000001 0.40084905660377357 0.07518750000000006
0 0.3484339622641509 0.8928541666666666 0.425377358490566 0.08928125000000003
0 0.35516981132075476 0.9419687499999999 0.4226792452830188 0.0922604166666666