0 0.4580188679245283 0.07046875000000001 0.3732452830188678 0.05671874999999999
0 0.4471320754716981 0.10956250000000001 0.3421320754716981 0.05585416666666667
0 0.4377924528301887 0.14652083333333332 0.33588679245283026 0.05929166666666668
0 0.4198867924528301 0.18045833333333333 0.3250188679245283 0.06359375000000002
0 0.41677358490566035 0.22686458333333331 0.3343396226415095 0.06187499999999998
0 0.4191132075471698 0.2788541666666667 0.32656603773584914 0.06788541666666663
0 0.41677358490566035 0.33041666666666664 0.3312452830188678 0.06444791666666667
0 0.3996603773584905 0.3742395833333333 0.331245283018868 0.0696041666666666
0 0.402 0.4240833333333333 0.33279245283018866 0.0627291666666667
0 0.3848679245283019 0.4765 0.3421320754716981 0.08163541666666667
0 0.3576415094339623 0.5413854166666667 0.331245283018868 0.07734375
0 0.3529622641509434 0.607125 0.3250188679245283 0.0816354166666668
0 0.33896226415094344 0.6707083333333334 0.3374716981132076 0.07991666666666669
0 0.31639622641509435 0.7368854166666666 0.4106415094339622 0.07991666666666669
0 0.31639622641509435 0.8000416666666667 0.4542075471698114 0.0756249999999999
0 0.375377358490566 0.8787187500000001 0.5439622641509435 0.10565625000000006
0 0.44545283018867926 0.9263437499999999 0.5008301886792452 0.10565625000000006