0 0.5972641509433962 0.0810625 0.1948867924528301 0.059666666666666666
0 0.5878301886792453 0.12559375 0.177811320754717 0.05122916666666667
0 0.5688301886792453 0.1665 0.18828301886792445 0.05701041666666669
0 0.5616415094339623 0.20863541666666666 0.16433962264150948 0.04875000000000001
0 0.5092641509433963 0.24334375000000003 0.17932075471698106 0.060322916666666636
0 0.4516603773584906 0.2842395833333333 0.16886792452830188 0.0628020833333333
0 0.4037547169811321 0.32927083333333335 0.19281132075471707 0.06858333333333337
0 0.3790754716981132 0.3734791666666667 0.1973018867924528 0.0661041666666667
0 0.38281132075471697 0.42678125 0.2047924528301886 0.060322916666666636
0 0.40450943396226413 0.47511458333333334 0.2152641509433963 0.059489583333333346
0 0.43818867924528304 0.5304791666666666 0.21077358490566045 0.06940625000000011
0 0.4800754716981132 0.5907916666666666 0.24367924528301882 0.07436458333333344
0 0.5204905660377359 0.6469791666666667 0.23169811320754707 0.07602083333333336
0 0.5526603773584906 0.7201041666666667 0.254132075471698 0.07354166666666657
0 0.5623962264150943 0.79034375 0.24066037735849047 0.07518750000000006
0 0.5601509433962264 0.8609895833333333 0.24216981132075477 0.0776666666666666
0 0.5429245283018868 0.9258541666666668 0.27358490566037735 0.0818020833333333