0 0.493811320754717 0.83734375 0.3702075471698114 0.07066666666666659
0 0.5181320754716982 0.7677499999999999 0.3293962264150944 0.07468750000000005
0 0.525188679245283 0.7068020833333333 0.3269622641509433 0.06366666666666655
0 0.5013584905660378 0.6466458333333333 0.2953584905660377 0.06207291666666658
0 0.4780566037735849 0.5902916666666667 0.32558490566037723 0.0691562500000001
0 0.4761320754716981 0.5269479166666666 0.31050943396226416 0.06528125000000008
0 0.46884905660377363 0.46180208333333334 0.2772830188679246 0.06901041666666667
0 0.47350943396226414 0.4083333333333333 0.2832452830188679 0.06241666666666663
0 0.4780754716981132 0.35432291666666665 0.279 0.06267708333333329
0 0.5077358490566038 0.29732291666666666 0.24849056603773592 0.06677083333333336
0 0.5205471698113208 0.24142708333333335 0.23518867924528297 0.056479166666666636
0 0.552811320754717 0.1890625 0.2148679245283019 0.053718749999999996
0 0.5772075471698114 0.14641666666666667 0.17998113207547167 0.0485
0 0.6041698113207546 0.10640625000000001 0.17530188679245276 0.0485625
0 0.6215094339622641 0.07136458333333334 0.15424528301886792 0.043166666666666666
0 0.41807547169811327 0.9056041666666667 0.4146415094339623 0.06640625
0 0.6515471698113208 0.040364583333333336 0.23064150943396228 0.033854166666666664