0 0.5704716981132076 0.08738541666666667 0.25967924528301883 0.07176041666666669
0 0.5128301886792453 0.13079166666666667 0.2429245283018868 0.07407291666666668
0 0.4677547169811321 0.16551041666666666 0.24713207547169805 0.07176041666666665
0 0.4038301886792453 0.20398958333333334 0.2199056603773585 0.0735
0 0.33884905660377357 0.23958333333333334 0.2346037735849056 0.07060416666666663
0 0.2901132075471698 0.2844375 0.2650188679245284 0.061916666666666606
0 0.26705660377358487 0.32407291666666665 0.2692075471698113 0.06944791666666662
0 0.2581509433962264 0.3723958333333333 0.2597735849056604 0.07349999999999994
0 0.30692452830188677 0.42853125 0.2548301886792453 0.07233333333333339
0 0.360377358490566 0.48466666666666663 0.2653396226415094 0.07581249999999998
0 0.42798113207547167 0.54340625 0.2978490566037736 0.08333333333333333
0 0.49715094339622645 0.6047499999999999 0.3104339622641509 0.0798645833333334
0 0.5469245283018868 0.6689791666666667 0.30730188679245285 0.07407291666666656
0 0.5379811320754717 0.7421875 0.31209433962264144 0.0769687500000001
0 0.5112452830188678 0.8188645833333333 0.3278301886792453 0.08564583333333337
0 0.45875471698113207 0.8795520833333333 0.39988679245283026 0.09587499999999996
0 0.39552830188679244 0.9449375 0.4123962264150942 0.09518749999999988