0 0.5306603773584906 0.09114583333333333 0.18843396226415096 0.05497916666666667
0 0.5154528301886793 0.13715624999999998 0.18947169811320747 0.06134374999999999
0 0.494 0.182 0.1804716981132075 0.07465625000000002
0 0.45833962264150946 0.2265625 0.16958490566037734 0.07117708333333332
0 0.4106415094339622 0.26967708333333335 0.16854716981132084 0.07060416666666663
0 0.3629622641509434 0.31163541666666666 0.17800000000000005 0.07002083333333337
0 0.32522641509433964 0.3651666666666667 0.19058490566037734 0.0625
0 0.3110754716981132 0.41435416666666663 0.2021320754716981 0.06944791666666662
0 0.3110754716981132 0.4707708333333333 0.19583018867924532 0.078125
0 0.32890566037735847 0.5306666666666666 0.19583018867924532 0.0787083333333334
0 0.3902452830188679 0.5928854166666666 0.23913207547169812 0.08507291666666675
0 0.4468301886792453 0.6530625000000001 0.2517358490566037 0.0966458333333333
0 0.505 0.7146979166666667 0.24860377358490565 0.09028125000000008
0 0.5458867924528302 0.7864583333333334 0.25071698113207547 0.08217708333333344
0 0.5579245283018868 0.8619791666666666 0.2601509433962264 0.07465625000000008
0 0.5605471698113207 0.9324479166666666 0.3344905660377358 0.08888541666666659
0 0.547622641509434 0.05396875 0.18232075471698111 0.05070833333333334