0 0.4614150943396227 0.9262812500000001 0.38596226415094353 0.08330208333333336
0 0.5427547169811321 0.8593541666666666 0.36624528301886794 0.0814062500000001
0 0.6063584905660377 0.77846875 0.27333962264150946 0.07587499999999991
0 0.6323773584905661 0.7008125 0.31279245283018864 0.07333333333333343
0 0.631377358490566 0.6390208333333334 0.29192452830188687 0.06433333333333333
0 0.5893584905660377 0.5759583333333332 0.29592452830188687 0.07363541666666672
0 0.5400377358490567 0.5199270833333334 0.29162264150943384 0.06573958333333323
0 0.5103018867924528 0.4579791666666667 0.2824716981132076 0.06336458333333338
0 0.48456603773584905 0.406125 0.29390566037735844 0.05341666666666664
0 0.4912830188679245 0.35901041666666667 0.26330188679245276 0.052937500000000054
0 0.4921509433962264 0.30866666666666664 0.2501698113207548 0.049458333333333354
0 0.5080188679245283 0.2531875 0.25273584905660385 0.05308333333333337
0 0.5291698113207547 0.21214583333333334 0.24473584905660384 0.04044791666666665
0 0.5326037735849056 0.16984375000000002 0.22643396226415094 0.046135416666666686
0 0.49900000000000005 0.12533333333333332 0.19069811320754704 0.04044791666666665
0 0.49743396226415093 0.07404166666666666 0.1938301886792453 0.042020833333333334
0 0.496 0.045947916666666665 0.19098113207547174 0.041385416666666654