0 0.46794339622641506 0.10099999999999999 0.16224528301886795 0.03814583333333334
0 0.47115094339622643 0.13843750000000002 0.15839622641509432 0.03672916666666666
0 0.4743396226415094 0.17445833333333333 0.1545660377358491 0.04520833333333331
0 0.459 0.21613541666666666 0.15713207547169816 0.04379166666666669
0 0.44556603773584913 0.25744791666666667 0.16607547169811318 0.04873958333333336
0 0.4270188679245283 0.30441666666666667 0.16735849056603783 0.053677083333333306
0 0.4180566037735849 0.35351041666666666 0.17249056603773577 0.048739583333333295
0 0.4154905660377359 0.40330208333333334 0.17249056603773588 0.04943750000000004
0 0.42062264150943396 0.4513333333333333 0.17760377358490564 0.04943750000000004
0 0.4423584905660377 0.5004270833333334 0.19039622641509427 0.055802083333333384
0 0.4647547169811321 0.5555104166666667 0.2018867924528302 0.06427083333333337
0 0.48266037735849054 0.6127291666666667 0.20700000000000007 0.06004166666666677
0 0.4698679245283019 0.6713541666666667 0.1993396226415095 0.06710416666666674
0 0.4231698113207547 0.72609375 0.20318867924528303 0.06497916666666678
0 0.3764716981132076 0.78825 0.22494339622641504 0.08334375
0 0.3246792452830189 0.8549895833333333 0.2262264150943397 0.07557291666666661
0 0.2999245283018868 0.9129479166666666 0.27984905660377357 0.09077083333333344