0 0.6695471698113208 0.8712708333333333 0.19843396226415086 0.06704166666666657
0 0.6400754716981132 0.80040625 0.26299999999999996 0.05725000000000004
0 0.5853396226415095 0.7372708333333333 0.22784905660377358 0.0761875000000001
0 0.4896981132075472 0.69434375 0.23671698113207554 0.06734375000000009
0 0.38349056603773585 0.6336458333333332 0.24160377358490556 0.08137499999999989
0 0.37779245283018864 0.5729583333333333 0.2501509433962264 0.06069791666666665
0 0.37679245283018864 0.5119583333333334 0.2578679245283018 0.050114583333333226
0 0.40822641509433966 0.45639583333333333 0.22298113207547182 0.06020833333333329
0 0.42024528301886793 0.4075520833333333 0.22184905660377355 0.06320833333333328
0 0.4358301886792453 0.36043749999999997 0.1963962264150944 0.0627291666666667
0 0.4542641509433962 0.31261458333333336 0.17667924528301884 0.05735416666666661
0 0.48100000000000004 0.2655 0.18611320754716978 0.05687500000000002
0 0.48871698113207546 0.22027083333333333 0.17639622641509436 0.04629166666666666
0 0.4981509433962264 0.17110416666666667 0.15752830188679248 0.06254166666666669
0 0.49528301886792453 0.11705208333333333 0.15181132075471704 0.04122916666666665
0 0.5048679245283019 0.08240625 0.12694339622641504 0.037916666666666675
0 0.5034339622641509 0.043229166666666666 0.14783018867924533 0.035427083333333324