0 0.5018867924528302 0.83840625 0.34286792452830195 0.06673958333333327
0 0.5220377358490567 0.7619270833333334 0.3378490566037737 0.07508333333333325
0 0.5270188679245282 0.6951979166666666 0.29164150943396233 0.06952083333333334
0 0.5093962264150944 0.6374895833333334 0.2815660377358491 0.06534375000000002
0 0.47666037735849054 0.58465625 0.2715094339622641 0.06534375000000002
0 0.40364150943396226 0.5199999999999999 0.2916792452830189 0.06952083333333334
0 0.35705660377358495 0.46021875 0.2589622641509434 0.0723020833333333
0 0.35452830188679246 0.4004270833333334 0.27911320754716984 0.06395833333333331
0 0.3507547169811321 0.3489895833333333 0.29675471698113215 0.052833333333333364
0 0.38475471698113206 0.299625 0.3143396226415094 0.059791666666666646
0 0.4351132075471698 0.25653125000000004 0.2790943396226414 0.059791666666666646
0 0.47666037735849054 0.21411458333333336 0.26649056603773585 0.05561458333333332
0 0.5257547169811321 0.1689270833333333 0.2689811320754716 0.05701041666666669
0 0.5182075471698113 0.11957291666666667 0.2236603773584905 0.05283333333333333
0 0.5194716981132075 0.08064583333333333 0.21105660377358493 0.05561458333333335
0 0.49641509433962266 0.9008020833333333 0.3432075471698113 0.09610416666666666
0 0.5350943396226415 0.038947916666666665 0.19641509433962268 0.05054166666666668