0 0.6165660377358491 0.03330208333333333 0.20794339622641517 0.04310416666666666
0 0.6177547169811322 0.07346875 0.20558490566037743 0.04897916666666668
0 0.6076981132075472 0.11689583333333334 0.20203773584905668 0.04832291666666665
0 0.585811320754717 0.15998958333333332 0.20084905660377367 0.05355208333333336
0 0.5639433962264151 0.20864583333333334 0.20913207547169818 0.06204166666666667
0 0.5414716981132076 0.25076041666666665 0.2044150943396227 0.05485416666666669
0 0.5266792452830188 0.2951666666666667 0.21505660377358493 0.05615624999999997
0 0.5396981132075472 0.34348958333333335 0.2126981132075472 0.05877083333333329
0 0.5597924528301886 0.39148958333333334 0.21741509433962267 0.05159374999999997
0 0.5870000000000001 0.4437291666666667 0.24579245283018863 0.058114583333333296
0 0.6165660377358491 0.49564583333333334 0.2505283018867924 0.06268749999999995
0 0.6349056603773585 0.5557291666666667 0.23041509433962265 0.061385416666666734
0 0.6195283018867925 0.6184166666666666 0.23041509433962265 0.06400000000000006
0 0.5870000000000001 0.6814374999999999 0.2434339622641509 0.07117708333333325
0 0.5160377358490567 0.7460833333333333 0.27892452830188685 0.08293749999999989
0 0.3865283018867925 0.8019166666666667 0.2896037735849057 0.08619791666666667
0 0.32384905660377356 0.8597083333333334 0.3156415094339622 0.07902083333333323