0 0.47971698113207545 0.8277083333333334 0.3093396226415095 0.0910312500000001
0 0.5404716981132075 0.7665520833333334 0.2736037735849056 0.09022916666666679
0 0.617943396226415 0.6955208333333334 0.29020754716981123 0.08707291666666658
0 0.6668301886792453 0.6312083333333334 0.2496037735849056 0.07995833333333333
0 0.6916981132075473 0.56775 0.2742075471698114 0.07111458333333331
0 0.693566037735849 0.50990625 0.259056603773585 0.07000000000000005
0 0.6142075471698113 0.45118749999999996 0.245566037735849 0.07062499999999995
0 0.5365849056603773 0.3992604166666667 0.2561509433962264 0.06398958333333328
0 0.5031509433962265 0.35317708333333336 0.2681698113207547 0.05514583333333327
0 0.5008679245283019 0.30590625 0.23843396226415095 0.061302083333333354
0 0.5061509433962263 0.2520833333333333 0.20498113207547167 0.06476041666666663
0 0.5354528301886793 0.21419791666666665 0.1692641509433963 0.05844791666666668
0 0.5797735849056603 0.16929166666666667 0.19500000000000003 0.06933333333333333
0 0.6056415094339623 0.12265625 0.1775471698113208 0.04896874999999999
0 0.5970754716981131 0.07554166666666666 0.16039622641509432 0.048489583333333315
0 0.5747735849056603 0.03513541666666666 0.21643396226415101 0.0440625
0 0.4346792452830189 0.8991354166666666 0.37650943396226405 0.07762499999999999