0 0.5428301886792453 0.8203437499999999 0.31639622641509424 0.08270833333333343
0 0.5986037735849057 0.7541770833333333 0.2908867924528301 0.0736875
0 0.6353773584905661 0.6857500000000001 0.28267924528301874 0.06616666666666665
0 0.6367735849056604 0.6203333333333333 0.25267924528301877 0.052635416666666636
0 0.6000188679245283 0.5624375 0.3043773584905659 0.0781979166666666
0 0.5373962264150943 0.5052916666666667 0.33820754716981133 0.07218749999999995
0 0.49922641509433957 0.4549166666666667 0.28271698113207555 0.07669791666666666
0 0.45430188679245287 0.40679166666666666 0.27998113207547165 0.07067708333333336
0 0.423 0.3676875 0.28813207547169817 0.058645833333333286
0 0.42166037735849055 0.32708333333333334 0.32345283018867926 0.0646666666666667
0 0.42571698113207546 0.27745833333333336 0.34260377358490574 0.06165625000000006
0 0.42709433962264154 0.21730208333333334 0.3017169811320754 0.046614583333333334
0 0.45567924528301884 0.17669791666666665 0.27722641509433976 0.04361458333333334
0 0.4883584905660377 0.13233333333333333 0.25 0.048125000000000015
0 0.5006226415094339 0.08872916666666668 0.2309056603773585 0.039104166666666655
0 0.510811320754717 0.04232291666666667 0.22681132075471705 0.060822916666666664
0 0.5168301886792454 0.8804479166666667 0.3069622641509433 0.058010416666666724