0 0.6245094339622642 0.8526458333333333 0.26562264150943393 0.08535416666666672
0 0.5779811320754716 0.7761458333333333 0.29377358490566025 0.09459374999999995
0 0.48975471698113204 0.70709375 0.30462264150943386 0.0892916666666667
0 0.37203773584905664 0.6452604166666667 0.2807547169811322 0.08401041666666677
0 0.3123207547169811 0.5882395833333334 0.2807358490566038 0.08494791666666662
0 0.2181132075471698 0.52459375 0.24326415094339623 0.07965625000000003
0 0.17937735849056602 0.4634375 0.2664150943396226 0.06307291666666662
0 0.16279245283018867 0.4059375 0.2338301886792453 0.06440625000000004
0 0.16932075471698113 0.35209375 0.20628301886792455 0.06956249999999997
0 0.21749056603773584 0.3058125 0.20428301886792455 0.06901041666666667
0 0.276377358490566 0.25711458333333337 0.1836981132075472 0.06537499999999999
0 0.3502830188679245 0.21414583333333334 0.16169811320754715 0.06450000000000002
0 0.4089622641509434 0.17252083333333335 0.150132075471698 0.059364583333333346
0 0.43562264150943397 0.12997916666666667 0.162566037735849 0.057624999999999996
0 0.4636415094339622 0.09047916666666667 0.18086792452830192 0.049812499999999996
0 0.47066037735849053 0.04925 0.20116981132075473 0.045458333333333316
0 0.6391509433962265 0.9317708333333333 0.35328301886792457 0.07646875000000009