0 0.5037169811320755 0.8382916666666667 0.24415094339622637 0.08566666666666668
0 0.541320754716981 0.76915625 0.2375849056603773 0.07239583333333334
0 0.5862075471698113 0.7090208333333333 0.2393018867924529 0.06323958333333338
0 0.5799245283018868 0.6410729166666667 0.2518867924528302 0.06969791666666675
0 0.5762075471698113 0.5821145833333333 0.21930188679245285 0.07080208333333336
0 0.5448867924528302 0.52284375 0.21328301886792447 0.06937500000000002
0 0.5154528301886793 0.4637395833333333 0.1921320754716982 0.05184374999999998
0 0.5058679245283019 0.4142604166666667 0.21699999999999997 0.06241666666666663
0 0.5123018867924528 0.35554166666666664 0.1984150943396226 0.04726041666666667
0 0.5105849056603774 0.3029791666666667 0.20756603773584903 0.06713541666666671
0 0.5045849056603774 0.25926041666666666 0.20813207547169824 0.06303125
0 0.5058679245283019 0.20709375 0.21699999999999997 0.06633333333333334
0 0.5015849056603773 0.15871875 0.20841509433962271 0.049447916666666696
0 0.5228867924528302 0.11089583333333333 0.19441509433962256 0.04407291666666667
0 0.5078679245283019 0.07451041666666666 0.1958490566037735 0.044229166666666674
0 0.42954716981132074 0.9056354166666666 0.2680377358490566 0.07127083333333341
0 0.5058867924528302 0.036125 0.1784716981132076 0.033197916666666674