0 0.4452452830188679 0.04311458333333333 0.21049056603773586 0.05382291666666665
0 0.4772452830188679 0.083625 0.20769811320754725 0.06539583333333333
0 0.5181132075471698 0.12326041666666668 0.20352830188679247 0.057875
0 0.5333018867924528 0.166375 0.22343396226415085 0.0515
0 0.5254150943396227 0.20775 0.24924528301886797 0.055552083333333314
0 0.4761698113207547 0.2552083333333333 0.23039622641509436 0.05903124999999996
0 0.44733962264150945 0.30121875000000004 0.22305660377358486 0.06076041666666671
0 0.43424528301886794 0.3495416666666667 0.22411320754716987 0.06365625000000001
0 0.43162264150943397 0.3978541666666667 0.23564150943396223 0.057291666666666664
0 0.44213207547169814 0.4453125 0.25696226415094336 0.0653958333333333
0 0.4641132075471698 0.504625 0.26079245283018865 0.06829166666666672
0 0.45152830188679244 0.5587395833333333 0.2586981132075472 0.06655208333333344
0 0.43371698113207546 0.6218125000000001 0.2649811320754718 0.07581249999999998
0 0.42850943396226415 0.6947291666666667 0.2779056603773584 0.07002083333333337
0 0.426377358490566 0.7607083333333333 0.3090188679245284 0.07465625000000008
0 0.4458113207547169 0.8443333333333333 0.3292641509433962 0.08564583333333337
0 0.48260377358490564 0.9224270833333333 0.4243584905660378 0.10801041666666672