0 0.5259433962264151 0.1125625 0.19367924528301883 0.05266666666666667
0 0.4934528301886792 0.16001041666666668 0.2041509433962265 0.07117708333333332
0 0.45884905660377356 0.21672916666666667 0.21466037735849053 0.06886458333333335
0 0.43266037735849056 0.2604166666666667 0.2335283018867924 0.06596875000000005
0 0.4122075471698113 0.30844791666666665 0.24926415094339624 0.06018749999999997
0 0.38705660377358486 0.36342708333333335 0.22620754716981128 0.06365625000000001
0 0.3849622641509434 0.4146458333333333 0.205245283018868 0.078125
0 0.42220754716981135 0.46528125000000004 0.22132075471698115 0.0763854166666667
0 0.48350943396226415 0.5170729166666667 0.25383018867924523 0.08622916666666663
0 0.5416792452830188 0.5706041666666667 0.252811320754717 0.0810208333333333
0 0.5657924528301886 0.6328125 0.27586792452830194 0.07349999999999994
0 0.5595094339622642 0.6927083333333334 0.2863584905660377 0.0752291666666667
0 0.5348301886792453 0.7552083333333334 0.30581132075471706 0.08217708333333344
0 0.48452830188679247 0.8211770833333334 0.28067924528301885 0.09606250000000002
0 0.4310754716981132 0.88946875 0.2911698113207547 0.09143749999999998
0 0.5426415094339623 0.04232291666666667 0.20316981132075485 0.04222916666666667
0 0.5448867924528302 0.07346875 0.19609433962264142 0.047541666666666656