0 0.6319433962264152 0.07640625 0.2410566037735849 0.06138541666666667
0 0.5881886792452831 0.11394791666666666 0.23160377358490566 0.056812499999999995
0 0.5183962264150943 0.15085416666666665 0.24816981132075466 0.06008333333333334
0 0.4651698113207547 0.19166666666666668 0.28130188679245277 0.06464583333333333
0 0.41786792452830185 0.22954166666666667 0.29315094339622644 0.05811458333333335
0 0.41373584905660377 0.2710104166666667 0.28013207547169805 0.05877083333333329
0 0.43443396226415093 0.31671875 0.28841509433962265 0.04832291666666665
0 0.46813207547169816 0.3591666666666667 0.28722641509433966 0.06399999999999993
0 0.536132075471698 0.41761458333333334 0.3167735849056604 0.07117708333333338
0 0.6088679245283019 0.47932291666666665 0.30847169811320757 0.07705208333333337
0 0.6886981132075471 0.5459270833333334 0.3167358490566038 0.07966666666666669
0 0.7425094339622641 0.5988229166666666 0.3013584905660378 0.0731354166666667
0 0.7951509433962264 0.6471458333333333 0.32381132075471697 0.08358333333333334
0 0.7348301886792452 0.7124479166666667 0.30488679245283024 0.08228125000000001
0 0.6686037735849056 0.7473854166666667 0.3167358490566038 0.08685416666666677
0 0.5680754716981132 0.7976666666666666 0.3333207547169811 0.09468750000000009
0 0.43147169811320757 0.8508958333333333 0.3558301886792453 0.09403124999999998