0 0.5400377358490567 0.040125 0.20407547169811316 0.04846875
0 0.5407547169811321 0.07269791666666667 0.18537735849056602 0.046875
0 0.547245283018868 0.111625 0.18392452830188682 0.043697916666666656
0 0.5306981132075471 0.1529375 0.1824905660377359 0.051645833333333314
0 0.5155849056603773 0.18552083333333333 0.18105660377358498 0.05640624999999998
0 0.4609056603773585 0.23715624999999999 0.23575471698113207 0.05958333333333332
0 0.40981132075471693 0.29396875 0.24871698113207558 0.06356249999999998
0 0.3882264150943396 0.33329166666666665 0.22281132075471705 0.05799999999999995
0 0.3839245283018867 0.38335416666666666 0.24007547169811322 0.06277083333333332
0 0.4090943396226415 0.4349895833333333 0.26166037735849046 0.0723020833333333
0 0.42924528301886794 0.4834583333333333 0.27028301886792455 0.07706250000000002
0 0.46520754716981133 0.5414583333333333 0.2933018867924527 0.0691249999999999
0 0.5206037735849057 0.5998541666666667 0.28322641509433966 0.07786458333333333
0 0.561622641509434 0.6769166666666667 0.2731320754716981 0.07944791666666665
0 0.574566037735849 0.7516041666666666 0.2731320754716981 0.07786458333333333
0 0.5652264150943396 0.8314479166666667 0.2803396226415095 0.07547916666666671
0 0.5443584905660377 0.9061354166666666 0.3163018867924528 0.08024999999999996