0 0.46503773584905655 0.04082291666666667 0.2596415094339623 0.04210416666666667
0 0.49616981132075477 0.07390625 0.24096226415094346 0.041249999999999995
0 0.531188679245283 0.11085416666666667 0.26118867924528316 0.044687500000000005
0 0.5366226415094341 0.15382291666666664 0.259622641509434 0.06531249999999998
0 0.5233962264150943 0.19635416666666666 0.2643018867924529 0.06101041666666666
0 0.5016037735849057 0.24405208333333336 0.2518490566037736 0.06187499999999998
0 0.4510188679245283 0.29303125 0.2845471698113208 0.07218749999999995
0 0.3934528301886793 0.33470833333333333 0.25966037735849057 0.06444791666666667
0 0.34752830188679246 0.3828333333333333 0.28613207547169806 0.06788541666666663
0 0.345188679245283 0.44556250000000003 0.2876792452830189 0.08335416666666665
0 0.352188679245283 0.5078645833333334 0.31103773584905653 0.07562500000000003
0 0.38643396226415094 0.5620104166666666 0.3079056603773584 0.07734375
0 0.4105660377358491 0.6268854166666666 0.30945283018867925 0.08163541666666656
0 0.4510188679245283 0.6930520833333333 0.3312452830188679 0.06616666666666665
0 0.47358490566037736 0.7605104166666667 0.33279245283018866 0.07734375
0 0.48683018867924527 0.8357083333333333 0.3374528301886793 0.07647916666666674
0 0.49460377358490565 0.9031666666666667 0.37481132075471696 0.0859375