0 0.48966037735849055 0.05322916666666667 0.2357169811320756 0.05403124999999999
0 0.4781509433962264 0.09891666666666667 0.20983018867924524 0.056406250000000005
0 0.45873584905660375 0.14182291666666666 0.20550943396226407 0.05322916666666669
0 0.4414716981132075 0.18948958333333332 0.2371698113207547 0.05322916666666669
0 0.4148490566037736 0.23478125 0.2242264150943397 0.05958333333333332
0 0.4018867924528302 0.28165625 0.21560377358490562 0.061177083333333354
0 0.40764150943396227 0.33368749999999997 0.23862264150943402 0.0603854166666667
0 0.417 0.37937499999999996 0.2573207547169811 0.06435416666666664
0 0.4328301886792453 0.42784375 0.2544339622641509 0.06435416666666664
0 0.4731132075471698 0.48544791666666665 0.26594339622641516 0.06991666666666667
0 0.5277924528301887 0.5402604166666667 0.26881132075471703 0.06356249999999998
0 0.5695283018867925 0.6022395833333333 0.25728301886792454 0.06832291666666658
0 0.5939811320754717 0.6649999999999999 0.26879245283018877 0.07944791666666665
0 0.5688113207547171 0.7365104166666666 0.284622641509434 0.07309375000000008
0 0.5378679245283019 0.8096041666666667 0.2918301886792452 0.08262499999999993
0 0.49398113207547173 0.86640625 0.3019056603773585 0.08024999999999996
0 0.4731132075471698 0.9236145833333332 0.3062264150943395 0.09295833333333334