0 0.5226415094339623 0.039343750000000004 0.22907547169811315 0.04894791666666666
0 0.5052264150943396 0.07905208333333333 0.21528301886792456 0.05293749999999999
0 0.4789622641509434 0.12854166666666667 0.18639622641509437 0.06272916666666664
0 0.423811320754717 0.17096875 0.17196226415094337 0.06853125000000002
0 0.3482830188679245 0.21103125 0.19956603773584902 0.07107291666666668
0 0.26652830188679244 0.24692708333333335 0.20550943396226418 0.0645416666666667
0 0.22913207547169812 0.2929791666666667 0.21215094339622642 0.06961458333333338
0 0.1979245283018868 0.34138541666666666 0.16683018867924532 0.05910416666666667
0 0.215 0.39125000000000004 0.21147169811320757 0.06744791666666666
0 0.25867924528301883 0.4429166666666667 0.22003773584905661 0.0888333333333333
0 0.3328867924528302 0.49621875 0.23186792452830185 0.09246874999999997
0 0.4419056603773585 0.5428125 0.24241509433962258 0.09572916666666677
0 0.547622641509434 0.5997395833333333 0.28841509433962265 0.09500000000000004
0 0.6211698113207548 0.6661041666666667 0.2792452830188679 0.08630208333333324
0 0.6477735849056604 0.74296875 0.29566037735849043 0.07832291666666673
0 0.6372264150943396 0.8205729166666667 0.30192452830188676 0.08267708333333322
0 0.6133018867924529 0.9036041666666667 0.3252075471698114 0.07832291666666673