0 0.5962075471698114 0.9007083333333333 0.3222264150943396 0.09656250000000005
0 0.6010754716981132 0.8294479166666666 0.3296792452830189 0.08125
0 0.6036415094339623 0.7620520833333334 0.32450943396226417 0.08660416666666677
0 0.5683396226415095 0.6919687499999999 0.29790566037735844 0.07838541666666667
0 0.49686792452830186 0.6212604166666666 0.2807547169811322 0.08406250000000005
0 0.44452830188679243 0.56096875 0.28933962264150936 0.09415625000000011
0 0.3836415094339623 0.5045416666666667 0.25558490566037734 0.06810416666666655
0 0.33262264150943394 0.45079166666666665 0.260433962264151 0.06826041666666664
0 0.3576415094339623 0.39689583333333334 0.2790188679245283 0.07504166666666663
0 0.36920754716981136 0.35119791666666667 0.23298113207547172 0.05909375000000002
0 0.41437735849056606 0.3021979166666667 0.2856037735849057 0.09396875000000003
0 0.47284905660377363 0.2549166666666667 0.22013207547169802 0.06539583333333336
0 0.517867924528302 0.21293749999999997 0.2558867924528302 0.06728124999999997
0 0.5318867924528301 0.16345833333333332 0.25645283018867915 0.05260416666666667
0 0.5294528301886793 0.11972916666666666 0.23271698113207553 0.06428124999999998
0 0.5073018867924528 0.07775 0.21984905660377355 0.053541666666666675
0 0.47956603773584905 0.039864583333333335 0.25245283018867926 0.0566875