0 0.5308867924528302 0.9101770833333334 0.2698867924528301 0.08078124999999996
0 0.554188679245283 0.8606979166666666 0.26903773584905666 0.06925000000000002
0 0.623943396226415 0.7924375 0.22673584905660368 0.0605625000000001
0 0.6649622641509434 0.7154062499999999 0.2018679245283019 0.06623958333333325
0 0.6470943396226415 0.6570937499999999 0.19756603773584913 0.06291666666666676
0 0.6059245283018868 0.5867708333333332 0.20611320754716983 0.07095833333333322
0 0.5420188679245282 0.5406875 0.21384905660377365 0.07094791666666657
0 0.4835471698113207 0.49057291666666664 0.2026981132075473 0.06541666666666662
0 0.4396792452830189 0.4310625 0.1852641509433962 0.05657291666666673
0 0.4311132075471698 0.3779583333333333 0.16809433962264156 0.06493750000000004
0 0.4398301886792453 0.32855208333333336 0.1792452830188679 0.05640624999999998
0 0.45469811320754716 0.2762291666666667 0.18383018867924542 0.06634374999999994
0 0.47871698113207545 0.23353125 0.18154716981132069 0.05387500000000003
0 0.5127358490566037 0.18972916666666664 0.13637735849056598 0.05307291666666666
0 0.5278867924528301 0.14759375 0.12894339622641515 0.05212500000000002
0 0.5398867924528301 0.10315625 0.127811320754717 0.043125000000000004
0 0.5327547169811321 0.061552083333333334 0.1411509433962263 0.031031249999999993