0 0.5152830188679246 0.053677083333333334 0.23898113207547164 0.045208333333333336
0 0.5184716981132076 0.09217708333333333 0.22747169811320767 0.05580208333333333
0 0.5235849056603774 0.13879166666666667 0.2223584905660378 0.05580208333333333
0 0.5203962264150943 0.18434375 0.22364150943396222 0.05509374999999998
0 0.508245283018868 0.22425 0.22492452830188686 0.06286458333333336
0 0.498 0.27616666666666667 0.22747169811320767 0.06497916666666666
0 0.49096226415094335 0.32137499999999997 0.23899999999999993 0.062156249999999955
0 0.4749811320754717 0.36940625 0.2505094339622641 0.06780208333333336
0 0.46858490566037736 0.4216666666666667 0.24283018867924527 0.05933333333333337
0 0.47115094339622643 0.472875 0.24539622641509434 0.06568750000000007
0 0.4775471698113207 0.5332708333333334 0.258188679245283 0.07204166666666663
0 0.48456603773584905 0.5922395833333333 0.25179245283018853 0.06710416666666674
0 0.49416981132075477 0.65334375 0.24794339622641504 0.06215625000000007
0 0.5005660377358491 0.7137291666666666 0.255622641509434 0.06851041666666664
0 0.498 0.7833020833333334 0.2607358490566037 0.07769791666666657
0 0.4871320754716981 0.85428125 0.2671320754716982 0.07698958333333342
0 0.4858490566037736 0.9284479166666666 0.3694716981132074 0.08546874999999995