0 0.36903773584905664 0.8302395833333333 0.37224528301886795 0.07885416666666671
0 0.34213207547169816 0.7513854166666667 0.335 0.08113541666666677
0 0.3359245283018868 0.6811041666666667 0.3225849056603773 0.07770833333333324
0 0.49528301886792453 0.5582604166666666 0.2976792452830188 0.07200000000000012
0 0.5842641509433962 0.52396875 0.2769811320754718 0.05828125000000005
0 0.6835849056603773 0.48740625000000004 0.26456603773584914 0.07428125000000006
0 0.8036792452830188 0.46340625 0.26115094339622635 0.0628541666666667
0 0.851188679245283 0.41768750000000004 0.22733962264150945 0.0628541666666667
0 0.5325471698113208 0.1439895833333333 0.21490566037735845 0.05028124999999998
0 0.5708490566037736 0.18398958333333332 0.29969811320754725 0.06857291666666665
0 0.6008490566037735 0.23313541666666668 0.25622641509433974 0.07770833333333335
0 0.6505283018867924 0.27369791666666665 0.22309433962264152 0.053708333333333275
0 0.7384716981132076 0.309125 0.20032075471698105 0.049135416666666626
0 0.8109056603773585 0.3365520833333333 0.1878301886792452 0.05370833333333339
0 0.8471320754716981 0.3702708333333333 0.22305660377358497 0.04800000000000004
0 0.4270754716981132 0.6085416666666668 0.3480188679245283 0.07885416666666671
0 0.42237735849056607 0.89090625 0.2958679245283018 0.06588541666666667