0 0.6923018867924529 0.8315625 0.2707169811320755 0.07191666666666663
0 0.6769056603773584 0.75278125 0.2749811320754717 0.0749270833333334
0 0.6310377358490565 0.6818333333333333 0.27520754716981133 0.08230208333333332
0 0.5263584905660378 0.62421875 0.29616981132075476 0.08897916666666675
0 0.40358490566037736 0.5663750000000001 0.2606981132075472 0.07984375000000009
0 0.3066981132075472 0.5213125 0.26 0.07645833333333331
0 0.2138679245283019 0.46942708333333333 0.23067924528301886 0.0805416666666666
0 0.17239622641509436 0.41381249999999997 0.24275471698113202 0.06426041666666672
0 0.16213207547169814 0.3661770833333333 0.24301886792452831 0.05915624999999996
0 0.2099245283018868 0.31763541666666667 0.21092452830188677 0.07216666666666664
0 0.2499245283018868 0.27371874999999996 0.19260377358490563 0.06177083333333329
0 0.29432075471698116 0.22357291666666665 0.20177358490566039 0.06347916666666667
0 0.3608490566037736 0.18246874999999999 0.2217924528301887 0.06385416666666668
0 0.3946415094339623 0.14538541666666666 0.2042641509433962 0.06267708333333336
0 0.4340566037735849 0.09997916666666667 0.22271698113207541 0.06935416666666668
0 0.4740754716981132 0.05748958333333333 0.2255471698113207 0.05889583333333333
0 0.6549622641509434 0.9018437499999999 0.2928867924528302 0.07131250000000004